1 0.4266826923076923 0.027644230769230768 0.03125 0.055288461538461536
1 0.45552884615384615 0.25 0.02283653846153846 0.15985576923076922
2 0.09134615384615384 0.2848557692307692 0.037259615384615384 0.14903846153846154
2 0.037259615384615384 0.33052884615384615 0.039663461538461536 0.11177884615384616
1 0.33413461538461536 0.3858173076923077 0.021634615384615384 0.15384615384615385
4 0.5504807692307693 0.04567307692307692 0.039663461538461536 0.08653846153846154
1 0.9146634615384616 0.051682692307692304 0.026442307692307692 0.10336538461538461
4 0.5973557692307693 0.08413461538461539 0.03485576923076923 0.0985576923076923
1 0.8533653846153846 0.1045673076923077 0.02403846153846154 0.12259615384615384
2 0.7584134615384616 0.20793269230769232 0.036057692307692304 0.07932692307692307
3 0.5264423076923077 0.23798076923076922 0.02403846153846154 0.055288461538461536
0 0.5612980769230769 0.27163461538461536 0.03125 0.07572115384615384
2 0.765625 0.29927884615384615 0.038461538461538464 0.09735576923076923
4 0.5120192307692307 0.3762019230769231 0.030048076923076924 0.08653846153846154
2 0.7211538461538461 0.40024038461538464 0.028846153846153848 0.09375
1 0.7319711538461539 0.5180288461538461 0.03485576923076923 0.12740384615384615
4 0.4182692307692308 0.7379807692307693 0.02403846153846154 0.038461538461538464
2 0.22716346153846154 0.7403846153846154 0.026442307692307692 0.04326923076923077
2 0.3401442307692308 0.7548076923076923 0.026442307692307692 0.07211538461538461
1 0.021634615384615384 0.8221153846153846 0.02403846153846154 0.0889423076923077
4 0.45552884615384615 0.9783653846153846 0.03125 0.038461538461538464
1 0.32091346153846156 0.9867788461538461 0.026442307692307692 0.021634615384615384
1 0.7824519230769231 0.8521634615384616 0.020432692307692308 0.08653846153846154
4 0.9855769230769231 0.90625 0.02403846153846154 0.08173076923076923
1 0.859375 0.9338942307692307 0.021634615384615384 0.0829326923076923
2 0.8149038461538461 0.9735576923076923 0.028846153846153848 0.04807692307692308