4 0.38100961538461536 0.17427884615384615 0.038461538461538464 0.12259615384615384
1 0.05889423076923077 0.1875 0.037259615384615384 0.1310096153846154
2 0.2692307692307692 0.21754807692307693 0.03125 0.09134615384615384
4 0.5276442307692307 0.2548076923076923 0.015625 0.042067307692307696
3 0.5504807692307693 0.33413461538461536 0.030048076923076924 0.15384615384615385
0 0.35216346153846156 0.3786057692307692 0.04567307692307692 0.09495192307692307
1 0.20192307692307693 0.07451923076923077 0.028846153846153848 0.1310096153846154
4 0.2980769230769231 0.07572115384615384 0.05048076923076923 0.11658653846153846
2 0.8834134615384616 0.014423076923076924 0.026442307692307692 0.028846153846153848
1 0.6923076923076923 0.026442307692307692 0.019230769230769232 0.052884615384615384
2 0.9086538461538461 0.10096153846153846 0.018028846153846152 0.09375
2 0.9471153846153846 0.24519230769230768 0.020432692307692308 0.09375
1 0.7163461538461539 0.3112980769230769 0.016826923076923076 0.10216346153846154
1 0.11778846153846154 0.5637019230769231 0.030048076923076924 0.09495192307692307
3 0.34375 0.5661057692307693 0.03125 0.08774038461538461
0 0.38461538461538464 0.5949519230769231 0.027644230769230768 0.0829326923076923
4 0.27884615384615385 0.7331730769230769 0.036057692307692304 0.11177884615384616
2 0.5036057692307693 0.7415865384615384 0.025240384615384616 0.12980769230769232
4 0.234375 0.8725961538461539 0.042067307692307696 0.13221153846153846
1 0.5348557692307693 0.9134615384615384 0.027644230769230768 0.1310096153846154
1 0.7391826923076923 0.45552884615384615 0.036057692307692304 0.055288461538461536
4 0.8125 0.46634615384615385 0.04807692307692308 0.07692307692307693
4 0.703125 0.4795673076923077 0.040865384615384616 0.10336538461538461
1 0.578125 0.49278846153846156 0.016826923076923076 0.125
0 0.703125 0.6165865384615384 0.042067307692307696 0.06490384615384616
3 0.7475961538461539 0.6346153846153846 0.03485576923076923 0.1310096153846154
4 0.9903846153846154 0.671875 0.014423076923076924 0.1466346153846154
4 0.5817307692307693 0.7560096153846154 0.02403846153846154 0.14182692307692307
4 0.671875 0.7824519230769231 0.04567307692307692 0.04807692307692308
4 0.6706730769230769 0.8545673076923077 0.05048076923076923 0.10817307692307693