1 0.3449519230769231 0.1201923076923077 0.02283653846153846 0.08653846153846154
1 0.1310096153846154 0.25 0.02403846153846154 0.10216346153846154
1 0.3329326923076923 0.3245192307692308 0.018028846153846152 0.0829326923076923
2 0.3269230769230769 0.36899038461538464 0.028846153846153848 0.0733173076923077
2 0.19110576923076922 0.4326923076923077 0.019230769230769232 0.07091346153846154
2 0.7127403846153846 0.014423076923076924 0.040865384615384616 0.028846153846153848
4 0.5949519230769231 0.03485576923076923 0.042067307692307696 0.042067307692307696
4 0.4891826923076923 0.04807692307692308 0.027644230769230768 0.06009615384615385
2 0.7692307692307693 0.057692307692307696 0.02283653846153846 0.1141826923076923
3 0.4879807692307692 0.12740384615384615 0.025240384615384616 0.09735576923076923
0 0.6153846153846154 0.17067307692307693 0.03365384615384615 0.0733173076923077
2 0.7644230769230769 0.19951923076923078 0.026442307692307692 0.10096153846153846
2 0.6971153846153846 0.4362980769230769 0.02403846153846154 0.0985576923076923
4 0.5072115384615384 0.44350961538461536 0.03365384615384615 0.08413461538461539
1 0.9387019230769231 0.46153846153846156 0.03125 0.04807692307692308
3 0.3701923076923077 0.5817307692307693 0.030048076923076924 0.11298076923076923
0 0.22115384615384615 0.6165865384615384 0.040865384615384616 0.09134615384615384
2 0.052884615384615384 0.6177884615384616 0.03125 0.1045673076923077
4 0.40625 0.6706730769230769 0.027644230769230768 0.10096153846153846
2 0.09014423076923077 0.7379807692307693 0.02403846153846154 0.10336538461538461
4 0.27884615384615385 0.7620192307692307 0.030048076923076924 0.0673076923076923
4 0.3137019230769231 0.8004807692307693 0.04807692307692308 0.08052884615384616
1 0.22956730769230768 0.8737980769230769 0.02403846153846154 0.10697115384615384
2 0.9867788461538461 0.5925480769230769 0.021634615384615384 0.06490384615384616
1 0.8966346153846154 0.6009615384615384 0.025240384615384616 0.0985576923076923
2 0.8846153846153846 0.7019230769230769 0.02403846153846154 0.06850961538461539
1 0.5408653846153846 0.7163461538461539 0.02403846153846154 0.07692307692307693
2 0.8689903846153846 0.8028846153846154 0.02403846153846154 0.10697115384615384
2 0.9711538461538461 0.8725961538461539 0.03245192307692308 0.07932692307692307