2 0.30408653846153844 0.026442307692307692 0.06009615384615385 0.052884615384615384
1 0.40865384615384615 0.037259615384615384 0.04326923076923077 0.07451923076923077
4 0.030048076923076924 0.038461538461538464 0.036057692307692304 0.07692307692307693
3 0.006009615384615385 0.06009615384615385 0.01201923076923077 0.1201923076923077
0 0.1622596153846154 0.11538461538461539 0.036057692307692304 0.07091346153846154
2 0.3641826923076923 0.1502403846153846 0.037259615384615384 0.12740384615384615
2 0.30649038461538464 0.22596153846153846 0.042067307692307696 0.13701923076923078
4 0.030048076923076924 0.24879807692307693 0.06009615384615385 0.12139423076923077
2 0.054086538461538464 0.3004807692307692 0.039663461538461536 0.1466346153846154
1 0.15865384615384615 0.38221153846153844 0.03365384615384615 0.028846153846153848
1 0.9855769230769231 0.018028846153846152 0.02403846153846154 0.036057692307692304
1 0.8353365384615384 0.3762019230769231 0.026442307692307692 0.040865384615384616
4 0.3858173076923077 0.41466346153846156 0.026442307692307692 0.03125
2 0.21634615384615385 0.43028846153846156 0.014423076923076924 0.0625
3 0.38221153846153844 0.45913461538461536 0.03125 0.10216346153846154
0 0.27163461538461536 0.46634615384615385 0.026442307692307692 0.11057692307692307
2 0.2283653846153846 0.5901442307692307 0.01201923076923077 0.0625
4 0.32091346153846156 0.59375 0.020432692307692308 0.09615384615384616
1 0.2548076923076923 0.6935096153846154 0.019230769230769232 0.09975961538461539
4 0.37740384615384615 0.8737980769230769 0.037259615384615384 0.1045673076923077
1 0.0673076923076923 0.9074519230769231 0.019230769230769232 0.11057692307692307
4 0.9771634615384616 0.5216346153846154 0.03365384615384615 0.07451923076923077
1 0.9038461538461539 0.5276442307692307 0.020432692307692308 0.07451923076923077
2 0.8930288461538461 0.6670673076923077 0.030048076923076924 0.07451923076923077
1 0.6646634615384616 0.6838942307692307 0.025240384615384616 0.08774038461538461
0 0.9927884615384616 0.7211538461538461 0.009615384615384616 0.052884615384615384
2 0.8990384615384616 0.7463942307692307 0.025240384615384616 0.06610576923076923
2 0.8990384615384616 0.84375 0.025240384615384616 0.09014423076923077
1 0.9567307692307693 0.9182692307692307 0.02403846153846154 0.08173076923076923
1 0.8533653846153846 0.9819711538461539 0.03365384615384615 0.03125