2 0.45913461538461536 0.028846153846153848 0.026442307692307692 0.046875
4 0.3713942307692308 0.039663461538461536 0.025240384615384616 0.05889423076923077
4 0.30288461538461536 0.09735576923076923 0.02403846153846154 0.054086538461538464
0 0.4495192307692308 0.16466346153846154 0.03485576923076923 0.054086538461538464
3 0.30528846153846156 0.17427884615384615 0.019230769230769232 0.1141826923076923
4 0.32211538461538464 0.23677884615384615 0.021634615384615384 0.08413461538461539
2 0.5036057692307693 0.2644230769230769 0.028846153846153848 0.07091346153846154
0 0.5901442307692307 0.04927884615384615 0.026442307692307692 0.042067307692307696
2 0.6153846153846154 0.10817307692307693 0.026442307692307692 0.0889423076923077
2 0.5817307692307693 0.1971153846153846 0.025240384615384616 0.0889423076923077
1 0.6021634615384616 0.39663461538461536 0.019230769230769232 0.09735576923076923
1 0.46274038461538464 0.4855769230769231 0.021634615384615384 0.07211538461538461
4 0.3233173076923077 0.5456730769230769 0.02283653846153846 0.06850961538461539
2 0.41466346153846156 0.5625 0.025240384615384616 0.0889423076923077
4 0.36177884615384615 0.5901442307692307 0.018028846153846152 0.0829326923076923
4 0.3076923076923077 0.6105769230769231 0.026442307692307692 0.0733173076923077
2 0.48677884615384615 0.6730769230769231 0.016826923076923076 0.021634615384615384
4 0.12379807692307693 0.6742788461538461 0.018028846153846152 0.09134615384615384
3 0.3076923076923077 0.6887019230769231 0.02283653846153846 0.06490384615384616
0 0.34134615384615385 0.7211538461538461 0.03125 0.07211538461538461
2 0.484375 0.734375 0.021634615384615384 0.09975961538461539
2 0.35216346153846156 0.8185096153846154 0.019230769230769232 0.1045673076923077
4 0.25841346153846156 0.9747596153846154 0.036057692307692304 0.04567307692307692
1 0.3401442307692308 0.9807692307692307 0.026442307692307692 0.03365384615384615
2 0.8161057692307693 0.5060096153846154 0.026442307692307692 0.11298076923076923
0 0.9639423076923077 0.5685096153846154 0.03125 0.09134615384615384
2 0.75 0.5877403846153846 0.040865384615384616 0.1310096153846154
1 0.6201923076923077 0.6634615384615384 0.037259615384615384 0.12860576923076922
4 0.8677884615384616 0.7007211538461539 0.042067307692307696 0.1141826923076923
1 0.8137019230769231 0.8112980769230769 0.037259615384615384 0.12860576923076922
4 0.9158653846153846 0.8125 0.06610576923076923 0.13581730769230768