4 0.3137019230769231 0.01201923076923077 0.040865384615384616 0.02403846153846154
1 0.3942307692307692 0.020432692307692308 0.03365384615384615 0.040865384615384616
4 0.2548076923076923 0.09615384615384616 0.042067307692307696 0.09495192307692307
1 0.3449519230769231 0.10216346153846154 0.028846153846153848 0.08653846153846154
2 0.30408653846153844 0.25721153846153844 0.039663461538461536 0.08774038461538461
3 0.04447115384615385 0.35216346153846156 0.039663461538461536 0.13581730769230768
2 0.4014423076923077 0.3605769230769231 0.03245192307692308 0.12139423076923077
0 0.20432692307692307 0.3786057692307692 0.027644230769230768 0.0625
4 0.006009615384615385 0.4326923076923077 0.01201923076923077 0.11538461538461539
2 0.3870192307692308 0.4543269230769231 0.028846153846153848 0.15745192307692307
4 0.14423076923076922 0.5132211538461539 0.03365384615384615 0.140625
4 0.07091346153846154 0.5649038461538461 0.036057692307692304 0.10096153846153846
1 0.2247596153846154 0.5612980769230769 0.03125 0.10817307692307693
2 0.6838942307692307 0.025240384615384616 0.021634615384615384 0.05048076923076923
1 0.9555288461538461 0.08052884615384616 0.020432692307692308 0.09014423076923077
0 0.6129807692307693 0.1502403846153846 0.028846153846153848 0.06971153846153846
2 0.7379807692307693 0.19591346153846154 0.019230769230769232 0.09254807692307693
2 0.6117788461538461 0.28725961538461536 0.026442307692307692 0.055288461538461536
1 0.6201923076923077 0.3629807692307692 0.019230769230769232 0.10697115384615384
1 0.9663461538461539 0.3798076923076923 0.018028846153846152 0.10697115384615384
1 0.6310096153846154 0.5733173076923077 0.026442307692307692 0.08413461538461539
1 0.08533653846153846 0.6370192307692307 0.021634615384615384 0.038461538461538464
4 0.3954326923076923 0.6622596153846154 0.03125 0.0889423076923077
1 0.11298076923076923 0.6911057692307693 0.025240384615384616 0.11538461538461539
4 0.3701923076923077 0.7115384615384616 0.03485576923076923 0.09495192307692307
4 0.41947115384615385 0.7536057692307693 0.030048076923076924 0.0673076923076923
2 0.28846153846153844 0.7584134615384616 0.027644230769230768 0.0673076923076923
2 0.34615384615384615 0.8353365384615384 0.038461538461538464 0.07692307692307693
3 0.5612980769230769 0.8677884615384616 0.028846153846153848 0.09254807692307693
0 0.40865384615384615 0.9146634615384616 0.03365384615384615 0.08413461538461539
4 0.5841346153846154 0.9399038461538461 0.02403846153846154 0.11538461538461539
1 0.3641826923076923 0.9639423076923077 0.040865384615384616 0.0673076923076923
1 0.3125 0.9807692307692307 0.028846153846153848 0.03365384615384615
4 0.8701923076923077 0.6358173076923077 0.03365384615384615 0.036057692307692304
4 0.828125 0.6478365384615384 0.04567307692307692 0.06009615384615385