2 0.12860576923076922 0.11057692307692307 0.02283653846153846 0.09014423076923077
2 0.06971153846153846 0.15865384615384615 0.037259615384615384 0.0733173076923077
0 0.008413461538461538 0.2848557692307692 0.016826923076923076 0.06971153846153846
2 0.009615384615384616 0.44711538461538464 0.019230769230769232 0.09615384615384616
4 0.051682692307692304 0.008413461538461538 0.03125 0.016826923076923076
1 0.1466346153846154 0.016826923076923076 0.019230769230769232 0.03365384615384615
4 0.84375 0.010817307692307692 0.03365384615384615 0.021634615384615384
2 0.6057692307692307 0.02403846153846154 0.028846153846153848 0.04807692307692308
3 0.9254807692307693 0.07932692307692307 0.028846153846153848 0.10576923076923077
0 0.7548076923076923 0.08533653846153846 0.03485576923076923 0.057692307692307696
4 0.6478365384615384 0.1045673076923077 0.03245192307692308 0.11298076923076923
4 0.9302884615384616 0.17908653846153846 0.042067307692307696 0.13822115384615385
2 0.6442307692307693 0.23197115384615385 0.027644230769230768 0.1201923076923077
4 0.7079326923076923 0.4411057692307692 0.038461538461538464 0.1201923076923077
1 0.6069711538461539 0.44711538461538464 0.05048076923076923 0.1201923076923077
2 0.36658653846153844 0.5889423076923077 0.021634615384615384 0.10096153846153846
1 0.06850961538461539 0.6165865384615384 0.021634615384615384 0.11298076923076923
2 0.37259615384615385 0.7295673076923077 0.009615384615384616 0.09375
1 0.11538461538461539 0.8677884615384616 0.02283653846153846 0.13942307692307693
4 0.7223557692307693 0.5204326923076923 0.036057692307692304 0.021634615384615384
1 0.7704326923076923 0.53125 0.026442307692307692 0.04326923076923077
4 0.7415865384615384 0.5552884615384616 0.028846153846153848 0.06610576923076923
4 0.5793269230769231 0.59375 0.02283653846153846 0.07932692307692307
2 0.78125 0.6298076923076923 0.025240384615384616 0.10096153846153846
3 0.5480769230769231 0.6322115384615384 0.028846153846153848 0.09495192307692307
0 0.6862980769230769 0.6634615384615384 0.026442307692307692 0.057692307692307696
4 0.6021634615384616 0.7463942307692307 0.025240384615384616 0.10096153846153846
2 0.6875 0.7680288461538461 0.026442307692307692 0.09134615384615384
1 0.9098557692307693 0.8040865384615384 0.019230769230769232 0.09975961538461539
4 0.6189903846153846 0.8701923076923077 0.026442307692307692 0.10216346153846154
1 0.6778846153846154 0.8966346153846154 0.027644230769230768 0.09134615384615384
4 0.5649038461538461 0.9459134615384616 0.039663461538461536 0.09375
1 0.8064903846153846 0.9747596153846154 0.03125 0.04567307692307692