4 0.203125 0.04807692307692308 0.036057692307692304 0.09615384615384616
1 0.2692307692307692 0.05048076923076923 0.03125 0.08774038461538461
2 0.09735576923076923 0.2920673076923077 0.056490384615384616 0.09254807692307693
1 0.20072115384615385 0.29927884615384615 0.040865384615384616 0.12139423076923077
4 0.7992788461538461 0.04567307692307692 0.040865384615384616 0.09134615384615384
3 0.16346153846153846 0.6887019230769231 0.014423076923076924 0.07451923076923077
2 0.3701923076923077 0.6983173076923077 0.014423076923076924 0.09495192307692307
0 0.21754807692307693 0.7223557692307693 0.03125 0.046875
2 0.36177884615384615 0.8100961538461539 0.016826923076923076 0.0829326923076923
4 0.17548076923076922 0.8365384615384616 0.025240384615384616 0.10817307692307693
1 0.5060096153846154 0.953125 0.025240384615384616 0.09134615384615384
1 0.2776442307692308 0.9675480769230769 0.021634615384615384 0.06009615384615385
4 0.14903846153846154 0.9723557692307693 0.03365384615384615 0.05048076923076923
4 0.2091346153846154 0.4567307692307692 0.027644230769230768 0.078125
1 0.4026442307692308 0.45913461538461536 0.02403846153846154 0.06129807692307692
4 0.8257211538461539 0.41586538461538464 0.021634615384615384 0.07211538461538461
1 0.65625 0.4543269230769231 0.014423076923076924 0.07932692307692307
2 0.6802884615384616 0.5240384615384616 0.009615384615384616 0.0829326923076923
4 0.7728365384615384 0.5985576923076923 0.016826923076923076 0.0733173076923077
2 0.59375 0.6021634615384616 0.018028846153846152 0.08052884615384616
4 0.6598557692307693 0.6105769230769231 0.014423076923076924 0.07451923076923077
4 0.7259615384615384 0.6105769230769231 0.021634615384615384 0.03365384615384615
4 0.6322115384615384 0.6658653846153846 0.016826923076923076 0.0733173076923077
0 0.6814903846153846 0.6802884615384616 0.02403846153846154 0.04567307692307692
3 0.7776442307692307 0.703125 0.02403846153846154 0.08653846153846154
4 0.5985576923076923 0.7091346153846154 0.014423076923076924 0.08052884615384616
4 0.8605769230769231 0.7307692307692307 0.013221153846153846 0.09254807692307693
2 0.5745192307692307 0.7331730769230769 0.009615384615384616 0.09134615384615384