4 0.0625 0.025240384615384616 0.03365384615384615 0.05048076923076923
1 0.2800480769230769 0.03245192307692308 0.026442307692307692 0.06490384615384616
2 0.12980769230769232 0.14783653846153846 0.039663461538461536 0.06850961538461539
1 0.6538461538461539 0.18990384615384615 0.027644230769230768 0.09254807692307693
2 0.22355769230769232 0.21394230769230768 0.028846153846153848 0.09615384615384616
3 0.028846153846153848 0.25 0.026442307692307692 0.0625
0 0.06009615384615385 0.2668269230769231 0.025240384615384616 0.06370192307692307
2 0.23317307692307693 0.3269230769230769 0.030048076923076924 0.09615384615384616
4 0.019230769230769232 0.3798076923076923 0.038461538461538464 0.0673076923076923
2 0.12980769230769232 0.41947115384615385 0.028846153846153848 0.09375
2 0.9819711538461539 0.018028846153846152 0.016826923076923076 0.036057692307692304
2 0.9735576923076923 0.020432692307692308 0.02403846153846154 0.040865384615384616
1 0.84375 0.1141826923076923 0.027644230769230768 0.07211538461538461
4 0.9423076923076923 0.1935096153846154 0.030048076923076924 0.09134615384615384
4 0.7848557692307693 0.3269230769230769 0.037259615384615384 0.0985576923076923
4 0.3233173076923077 0.6538461538461539 0.03485576923076923 0.0829326923076923
1 0.5600961538461539 0.6682692307692307 0.020432692307692308 0.0889423076923077
2 0.3954326923076923 0.7307692307692307 0.027644230769230768 0.05889423076923077
3 0.24879807692307693 0.8064903846153846 0.025240384615384616 0.0829326923076923
0 0.35697115384615385 0.8064903846153846 0.036057692307692304 0.055288461538461536
1 0.5348557692307693 0.9627403846153846 0.026442307692307692 0.06971153846153846
4 0.3293269230769231 0.9855769230769231 0.038461538461538464 0.02403846153846154
1 0.5685096153846154 0.5408653846153846 0.025240384615384616 0.07451923076923077
4 0.2920673076923077 0.5552884615384616 0.038461538461538464 0.06971153846153846