0 0.01201923076923077 0.019230769230769232 0.02403846153846154 0.038461538461538464
2 0.13221153846153846 0.037259615384615384 0.02403846153846154 0.07451923076923077
2 0.006009615384615385 0.1346153846153846 0.01201923076923077 0.09615384615384616
1 0.056490384615384616 0.27884615384615385 0.019230769230769232 0.0985576923076923
1 0.3762019230769231 0.3088942307692308 0.020432692307692308 0.11177884615384616
2 0.7824519230769231 0.028846153846153848 0.03125 0.057692307692307696
2 0.6706730769230769 0.078125 0.025240384615384616 0.10697115384615384
4 0.5817307692307693 0.09975961538461539 0.037259615384615384 0.08653846153846154
4 0.19230769230769232 0.4963942307692308 0.02403846153846154 0.0673076923076923
4 0.2091346153846154 0.6310096153846154 0.027644230769230768 0.0625
2 0.007211538461538462 0.7043269230769231 0.014423076923076924 0.08173076923076923
3 0.3449519230769231 0.7463942307692307 0.019230769230769232 0.09375
0 0.22596153846153846 0.7764423076923077 0.026442307692307692 0.05048076923076923
4 0.3798076923076923 0.8209134615384616 0.020432692307692308 0.078125
2 0.037259615384615384 0.8425480769230769 0.021634615384615384 0.07932692307692307
1 0.10697115384615384 0.9447115384615384 0.02283653846153846 0.08774038461538461
4 0.32091346153846156 0.9855769230769231 0.03125 0.02403846153846154
3 0.5913461538461539 0.40625 0.014423076923076924 0.052884615384615384
0 0.7127403846153846 0.43028846153846156 0.03365384615384615 0.0673076923076923
2 0.8557692307692307 0.5132211538461539 0.020432692307692308 0.09134615384615384
4 0.6706730769230769 0.5216346153846154 0.02283653846153846 0.08653846153846154
4 0.6141826923076923 0.6442307692307693 0.030048076923076924 0.07451923076923077
1 0.8942307692307693 0.7043269230769231 0.025240384615384616 0.08653846153846154
4 0.5432692307692307 0.8774038461538461 0.036057692307692304 0.08653846153846154
4 0.8137019230769231 0.9254807692307693 0.027644230769230768 0.09975961538461539