4 0.22235576923076922 0.02403846153846154 0.03125 0.04807692307692308
2 0.359375 0.056490384615384616 0.025240384615384616 0.08533653846153846
4 0.09134615384615384 0.09254807692307693 0.026442307692307692 0.08173076923076923
0 0.2608173076923077 0.14302884615384615 0.03365384615384615 0.0673076923076923
3 0.11778846153846154 0.15264423076923078 0.028846153846153848 0.1141826923076923
4 0.2644230769230769 0.27163461538461536 0.036057692307692304 0.1045673076923077
2 0.44471153846153844 0.27283653846153844 0.027644230769230768 0.09375
2 0.41346153846153844 0.38221153846153844 0.037259615384615384 0.10096153846153846
4 0.28125 0.38221153846153844 0.03125 0.09375
4 0.25841346153846156 0.45072115384615385 0.038461538461538464 0.09735576923076923
1 0.4807692307692308 0.45072115384615385 0.02403846153846154 0.10817307692307693
1 0.8004807692307693 0.028846153846153848 0.02403846153846154 0.057692307692307696
2 0.9747596153846154 0.03485576923076923 0.03125 0.06971153846153846
2 0.9735576923076923 0.14423076923076922 0.02403846153846154 0.09375
4 0.08052884615384616 0.5504807692307693 0.03125 0.02403846153846154
2 0.23918269230769232 0.5576923076923077 0.026442307692307692 0.038461538461538464
1 0.4362980769230769 0.5697115384615384 0.026442307692307692 0.0625
4 0.038461538461538464 0.5913461538461539 0.021634615384615384 0.09495192307692307
2 0.2403846153846154 0.625 0.015625 0.11177884615384616
4 0.014423076923076924 0.6334134615384616 0.028846153846153848 0.0889423076923077
1 0.32091346153846156 0.8401442307692307 0.020432692307692308 0.11538461538461539
4 0.025240384615384616 0.8870192307692307 0.028846153846153848 0.09615384615384616
2 0.8617788461538461 0.5528846153846154 0.021634615384615384 0.028846153846153848
4 0.9879807692307693 0.5709134615384616 0.019230769230769232 0.06490384615384616
1 0.7223557692307693 0.5841346153846154 0.026442307692307692 0.09134615384615384
2 0.875 0.7163461538461539 0.02283653846153846 0.08533653846153846
2 0.828125 0.7788461538461539 0.03245192307692308 0.06850961538461539
0 0.9447115384615384 0.7800480769230769 0.038461538461538464 0.06850961538461539
1 0.7980769230769231 0.8762019230769231 0.02403846153846154 0.10576923076923077
4 0.9483173076923077 0.921875 0.037259615384615384 0.07692307692307693
1 0.6935096153846154 0.9519230769230769 0.026442307692307692 0.09134615384615384