4 0.054086538461538464 0.007211538461538462 0.03125 0.014423076923076924
2 0.28966346153846156 0.05889423076923077 0.021634615384615384 0.11778846153846154
0 0.10216346153846154 0.12980769230769232 0.04447115384615385 0.08533653846153846
2 0.2692307692307692 0.20673076923076922 0.020432692307692308 0.12379807692307693
1 0.42908653846153844 0.32572115384615385 0.019230769230769232 0.11899038461538461
4 0.007211538461538462 0.5793269230769231 0.014423076923076924 0.125
1 0.0985576923076923 0.5913461538461539 0.02283653846153846 0.13221153846153846
4 0.7836538461538461 0.05048076923076923 0.037259615384615384 0.10096153846153846
4 0.7079326923076923 0.18269230769230768 0.04326923076923077 0.12379807692307693
4 0.6586538461538461 0.25721153846153844 0.040865384615384616 0.10697115384615384
2 0.7884615384615384 0.26322115384615385 0.02283653846153846 0.1310096153846154
2 0.9098557692307693 0.32091346153846156 0.026442307692307692 0.07692307692307693
2 0.9110576923076923 0.4098557692307692 0.026442307692307692 0.1310096153846154
0 0.6490384615384616 0.4639423076923077 0.03125 0.06610576923076923
2 0.6586538461538461 0.5841346153846154 0.02403846153846154 0.11177884615384616
1 0.8966346153846154 0.5925480769230769 0.02403846153846154 0.14543269230769232
4 0.46875 0.6923076923076923 0.03365384615384615 0.028846153846153848
1 0.040865384615384616 0.7091346153846154 0.014423076923076924 0.0625
2 0.27403846153846156 0.7103365384615384 0.02403846153846154 0.06490384615384616
2 0.33653846153846156 0.75 0.021634615384615384 0.06610576923076923
0 0.3557692307692308 0.8389423076923077 0.021634615384615384 0.042067307692307696
3 0.5072115384615384 0.8557692307692307 0.02403846153846154 0.10096153846153846
2 0.17067307692307693 0.9399038461538461 0.025240384615384616 0.07932692307692307
2 0.2704326923076923 0.9567307692307693 0.038461538461538464 0.06610576923076923
1 0.052884615384615384 0.9855769230769231 0.03365384615384615 0.02403846153846154
1 0.8581730769230769 0.6899038461538461 0.014423076923076924 0.02403846153846154
4 0.6502403846153846 0.7487980769230769 0.014423076923076924 0.0673076923076923
3 0.6538461538461539 0.78125 0.020432692307692308 0.09014423076923077
2 0.8798076923076923 0.7944711538461539 0.016826923076923076 0.05889423076923077
0 0.7427884615384616 0.8100961538461539 0.027644230769230768 0.04807692307692308
4 0.6310096153846154 0.8389423076923077 0.019230769230769232 0.06610576923076923
2 0.8545673076923077 0.8617788461538461 0.02283653846153846 0.04567307692307692
1 0.8305288461538461 0.953125 0.015625 0.06009615384615385