2 0.1502403846153846 0.008413461538461538 0.026442307692307692 0.016826923076923076
2 0.09134615384615384 0.028846153846153848 0.038461538461538464 0.057692307692307696
0 0.019230769230769232 0.14543269230769232 0.038461538461538464 0.06971153846153846
1 0.5276442307692307 0.14543269230769232 0.018028846153846152 0.09975961538461539
2 0.027644230769230768 0.3076923076923077 0.02283653846153846 0.09495192307692307
1 0.21754807692307693 0.46274038461538464 0.027644230769230768 0.109375
1 0.7632211538461539 0.29086538461538464 0.013221153846153846 0.06490384615384616
1 0.7584134615384616 0.29086538461538464 0.015625 0.06971153846153846
2 0.5841346153846154 0.30408653846153844 0.009615384615384616 0.06009615384615385
4 0.4855769230769231 0.5552884615384616 0.019230769230769232 0.07211538461538461
1 0.2824519230769231 0.5841346153846154 0.014423076923076924 0.0673076923076923
2 0.35697115384615385 0.6021634615384616 0.018028846153846152 0.07692307692307693
2 0.2920673076923077 0.6899038461538461 0.025240384615384616 0.07451923076923077
4 0.5324519230769231 0.7115384615384616 0.02283653846153846 0.07091346153846154
0 0.38822115384615385 0.7151442307692307 0.020432692307692308 0.042067307692307696
3 0.48197115384615385 0.7403846153846154 0.016826923076923076 0.09134615384615384
2 0.24879807692307693 0.7944711538461539 0.027644230769230768 0.05889423076923077
1 0.15384615384615385 0.8353365384615384 0.025240384615384616 0.07451923076923077
4 0.3389423076923077 0.8870192307692307 0.02403846153846154 0.08173076923076923
1 0.13581730769230768 0.9555288461538461 0.021634615384615384 0.0829326923076923
4 0.23317307692307693 0.9663461538461539 0.019230769230769232 0.0625
1 0.5973557692307693 0.6814903846153846 0.021634615384615384 0.07572115384615384
2 0.6237980769230769 0.7151442307692307 0.02403846153846154 0.08413461538461539
4 0.6838942307692307 0.7415865384615384 0.03485576923076923 0.02403846153846154
4 0.7379807692307693 0.765625 0.02283653846153846 0.0889423076923077
4 0.8990384615384616 0.8161057692307693 0.02403846153846154 0.0829326923076923
3 0.7163461538461539 0.828125 0.02283653846153846 0.046875
0 0.6850961538461539 0.8509615384615384 0.028846153846153848 0.0625
4 0.7560096153846154 0.9290865384615384 0.021634615384615384 0.08653846153846154
2 0.5961538461538461 0.9314903846153846 0.020432692307692308 0.09495192307692307