1 0.09254807692307693 0.4579326923076923 0.026442307692307692 0.07932692307692307
2 0.8125 0.052884615384615384 0.03365384615384615 0.08173076923076923
4 0.5673076923076923 0.07572115384615384 0.036057692307692304 0.109375
2 0.8365384615384616 0.12259615384615384 0.03125 0.11177884615384616
4 0.4879807692307692 0.14423076923076922 0.03485576923076923 0.11177884615384616
0 0.6742788461538461 0.15865384615384615 0.037259615384615384 0.055288461538461536
3 0.5084134615384616 0.18629807692307693 0.026442307692307692 0.15384615384615385
1 0.8617788461538461 0.4375 0.040865384615384616 0.1201923076923077
4 0.7740384615384616 0.4411057692307692 0.052884615384615384 0.11298076923076923
3 0.09254807692307693 0.7103365384615384 0.016826923076923076 0.054086538461538464
4 0.10096153846153846 0.7800480769230769 0.02403846153846154 0.07692307692307693
1 0.01201923076923077 0.9591346153846154 0.02403846153846154 0.07692307692307693
4 0.0985576923076923 0.9639423076923077 0.038461538461538464 0.0673076923076923
4 0.7932692307692307 0.5865384615384616 0.030048076923076924 0.07451923076923077
1 0.9350961538461539 0.5913461538461539 0.018028846153846152 0.08173076923076923
2 0.8341346153846154 0.7439903846153846 0.03365384615384615 0.055288461538461536
4 0.6911057692307693 0.7944711538461539 0.021634615384615384 0.08774038461538461
2 0.9086538461538461 0.8209134615384616 0.02403846153846154 0.07932692307692307
4 0.5973557692307693 0.8473557692307693 0.028846153846153848 0.07932692307692307
3 0.7584134615384616 0.8473557692307693 0.028846153846153848 0.04447115384615385
0 0.7872596153846154 0.8701923076923077 0.027644230769230768 0.06009615384615385
2 0.9411057692307693 0.9110576923076923 0.021634615384615384 0.09134615384615384
4 0.7596153846153846 0.9699519230769231 0.03365384615384615 0.055288461538461536
2 0.8149038461538461 0.9747596153846154 0.03365384615384615 0.04567307692307692