4 0.055288461538461536 0.008413461538461538 0.02403846153846154 0.016826923076923076
1 0.2403846153846154 0.021634615384615384 0.014423076923076924 0.04326923076923077
2 0.09735576923076923 0.11538461538461539 0.016826923076923076 0.07572115384615384
4 0.040865384615384616 0.14423076923076922 0.021634615384615384 0.06370192307692307
1 0.35336538461538464 0.18389423076923078 0.019230769230769232 0.06850961538461539
2 0.1778846153846154 0.23076923076923078 0.014423076923076924 0.07211538461538461
0 0.03245192307692308 0.27163461538461536 0.02283653846153846 0.0625
2 0.15504807692307693 0.2920673076923077 0.015625 0.07932692307692307
2 0.11899038461538461 0.4375 0.014423076923076924 0.07451923076923077
1 0.1814903846153846 0.4579326923076923 0.019230769230769232 0.06490384615384616
1 0.6382211538461539 0.1622596153846154 0.018028846153846152 0.06971153846153846
4 0.8377403846153846 0.23798076923076922 0.014423076923076924 0.09375
1 0.6514423076923077 0.24639423076923078 0.02403846153846154 0.07932692307692307
2 0.7463942307692307 0.3016826923076923 0.025240384615384616 0.051682692307692304
4 0.8004807692307693 0.3161057692307692 0.030048076923076924 0.039663461538461536
2 0.6478365384615384 0.36177884615384615 0.02283653846153846 0.0733173076923077
4 0.9038461538461539 0.37740384615384615 0.02403846153846154 0.06850961538461539
0 0.7548076923076923 0.390625 0.025240384615384616 0.038461538461538464
3 0.8737980769230769 0.39783653846153844 0.021634615384615384 0.08052884615384616
2 0.6045673076923077 0.43028846153846156 0.021634615384615384 0.08653846153846154
1 0.5588942307692307 0.5733173076923077 0.020432692307692308 0.09254807692307693
4 0.7175480769230769 0.6610576923076923 0.026442307692307692 0.052884615384615384
2 0.010817307692307692 0.7451923076923077 0.021634615384615384 0.11057692307692307
1 0.29927884615384615 0.9783653846153846 0.05048076923076923 0.038461538461538464
1 0.6935096153846154 0.7103365384615384 0.026442307692307692 0.040865384615384616