4 0.06850961538461539 0.1045673076923077 0.021634615384615384 0.08052884615384616
1 0.2860576923076923 0.11057692307692307 0.015625 0.06971153846153846
1 0.29086538461538464 0.23317307692307693 0.018028846153846152 0.0673076923076923
4 0.09375 0.26802884615384615 0.019230769230769232 0.07451923076923077
2 0.24759615384615385 0.3161057692307692 0.016826923076923076 0.07091346153846154
4 0.026442307692307692 0.36658653846153844 0.021634615384615384 0.06129807692307692
2 0.28725961538461536 0.3798076923076923 0.015625 0.07932692307692307
0 0.16466346153846154 0.39663461538461536 0.026442307692307692 0.04567307692307692
3 0.051682692307692304 0.4098557692307692 0.02283653846153846 0.09975961538461539
4 0.03365384615384615 0.4483173076923077 0.021634615384615384 0.09735576923076923
2 0.27884615384615385 0.453125 0.018028846153846152 0.0829326923076923
1 0.40865384615384615 0.6165865384615384 0.015625 0.07932692307692307
4 0.21153846153846154 0.6490384615384616 0.03365384615384615 0.052884615384615384
4 0.6057692307692307 0.1622596153846154 0.02283653846153846 0.04326923076923077
2 0.8088942307692307 0.17548076923076922 0.02283653846153846 0.0733173076923077
3 0.6045673076923077 0.21754807692307693 0.019230769230769232 0.07932692307692307
0 0.703125 0.2439903846153846 0.030048076923076924 0.056490384615384616
2 0.8052884615384616 0.2704326923076923 0.02283653846153846 0.06610576923076923
4 0.6766826923076923 0.3786057692307692 0.025240384615384616 0.07091346153846154
1 0.8317307692307693 0.4182692307692308 0.02283653846153846 0.07091346153846154
4 0.6442307692307693 0.48197115384615385 0.030048076923076924 0.0829326923076923
1 0.7067307692307693 0.5 0.02403846153846154 0.06850961538461539
4 0.6045673076923077 0.6526442307692307 0.036057692307692304 0.04567307692307692
1 0.7247596153846154 0.65625 0.03125 0.038461538461538464
1 0.7848557692307693 0.006009615384615385 0.026442307692307692 0.01201923076923077
1 0.055288461538461536 0.8425480769230769 0.016826923076923076 0.04807692307692308
4 0.22716346153846154 0.8473557692307693 0.028846153846153848 0.07091346153846154
2 0.13701923076923078 0.8870192307692307 0.021634615384615384 0.09134615384615384
4 0.18629807692307693 0.8966346153846154 0.026442307692307692 0.11057692307692307
2 0.05889423076923077 0.9230769230769231 0.020432692307692308 0.09975961538461539
4 0.22596153846153846 0.9302884615384616 0.026442307692307692 0.09014423076923077
2 0.9038461538461539 0.7980769230769231 0.016826923076923076 0.11658653846153846
4 0.7367788461538461 0.8088942307692307 0.03485576923076923 0.09014423076923077
4 0.6935096153846154 0.8425480769230769 0.03125 0.09134615384615384
1 0.8762019230769231 0.921875 0.019230769230769232 0.10096153846153846