2 0.41466346153846156 0.013221153846153846 0.016826923076923076 0.026442307692307692
4 0.29447115384615385 0.008413461538461538 0.026442307692307692 0.016826923076923076
2 0.4567307692307692 0.06370192307692307 0.019230769230769232 0.05889423076923077
4 0.3004807692307692 0.06850961538461539 0.030048076923076924 0.03485576923076923
2 0.453125 0.1310096153846154 0.025240384615384616 0.07692307692307693
3 0.3016826923076923 0.14182692307692307 0.025240384615384616 0.0625
0 0.33533653846153844 0.15625 0.02403846153846154 0.046875
4 0.1201923076923077 0.17548076923076922 0.019230769230769232 0.09495192307692307
1 0.4254807692307692 0.25600961538461536 0.018028846153846152 0.09975961538461539
4 0.9819711538461539 0.27163461538461536 0.03125 0.0625
2 0.8100961538461539 0.36899038461538464 0.03365384615384615 0.055288461538461536
4 0.8786057692307693 0.019230769230769232 0.040865384615384616 0.038461538461538464
1 0.6923076923076923 0.030048076923076924 0.02403846153846154 0.06009615384615385
4 0.9326923076923077 0.11778846153846154 0.037259615384615384 0.0889423076923077
1 0.7319711538461539 0.16105769230769232 0.026442307692307692 0.08653846153846154
2 0.4567307692307692 0.5288461538461539 0.019230769230769232 0.0829326923076923
3 0.30288461538461536 0.5540865384615384 0.02283653846153846 0.05048076923076923
4 0.12139423076923077 0.5673076923076923 0.015625 0.09014423076923077
0 0.33413461538461536 0.5685096153846154 0.02403846153846154 0.0673076923076923
2 0.47836538461538464 0.5889423076923077 0.02403846153846154 0.08774038461538461
4 0.28966346153846156 0.6526442307692307 0.019230769230769232 0.0829326923076923
1 0.4951923076923077 0.7572115384615384 0.015625 0.10336538461538461
4 0.31971153846153844 0.7896634615384616 0.016826923076923076 0.09975961538461539
4 0.36778846153846156 0.9855769230769231 0.04326923076923077 0.02403846153846154
1 0.8040865384615384 0.6237980769230769 0.016826923076923076 0.0829326923076923