1 0.2439903846153846 0.09254807692307693 0.019230769230769232 0.08052884615384616
2 0.08653846153846154 0.19230769230769232 0.019230769230769232 0.0829326923076923
2 0.10817307692307693 0.25240384615384615 0.02403846153846154 0.08774038461538461
1 0.125 0.4206730769230769 0.015625 0.10336538461538461
1 0.22115384615384615 0.6430288461538461 0.03245192307692308 0.0829326923076923
4 0.009615384615384616 0.6814903846153846 0.019230769230769232 0.0889423076923077
2 0.6526442307692307 0.10697115384615384 0.02283653846153846 0.07091346153846154
4 0.8305288461538461 0.18389423076923078 0.02283653846153846 0.0733173076923077
3 0.8425480769230769 0.21875 0.02283653846153846 0.09014423076923077
2 0.5588942307692307 0.24519230769230768 0.027644230769230768 0.0829326923076923
0 0.7079326923076923 0.24519230769230768 0.028846153846153848 0.055288461538461536
4 0.78125 0.39663461538461536 0.028846153846153848 0.0673076923076923
2 0.6550480769230769 0.4375 0.02403846153846154 0.0829326923076923
4 0.7560096153846154 0.45552884615384615 0.037259615384615384 0.07692307692307693
1 0.6959134615384616 0.47475961538461536 0.025240384615384616 0.09254807692307693
4 0.8076923076923077 0.5228365384615384 0.04447115384615385 0.09615384615384616
1 0.546875 0.5336538461538461 0.026442307692307692 0.08413461538461539
1 0.27163461538461536 0.9735576923076923 0.02403846153846154 0.04807692307692308
1 0.625 0.7620192307692307 0.02403846153846154 0.0673076923076923
4 0.5252403846153846 0.7620192307692307 0.03125 0.0673076923076923
1 0.6947115384615384 0.8317307692307693 0.02283653846153846 0.08653846153846154