4 0.4206730769230769 0.10216346153846154 0.04807692307692308 0.09975961538461539
1 0.5396634615384616 0.10336538461538461 0.03485576923076923 0.10096153846153846
2 0.4326923076923077 0.2848557692307692 0.04447115384615385 0.10697115384615384
1 0.5661057692307693 0.375 0.027644230769230768 0.14783653846153846
3 0.28725961538461536 0.3762019230769231 0.027644230769230768 0.06370192307692307
4 0.04807692307692308 0.3858173076923077 0.028846153846153848 0.12139423076923077
0 0.328125 0.41346153846153844 0.03485576923076923 0.08653846153846154
2 0.5360576923076923 0.49399038461538464 0.036057692307692304 0.15264423076923078
4 0.26802884615384615 0.5180288461538461 0.04927884615384615 0.09254807692307693
4 0.21153846153846154 0.53125 0.046875 0.0625
2 0.5673076923076923 0.5420673076923077 0.03365384615384615 0.10817307692307693
2 0.32211538461538464 0.5492788461538461 0.038461538461538464 0.09375
4 0.203125 0.5757211538461539 0.036057692307692304 0.040865384615384616
4 0.9675480769230769 0.01201923076923077 0.026442307692307692 0.02403846153846154
1 0.6538461538461539 0.026442307692307692 0.019230769230769232 0.052884615384615384
4 0.9387019230769231 0.07932692307692307 0.027644230769230768 0.078125
0 0.8930288461538461 0.26802884615384615 0.03125 0.042067307692307696
4 0.9182692307692307 0.3713942307692308 0.020432692307692308 0.0673076923076923
4 0.8653846153846154 0.49038461538461536 0.025240384615384616 0.0829326923076923
2 0.8197115384615384 0.5048076923076923 0.019230769230769232 0.08052884615384616
4 0.90625 0.5709134615384616 0.028846153846153848 0.05048076923076923
1 0.6983173076923077 0.5685096153846154 0.021634615384615384 0.055288461538461536
4 0.5600961538461539 0.6262019230769231 0.04326923076923077 0.055288461538461536
2 0.04326923076923077 0.6442307692307693 0.038461538461538464 0.09134615384615384
4 0.2536057692307692 0.7355769230769231 0.037259615384615384 0.10096153846153846
4 0.3016826923076923 0.7379807692307693 0.037259615384615384 0.13341346153846154
2 0.16105769230769232 0.7560096153846154 0.04326923076923077 0.1310096153846154
2 0.8713942307692307 0.6682692307692307 0.019230769230769232 0.09495192307692307
0 0.9891826923076923 0.6742788461538461 0.016826923076923076 0.06971153846153846
1 0.6923076923076923 0.7608173076923077 0.025240384615384616 0.10576923076923077
2 0.8713942307692307 0.7896634615384616 0.020432692307692308 0.09735576923076923
1 0.6790865384615384 0.9471153846153846 0.026442307692307692 0.10096153846153846
2 0.8942307692307693 0.609375 0.02403846153846154 0.021634615384615384