1 0.20673076923076922 0.25721153846153844 0.018028846153846152 0.078125
2 0.046875 0.27524038461538464 0.018028846153846152 0.07451923076923077
2 0.07091346153846154 0.3269230769230769 0.019230769230769232 0.07451923076923077
4 0.08413461538461539 0.40865384615384615 0.03365384615384615 0.06850961538461539
1 0.6694711538461539 0.1622596153846154 0.019230769230769232 0.07451923076923077
2 0.6682692307692307 0.2980769230769231 0.02403846153846154 0.0829326923076923
2 0.6550480769230769 0.4411057692307692 0.025240384615384616 0.1141826923076923
3 0.7836538461538461 0.44591346153846156 0.021634615384615384 0.0829326923076923
4 0.9555288461538461 0.45552884615384615 0.026442307692307692 0.08413461538461539
0 0.7463942307692307 0.4699519230769231 0.03125 0.055288461538461536
2 0.671875 0.4675480769230769 0.016826923076923076 0.06009615384615385
4 0.734375 0.14903846153846154 0.026442307692307692 0.09014423076923077
4 0.16346153846153846 0.5276442307692307 0.020432692307692308 0.046875
3 0.21153846153846154 0.5444711538461539 0.03365384615384615 0.0889423076923077
4 0.24759615384615385 0.5564903846153846 0.02403846153846154 0.07451923076923077
0 0.10576923076923077 0.578125 0.028846153846153848 0.06490384615384616
2 0.0625 0.6490384615384616 0.021634615384615384 0.0889423076923077
4 0.3016826923076923 0.703125 0.03245192307692308 0.1045673076923077
1 0.25721153846153844 0.7307692307692307 0.027644230769230768 0.0829326923076923
2 0.9675480769230769 0.5600961538461539 0.026442307692307692 0.0889423076923077
2 0.9278846153846154 0.6274038461538461 0.026442307692307692 0.09975961538461539
1 0.7463942307692307 0.6382211538461539 0.030048076923076924 0.10576923076923077
2 0.8954326923076923 0.75 0.03125 0.09975961538461539
1 0.6502403846153846 0.8786057692307693 0.03485576923076923 0.11899038461538461
4 0.9867788461538461 0.921875 0.021634615384615384 0.10817307692307693
1 0.8317307692307693 0.5216346153846154 0.028846153846153848 0.04326923076923077