4 0.2692307692307692 0.16346153846153846 0.030048076923076924 0.07572115384615384
1 0.34134615384615385 0.17548076923076922 0.02403846153846154 0.078125
1 0.34134615384615385 0.34134615384615385 0.018028846153846152 0.10216346153846154
4 0.1778846153846154 0.3629807692307692 0.02403846153846154 0.06971153846153846
1 0.6009615384615384 0.39302884615384615 0.009615384615384616 0.10817307692307693
3 0.12740384615384615 0.4026442307692308 0.018028846153846152 0.07932692307692307
2 0.3269230769230769 0.40625 0.02403846153846154 0.08173076923076923
0 0.15144230769230768 0.4254807692307692 0.028846153846153848 0.04326923076923077
2 0.2800480769230769 0.4326923076923077 0.03125 0.028846153846153848
1 0.7800480769230769 0.10336538461538461 0.015625 0.08774038461538461
1 0.7139423076923077 0.23076923076923078 0.015625 0.0985576923076923
1 0.7247596153846154 0.3233173076923077 0.021634615384615384 0.0985576923076923
0 0.22716346153846154 0.4639423076923077 0.03125 0.028846153846153848
2 0.44591346153846156 0.47596153846153844 0.05048076923076923 0.052884615384615384
2 0.4074519230769231 0.5216346153846154 0.040865384615384616 0.14423076923076922
4 0.09134615384615384 0.6538461538461539 0.040865384615384616 0.10817307692307693
1 0.21514423076923078 0.6742788461538461 0.038461538461538464 0.14783653846153846
4 0.0733173076923077 0.8557692307692307 0.04567307692307692 0.14903846153846154
1 0.14783653846153846 0.8569711538461539 0.03485576923076923 0.12980769230769232