2 0.41225961538461536 0.021634615384615384 0.026442307692307692 0.04326923076923077
0 0.5060096153846154 0.042067307692307696 0.021634615384615384 0.055288461538461536
1 0.12740384615384615 0.06610576923076923 0.015625 0.0889423076923077
2 0.4326923076923077 0.078125 0.016826923076923076 0.0985576923076923
1 0.3076923076923077 0.3293269230769231 0.02403846153846154 0.09014423076923077
4 0.8810096153846154 0.028846153846153848 0.036057692307692304 0.057692307692307696
2 0.8774038461538461 0.12620192307692307 0.027644230769230768 0.1201923076923077
4 0.9411057692307693 0.32572115384615385 0.040865384615384616 0.10336538461538461
1 0.8401442307692307 0.3293269230769231 0.05048076923076923 0.09615384615384616
1 0.04927884615384615 0.3870192307692308 0.026442307692307692 0.014423076923076924
4 0.1502403846153846 0.49038461538461536 0.03485576923076923 0.039663461538461536
2 0.010817307692307692 0.5252403846153846 0.021634615384615384 0.08413461538461539
4 0.3449519230769231 0.5480769230769231 0.02403846153846154 0.07932692307692307
3 0.18389423076923078 0.5492788461538461 0.027644230769230768 0.054086538461538464
0 0.1502403846153846 0.5612980769230769 0.02403846153846154 0.04447115384615385
2 0.030048076923076924 0.5709134615384616 0.026442307692307692 0.0829326923076923
4 0.28125 0.6081730769230769 0.026442307692307692 0.0673076923076923
2 0.0673076923076923 0.6286057692307693 0.02403846153846154 0.08774038461538461
4 0.2764423076923077 0.8737980769230769 0.03365384615384615 0.09375
1 0.15865384615384615 0.9002403846153846 0.02403846153846154 0.10576923076923077
2 0.6225961538461539 0.3954326923076923 0.02403846153846154 0.03125
2 0.6850961538461539 0.4182692307692308 0.021634615384615384 0.06610576923076923
0 0.7043269230769231 0.5072115384615384 0.021634615384615384 0.042067307692307696
3 0.8557692307692307 0.5240384615384616 0.02403846153846154 0.10096153846153846
2 0.5264423076923077 0.6081730769230769 0.014423076923076924 0.08173076923076923
2 0.6189903846153846 0.625 0.038461538461538464 0.06610576923076923
4 0.7223557692307693 0.7103365384615384 0.03125 0.10697115384615384
4 0.6370192307692307 0.7427884615384616 0.03245192307692308 0.1045673076923077
4 0.5997596153846154 0.9122596153846154 0.03485576923076923 0.09735576923076923