1 0.4855769230769231 0.15384615384615385 0.018028846153846152 0.0889423076923077
1 0.4699519230769231 0.19831730769230768 0.02283653846153846 0.08173076923076923
4 0.6730769230769231 0.19951923076923078 0.021634615384615384 0.09134615384615384
4 0.5973557692307693 0.26322115384615385 0.020432692307692308 0.09134615384615384
1 0.21754807692307693 0.29086538461538464 0.027644230769230768 0.08774038461538461
4 0.5120192307692307 0.3173076923076923 0.025240384615384616 0.10697115384615384
2 0.32572115384615385 0.43028846153846156 0.02403846153846154 0.07692307692307693
1 0.08774038461538461 0.4338942307692308 0.03125 0.0829326923076923
0 0.34615384615384615 0.45072115384615385 0.025240384615384616 0.030048076923076924
2 0.2932692307692308 0.45913461538461536 0.025240384615384616 0.09375
3 0.4639423076923077 0.4735576923076923 0.019230769230769232 0.07451923076923077
4 0.4567307692307692 0.5637019230769231 0.027644230769230768 0.09134615384615384
4 0.036057692307692304 0.7079326923076923 0.028846153846153848 0.055288461538461536
1 0.7884615384615384 0.109375 0.019230769230769232 0.11177884615384616
1 0.41225961538461536 0.8173076923076923 0.016826923076923076 0.056490384615384616
2 0.35216346153846156 0.9014423076923077 0.02283653846153846 0.04807692307692308
2 0.38461538461538464 0.9507211538461539 0.02283653846153846 0.06850961538461539
3 0.21153846153846154 0.9615384615384616 0.021634615384615384 0.0733173076923077
0 0.3088942307692308 0.9723557692307693 0.026442307692307692 0.05048076923076923
4 0.20072115384615385 0.9915865384615384 0.026442307692307692 0.01201923076923077
4 0.8725961538461539 0.8064903846153846 0.02283653846153846 0.06370192307692307
4 0.8954326923076923 0.8605769230769231 0.028846153846153848 0.10697115384615384
4 0.8521634615384616 0.8774038461538461 0.040865384615384616 0.05048076923076923
2 0.9567307692307693 0.8954326923076923 0.040865384615384616 0.1045673076923077