1 0.40384615384615385 0.04447115384615385 0.028846153846153848 0.0889423076923077
4 0.2439903846153846 0.055288461538461536 0.040865384615384616 0.11057692307692307
2 0.3161057692307692 0.11899038461538461 0.04447115384615385 0.0829326923076923
2 0.4519230769230769 0.265625 0.026442307692307692 0.109375
3 0.18269230769230768 0.29927884615384615 0.04447115384615385 0.08774038461538461
4 0.028846153846153848 0.3004807692307692 0.040865384615384616 0.10576923076923077
0 0.23557692307692307 0.31490384615384615 0.03485576923076923 0.06490384615384616
2 0.4495192307692308 0.39663461538461536 0.026442307692307692 0.1466346153846154
4 0.13701923076923078 0.46634615384615385 0.04326923076923077 0.019230769230769232
2 0.6850961538461539 0.009615384615384616 0.03365384615384615 0.019230769230769232
2 0.6622596153846154 0.14423076923076922 0.026442307692307692 0.11538461538461539
1 0.8762019230769231 0.16466346153846154 0.02403846153846154 0.11778846153846154
1 0.7740384615384616 0.40024038461538464 0.03125 0.11177884615384616
2 0.2692307692307692 0.5072115384615384 0.028846153846153848 0.057692307692307696
0 0.43028846153846156 0.5540865384615384 0.027644230769230768 0.07091346153846154
2 0.24879807692307693 0.5769230769230769 0.021634615384615384 0.10697115384615384
4 0.5420673076923077 0.6033653846153846 0.007211538461538462 0.10096153846153846
4 0.4230769230769231 0.6670673076923077 0.028846153846153848 0.09975961538461539
1 0.20192307692307693 0.6935096153846154 0.018028846153846152 0.11177884615384616
4 0.44350961538461536 0.890625 0.04326923076923077 0.11177884615384616
1 0.30649038461538464 0.9014423076923077 0.03245192307692308 0.10697115384615384
4 0.9122596153846154 0.5012019230769231 0.03125 0.04567307692307692
2 0.9326923076923077 0.6334134615384616 0.02403846153846154 0.05889423076923077
4 0.71875 0.7067307692307693 0.019230769230769232 0.06490384615384616
3 0.8353365384615384 0.7211538461538461 0.02403846153846154 0.03365384615384615
0 0.859375 0.7403846153846154 0.025240384615384616 0.054086538461538464
2 0.9903846153846154 0.7451923076923077 0.014423076923076924 0.07692307692307693
2 0.96875 0.8161057692307693 0.019230769230769232 0.07451923076923077
4 0.8173076923076923 0.828125 0.025240384615384616 0.056490384615384616
4 0.7620192307692307 0.9338942307692307 0.025240384615384616 0.07692307692307693
2 0.9314903846153846 0.9459134615384616 0.015625 0.07932692307692307