2 0.3125 0.028846153846153848 0.04326923076923077 0.057692307692307696
0 0.1814903846153846 0.03485576923076923 0.05048076923076923 0.06971153846153846
2 0.2860576923076923 0.037259615384615384 0.03365384615384615 0.07451923076923077
1 0.40865384615384615 0.06850961538461539 0.03365384615384615 0.13701923076923078
4 0.07451923076923077 0.09254807692307693 0.03485576923076923 0.10216346153846154
2 0.28846153846153844 0.14783653846153846 0.038461538461538464 0.14783653846153846
4 0.02283653846153846 0.2512019230769231 0.04567307692307692 0.13701923076923078
1 0.34615384615384615 0.2704326923076923 0.040865384615384616 0.12379807692307693
3 0.5216346153846154 0.021634615384615384 0.028846153846153848 0.04326923076923077
2 0.8401442307692307 0.040865384615384616 0.021634615384615384 0.08173076923076923
0 0.6490384615384616 0.03245192307692308 0.03485576923076923 0.06490384615384616
4 0.4891826923076923 0.07692307692307693 0.021634615384615384 0.09254807692307693
2 0.8040865384615384 0.1045673076923077 0.020432692307692308 0.10336538461538461
2 0.6430288461538461 0.18509615384615385 0.021634615384615384 0.10697115384615384
4 0.5564903846153846 0.2848557692307692 0.038461538461538464 0.08653846153846154
1 0.6274038461538461 0.31490384615384615 0.02403846153846154 0.109375
1 0.20673076923076922 0.4723557692307692 0.026442307692307692 0.1201923076923077
1 0.2608173076923077 0.5685096153846154 0.03485576923076923 0.1141826923076923
2 0.28365384615384615 0.6778846153846154 0.03365384615384615 0.08173076923076923
4 0.038461538461538464 0.7007211538461539 0.036057692307692304 0.109375
2 0.3076923076923077 0.7475961538461539 0.03125 0.11177884615384616
0 0.14543269230769232 0.7836538461538461 0.037259615384615384 0.055288461538461536
4 0.6430288461538461 0.5396634615384616 0.025240384615384616 0.09014423076923077
1 0.49759615384615385 0.5504807692307693 0.020432692307692308 0.09615384615384616
3 0.8365384615384616 0.7944711538461539 0.027644230769230768 0.04927884615384615
4 0.9350961538461539 0.7944711538461539 0.03485576923076923 0.0673076923076923
0 0.8137019230769231 0.8269230769230769 0.027644230769230768 0.06009615384615385
2 0.6478365384615384 0.8449519230769231 0.02283653846153846 0.0985576923076923
2 0.6887019230769231 0.9122596153846154 0.02283653846153846 0.109375
4 0.8966346153846154 0.9278846153846154 0.036057692307692304 0.07091346153846154
2 0.8533653846153846 0.9627403846153846 0.028846153846153848 0.06971153846153846
1 0.5096153846153846 0.9795673076923077 0.019230769230769232 0.036057692307692304