1 0.08653846153846154 0.11899038461538461 0.027644230769230768 0.08653846153846154
4 0.014423076923076924 0.125 0.028846153846153848 0.10576923076923077
1 0.28365384615384615 0.28966346153846156 0.027644230769230768 0.0985576923076923
4 0.036057692307692304 0.34975961538461536 0.03485576923076923 0.11057692307692307
2 0.1658653846153846 0.375 0.02283653846153846 0.11057692307692307
2 0.359375 0.5360576923076923 0.027644230769230768 0.1201923076923077
0 0.16105769230769232 0.5913461538461539 0.040865384615384616 0.06971153846153846
3 0.12259615384615384 0.5853365384615384 0.038461538461538464 0.08413461538461539
2 0.40024038461538464 0.5925480769230769 0.026442307692307692 0.06971153846153846
1 0.5504807692307693 0.03365384615384615 0.019230769230769232 0.0673076923076923
4 0.7487980769230769 0.06610576923076923 0.03365384615384615 0.07211538461538461
2 0.6814903846153846 0.10817307692307693 0.015625 0.06971153846153846
4 0.7548076923076923 0.140625 0.028846153846153848 0.030048076923076924
2 0.6129807692307693 0.15144230769230768 0.01201923076923077 0.06009615384615385
3 0.8497596153846154 0.19831730769230768 0.027644230769230768 0.09495192307692307
0 0.7379807692307693 0.19831730769230768 0.03365384615384615 0.04567307692307692
2 0.6153846153846154 0.2283653846153846 0.019230769230769232 0.0889423076923077
4 0.8653846153846154 0.23317307692307693 0.020432692307692308 0.09014423076923077
4 0.7956730769230769 0.27884615384615385 0.020432692307692308 0.0889423076923077
2 0.6899038461538461 0.3161057692307692 0.019230769230769232 0.078125
4 0.7608173076923077 0.35336538461538464 0.038461538461538464 0.09014423076923077
1 0.5528846153846154 0.4723557692307692 0.02283653846153846 0.1045673076923077
4 0.32572115384615385 0.7007211538461539 0.038461538461538464 0.08413461538461539
3 0.14182692307692307 0.8737980769230769 0.02283653846153846 0.11778846153846154
4 0.09495192307692307 0.8798076923076923 0.027644230769230768 0.10096153846153846
2 0.44350961538461536 0.8894230769230769 0.027644230769230768 0.0829326923076923
0 0.27884615384615385 0.8978365384615384 0.03125 0.056490384615384616
4 0.18389423076923078 0.9639423076923077 0.03125 0.0673076923076923
2 0.43028846153846156 0.9639423076923077 0.03365384615384615 0.0673076923076923
2 0.640625 0.7788461538461539 0.020432692307692308 0.056490384615384616
3 0.9194711538461539 0.7800480769230769 0.016826923076923076 0.09735576923076923
0 0.7872596153846154 0.8100961538461539 0.025240384615384616 0.04567307692307692
4 0.953125 0.8497596153846154 0.02283653846153846 0.09495192307692307
2 0.6430288461538461 0.8545673076923077 0.016826923076923076 0.09735576923076923
1 0.7512019230769231 0.921875 0.02403846153846154 0.09735576923076923
4 0.8545673076923077 0.9266826923076923 0.019230769230769232 0.08533653846153846
1 0.5841346153846154 0.9266826923076923 0.021634615384615384 0.10216346153846154