1 0.1875 0.055288461538461536 0.02403846153846154 0.11057692307692307
1 0.23317307692307693 0.30288461538461536 0.02283653846153846 0.13942307692307693
1 0.8173076923076923 0.16105769230769232 0.014423076923076924 0.05048076923076923
4 0.9411057692307693 0.17067307692307693 0.02403846153846154 0.06370192307692307
2 0.7956730769230769 0.2283653846153846 0.014423076923076924 0.08052884615384616
1 0.5300480769230769 0.26322115384615385 0.02283653846153846 0.08052884615384616
4 0.9915865384615384 0.2932692307692308 0.01201923076923077 0.07692307692307693
2 0.7475961538461539 0.2932692307692308 0.021634615384615384 0.06129807692307692
0 0.8677884615384616 0.30528846153846156 0.03365384615384615 0.055288461538461536
3 0.9795673076923077 0.3112980769230769 0.019230769230769232 0.0829326923076923
2 0.7307692307692307 0.37259615384615385 0.02403846153846154 0.07692307692307693
1 0.6682692307692307 0.42427884615384615 0.021634615384615384 0.08774038461538461
4 0.8197115384615384 0.4254807692307692 0.03245192307692308 0.08774038461538461
1 0.4951923076923077 0.4675480769230769 0.028846153846153848 0.0985576923076923
4 0.8040865384615384 0.4951923076923077 0.040865384615384616 0.04326923076923077
2 0.3076923076923077 0.5576923076923077 0.028846153846153848 0.07692307692307693
2 0.2536057692307692 0.6574519230769231 0.027644230769230768 0.08653846153846154
1 0.05889423076923077 0.7668269230769231 0.019230769230769232 0.09975961538461539
2 0.2932692307692308 0.8461538461538461 0.02403846153846154 0.10697115384615384
4 0.34375 0.9206730769230769 0.028846153846153848 0.1045673076923077
1 0.16947115384615385 0.9435096153846154 0.019230769230769232 0.109375
4 0.38100961538461536 0.953125 0.01201923076923077 0.0889423076923077
1 0.45913461538461536 0.5276442307692307 0.02403846153846154 0.016826923076923076
2 0.7776442307692307 0.53125 0.021634615384615384 0.02403846153846154
0 0.9242788461538461 0.5456730769230769 0.025240384615384616 0.04567307692307692
2 0.7800480769230769 0.5901442307692307 0.016826923076923076 0.09735576923076923
1 0.8882211538461539 0.6574519230769231 0.02403846153846154 0.09735576923076923
4 0.9891826923076923 0.6622596153846154 0.016826923076923076 0.0889423076923077
1 0.7211538461538461 0.6622596153846154 0.021634615384615384 0.10216346153846154
4 0.9711538461538461 0.8161057692307693 0.03365384615384615 0.10576923076923077
1 0.7475961538461539 0.8197115384615384 0.015625 0.1201923076923077