2 0.0889423076923077 0.11658653846153846 0.030048076923076924 0.07572115384615384
2 0.07932692307692307 0.20192307692307693 0.028846153846153848 0.08774038461538461
2 0.04927884615384615 0.27524038461538464 0.027644230769230768 0.08653846153846154
1 0.007211538461538462 0.43149038461538464 0.014423076923076924 0.0889423076923077
4 0.8545673076923077 0.21514423076923078 0.025240384615384616 0.09495192307692307
1 0.7680288461538461 0.22235576923076922 0.02403846153846154 0.08653846153846154
1 0.5276442307692307 0.23798076923076922 0.014423076923076924 0.11177884615384616
2 0.7355769230769231 0.24519230769230768 0.02403846153846154 0.06610576923076923
2 0.6358173076923077 0.29927884615384615 0.030048076923076924 0.0625
3 0.9447115384615384 0.30649038461538464 0.03245192307692308 0.09014423076923077
0 0.7728365384615384 0.3485576923076923 0.019230769230769232 0.07091346153846154
2 0.6430288461538461 0.37259615384615385 0.03125 0.11298076923076923
4 0.9350961538461539 0.3786057692307692 0.03125 0.10697115384615384
2 0.7259615384615384 0.44591346153846156 0.037259615384615384 0.13341346153846154
4 0.8473557692307693 0.44711538461538464 0.042067307692307696 0.1141826923076923
1 0.3641826923076923 0.5012019230769231 0.03245192307692308 0.1310096153846154
4 0.7824519230769231 0.5204326923076923 0.03485576923076923 0.13822115384615385
1 0.5120192307692307 0.5697115384615384 0.04326923076923077 0.07211538461538461
4 0.7944711538461539 0.5697115384615384 0.04567307692307692 0.07211538461538461
1 0.21033653846153846 0.7163461538461539 0.021634615384615384 0.10336538461538461
1 0.24278846153846154 0.8713942307692307 0.021634615384615384 0.1141826923076923
4 0.9194711538461539 0.6466346153846154 0.055288461538461536 0.07692307692307693
1 0.6598557692307693 0.6634615384615384 0.026442307692307692 0.11057692307692307
4 0.9915865384615384 0.8197115384615384 0.01201923076923077 0.17307692307692307
1 0.9254807692307693 0.8389423076923077 0.04567307692307692 0.16947115384615385