4 0.36177884615384615 0.06610576923076923 0.019230769230769232 0.10336538461538461
1 0.5432692307692307 0.08653846153846154 0.025240384615384616 0.10697115384615384
4 0.2932692307692308 0.17307692307692307 0.028846153846153848 0.11298076923076923
1 0.5901442307692307 0.18870192307692307 0.03245192307692308 0.10336538461538461
2 0.4098557692307692 0.3605769230769231 0.03125 0.0625
3 0.036057692307692304 0.36177884615384615 0.018028846153846152 0.13942307692307693
0 0.23076923076923078 0.40384615384615385 0.039663461538461536 0.08653846153846154
1 0.5901442307692307 0.42908653846153844 0.03125 0.1502403846153846
2 0.41225961538461536 0.43990384615384615 0.03125 0.12980769230769232
4 0.11899038461538461 0.49038461538461536 0.03365384615384615 0.0985576923076923
2 0.3629807692307692 0.5180288461538461 0.038461538461538464 0.11778846153846154
4 0.8521634615384616 0.04567307692307692 0.036057692307692304 0.09134615384615384
4 0.7800480769230769 0.051682692307692304 0.040865384615384616 0.10336538461538461
3 0.9254807692307693 0.20673076923076922 0.03485576923076923 0.06129807692307692
0 0.875 0.23197115384615385 0.025240384615384616 0.07451923076923077
2 0.6442307692307693 0.24879807692307693 0.028846153846153848 0.11298076923076923
2 0.7163461538461539 0.3581730769230769 0.02283653846153846 0.13221153846153846
4 0.9675480769230769 0.375 0.052884615384615384 0.09735576923076923
4 0.9519230769230769 0.4326923076923077 0.039663461538461536 0.11899038461538461
4 0.8545673076923077 0.4362980769230769 0.039663461538461536 0.11658653846153846
1 0.7067307692307693 0.5024038461538461 0.027644230769230768 0.12740384615384615
1 0.6730769230769231 0.5612980769230769 0.03365384615384615 0.03125
4 0.36538461538461536 0.6237980769230769 0.03365384615384615 0.0733173076923077
2 0.21634615384615385 0.6634615384615384 0.025240384615384616 0.09495192307692307
4 0.5084134615384616 0.7391826923076923 0.019230769230769232 0.0829326923076923
3 0.5649038461538461 0.7536057692307693 0.019230769230769232 0.09134615384615384
2 0.2704326923076923 0.7776442307692307 0.03125 0.0733173076923077
0 0.4326923076923077 0.7956730769230769 0.028846153846153848 0.05048076923076923
4 0.5985576923076923 0.8088942307692307 0.026442307692307692 0.09495192307692307
2 0.3317307692307692 0.8557692307692307 0.02403846153846154 0.08774038461538461
1 0.1310096153846154 0.9194711538461539 0.02403846153846154 0.09254807692307693
4 0.5372596153846154 0.9747596153846154 0.040865384615384616 0.04567307692307692
1 0.7680288461538461 0.6033653846153846 0.026442307692307692 0.04807692307692308
2 0.7704326923076923 0.6838942307692307 0.025240384615384616 0.09375
0 0.9663461538461539 0.734375 0.042067307692307696 0.06610576923076923
3 0.9939903846153846 0.7632211538461539 0.007211538461538462 0.14182692307692307
2 0.7319711538461539 0.7848557692307693 0.030048076923076924 0.10576923076923077
1 0.6454326923076923 0.7860576923076923 0.025240384615384616 0.109375
2 0.6935096153846154 0.8521634615384616 0.02403846153846154 0.1346153846153846
4 0.9831730769230769 0.8774038461538461 0.028846153846153848 0.1346153846153846
4 0.9170673076923077 0.8858173076923077 0.037259615384615384 0.1310096153846154
4 0.9567307692307693 0.9302884615384616 0.03125 0.125