1 0.10216346153846154 0.039663461538461536 0.021634615384615384 0.07932692307692307
1 0.12379807692307693 0.057692307692307696 0.019230769230769232 0.09134615384615384
2 0.25721153846153844 0.09134615384615384 0.021634615384615384 0.07932692307692307
1 0.055288461538461536 0.3112980769230769 0.018028846153846152 0.09735576923076923
2 0.21394230769230768 0.31850961538461536 0.019230769230769232 0.10336538461538461
1 0.24278846153846154 0.3798076923076923 0.019230769230769232 0.09375
4 0.43149038461538464 0.018028846153846152 0.021634615384615384 0.036057692307692304
4 0.49158653846153844 0.03245192307692308 0.03125 0.06490384615384616
1 0.8353365384615384 0.057692307692307696 0.020432692307692308 0.09495192307692307
2 0.6394230769230769 0.09975961538461539 0.030048076923076924 0.08533653846153846
2 0.7079326923076923 0.20432692307692307 0.027644230769230768 0.09495192307692307
3 0.39783653846153844 0.29086538461538464 0.013221153846153846 0.09975961538461539
0 0.5528846153846154 0.29447115384615385 0.03245192307692308 0.054086538461538464
2 0.7259615384615384 0.30288461538461536 0.019230769230769232 0.11177884615384616
4 0.4254807692307692 0.3701923076923077 0.02403846153846154 0.07451923076923077
1 0.9915865384615384 0.375 0.01201923076923077 0.11538461538461539
4 0.5492788461538461 0.39903846153846156 0.040865384615384616 0.0673076923076923
2 0.6177884615384616 0.40865384615384615 0.03245192307692308 0.0985576923076923
1 0.2127403846153846 0.5072115384615384 0.021634615384615384 0.07692307692307693
4 0.016826923076923076 0.5096153846153846 0.028846153846153848 0.08173076923076923
4 0.06610576923076923 0.5733173076923077 0.03485576923076923 0.08173076923076923
2 0.14543269230769232 0.640625 0.02283653846153846 0.09134615384615384
2 0.09615384615384616 0.71875 0.026442307692307692 0.08173076923076923
1 0.039663461538461536 0.8786057692307693 0.02403846153846154 0.1141826923076923
2 0.5096153846153846 0.49158653846153844 0.028846153846153848 0.04567307692307692
2 0.6310096153846154 0.6069711538461539 0.036057692307692304 0.125
4 0.7524038461538461 0.9290865384615384 0.057692307692307696 0.11298076923076923
1 0.6682692307692307 0.9399038461538461 0.04326923076923077 0.11538461538461539