4 0.5384615384615384 0.11778846153846154 0.03125 0.11658653846153846
1 0.40865384615384615 0.1201923076923077 0.030048076923076924 0.09495192307692307
1 0.4266826923076923 0.18389423076923078 0.037259615384615384 0.07451923076923077
1 0.13701923076923078 0.21995192307692307 0.026442307692307692 0.10697115384615384
4 0.5504807692307693 0.23317307692307693 0.038461538461538464 0.09254807692307693
2 0.33413461538461536 0.24278846153846154 0.03365384615384615 0.10216346153846154
2 0.44350961538461536 0.24759615384615385 0.03365384615384615 0.08413461538461539
3 0.5456730769230769 0.36177884615384615 0.037259615384615384 0.07932692307692307
0 0.5036057692307693 0.3762019230769231 0.03485576923076923 0.07211538461538461
2 0.34375 0.38461538461538464 0.027644230769230768 0.1310096153846154
2 0.4651442307692308 0.5444711538461539 0.036057692307692304 0.125
1 0.6658653846153846 0.11057692307692307 0.01201923076923077 0.0625
1 0.78125 0.3449519230769231 0.016826923076923076 0.0673076923076923
4 0.32091346153846156 0.7560096153846154 0.019230769230769232 0.10336538461538461
1 0.5024038461538461 0.7764423076923077 0.025240384615384616 0.10697115384615384
4 0.25240384615384615 0.8629807692307693 0.028846153846153848 0.11298076923076923
1 0.5492788461538461 0.8786057692307693 0.03245192307692308 0.10336538461538461
0 0.984375 0.7632211538461539 0.026442307692307692 0.0985576923076923
2 0.9807692307692307 0.921875 0.03245192307692308 0.14302884615384615