1 0.44591346153846156 0.020432692307692308 0.021634615384615384 0.040865384615384616
4 0.17668269230769232 0.037259615384615384 0.026442307692307692 0.07451923076923077
2 0.32572115384615385 0.1346153846153846 0.025240384615384616 0.09014423076923077
3 0.006009615384615385 0.15865384615384615 0.01201923076923077 0.11538461538461539
0 0.1346153846153846 0.20072115384615385 0.028846153846153848 0.05889423076923077
2 0.20673076923076922 0.33653846153846156 0.027644230769230768 0.09735576923076923
4 0.009615384615384616 0.35697115384615385 0.019230769230769232 0.0985576923076923
1 0.33413461538461536 0.4182692307692308 0.028846153846153848 0.038461538461538464
1 0.6911057692307693 0.015625 0.026442307692307692 0.03125
1 0.9074519230769231 0.06009615384615385 0.026442307692307692 0.1201923076923077
2 0.34975961538461536 0.625 0.03365384615384615 0.07932692307692307
4 0.4375 0.6586538461538461 0.019230769230769232 0.03365384615384615
2 0.33774038461538464 0.7379807692307693 0.018028846153846152 0.0829326923076923
0 0.4735576923076923 0.75 0.02403846153846154 0.05889423076923077
2 0.48197115384615385 0.8389423076923077 0.026442307692307692 0.07692307692307693
1 0.17067307692307693 0.859375 0.019230769230769232 0.11057692307692307
4 0.37259615384615385 0.49759615384615385 0.026442307692307692 0.07451923076923077
1 0.19110576923076922 0.5396634615384616 0.02403846153846154 0.08774038461538461
4 0.6514423076923077 0.5012019230769231 0.03245192307692308 0.11538461538461539
3 0.7355769230769231 0.5805288461538461 0.025240384615384616 0.13581730769230768
0 0.9014423076923077 0.6189903846153846 0.03125 0.09014423076923077
4 0.7079326923076923 0.6322115384615384 0.02403846153846154 0.10576923076923077
4 0.8197115384615384 0.7079326923076923 0.036057692307692304 0.11778846153846154
4 0.8461538461538461 0.7367788461538461 0.027644230769230768 0.13822115384615385
1 0.9423076923076923 0.7776442307692307 0.02403846153846154 0.12740384615384615