1 0.39302884615384615 0.055288461538461536 0.007211538461538462 0.09615384615384616
1 0.016826923076923076 0.4014423076923077 0.03125 0.1141826923076923
4 0.8052884615384616 0.22355769230769232 0.036057692307692304 0.056490384615384616
1 0.7223557692307693 0.23798076923076922 0.027644230769230768 0.09014423076923077
1 0.7992788461538461 0.2980769230769231 0.030048076923076924 0.0829326923076923
4 0.9038461538461539 0.3004807692307692 0.03485576923076923 0.09735576923076923
2 0.8341346153846154 0.4098557692307692 0.040865384615384616 0.08533653846153846
0 0.9302884615384616 0.4098557692307692 0.03365384615384615 0.06009615384615385
1 0.4074519230769231 0.41947115384615385 0.016826923076923076 0.13701923076923078
2 0.8954326923076923 0.453125 0.021634615384615384 0.11057692307692307
2 0.9302884615384616 0.4807692307692308 0.07211538461538461 0.09134615384615384
1 0.9483173076923077 0.49278846153846156 0.026442307692307692 0.0673076923076923
4 0.2764423076923077 0.6394230769230769 0.025240384615384616 0.08052884615384616
3 0.07091346153846154 0.8016826923076923 0.015625 0.11057692307692307
4 0.026442307692307692 0.8449519230769231 0.021634615384615384 0.09134615384615384
0 0.1971153846153846 0.8569711538461539 0.027644230769230768 0.046875
2 0.3293269230769231 0.8725961538461539 0.02403846153846154 0.09735576923076923
2 0.28125 0.9507211538461539 0.02403846153846154 0.09375
4 0.35336538461538464 0.5516826923076923 0.03365384615384615 0.04567307692307692
2 0.8629807692307693 0.6814903846153846 0.02403846153846154 0.054086538461538464
4 0.9302884615384616 0.6862980769230769 0.025240384615384616 0.10216346153846154
2 0.8149038461538461 0.7848557692307693 0.02403846153846154 0.07692307692307693
1 0.4579326923076923 0.8112980769230769 0.020432692307692308 0.09014423076923077
0 0.8581730769230769 0.8149038461538461 0.030048076923076924 0.028846153846153848
2 0.8004807692307693 0.8161057692307693 0.030048076923076924 0.056490384615384616
3 0.9927884615384616 0.8293269230769231 0.009615384615384616 0.10576923076923077
4 0.7908653846153846 0.9543269230769231 0.03365384615384615 0.08653846153846154
1 0.5625 0.9747596153846154 0.02403846153846154 0.04567307692307692
4 0.7824519230769231 0.9855769230769231 0.036057692307692304 0.02403846153846154
1 0.7427884615384616 0.6081730769230769 0.016826923076923076 0.08774038461538461