4 0.35096153846153844 0.057692307692307696 0.02283653846153846 0.0829326923076923
4 0.33653846153846156 0.16947115384615385 0.025240384615384616 0.07932692307692307
4 0.6466346153846154 0.06850961538461539 0.027644230769230768 0.07932692307692307
1 0.8713942307692307 0.11658653846153846 0.027644230769230768 0.109375
1 0.32572115384615385 0.5492788461538461 0.037259615384615384 0.09735576923076923
1 0.20552884615384615 0.6418269230769231 0.016826923076923076 0.12860576923076922
2 0.31850961538461536 0.6742788461538461 0.018028846153846152 0.10576923076923077
2 0.265625 0.7896634615384616 0.028846153846153848 0.125
1 0.12740384615384615 0.8052884615384616 0.030048076923076924 0.12860576923076922
1 0.18870192307692307 0.9387019230769231 0.026442307692307692 0.11778846153846154
4 0.3581730769230769 0.9507211538461539 0.014423076923076924 0.09375
1 0.09735576923076923 0.9723557692307693 0.03125 0.05048076923076923
0 0.9206730769230769 0.5600961538461539 0.037259615384615384 0.06971153846153846
2 0.7932692307692307 0.6021634615384616 0.019230769230769232 0.09134615384615384
1 0.6658653846153846 0.6201923076923077 0.030048076923076924 0.11658653846153846
1 0.6995192307692307 0.7367788461538461 0.02403846153846154 0.12259615384615384
1 0.5649038461538461 0.8737980769230769 0.038461538461538464 0.125
4 0.8401442307692307 0.9074519230769231 0.051682692307692304 0.1310096153846154
1 0.9182692307692307 0.4338942307692308 0.027644230769230768 0.078125
1 0.7560096153846154 0.47475961538461536 0.036057692307692304 0.09735576923076923
2 0.8461538461538461 0.5300480769230769 0.030048076923076924 0.042067307692307696