4 0.33774038461538464 0.15985576923076922 0.026442307692307692 0.05889423076923077
1 0.41466346153846156 0.1622596153846154 0.018028846153846152 0.06009615384615385
2 0.4014423076923077 0.21394230769230768 0.016826923076923076 0.057692307692307696
4 0.20072115384615385 0.22596153846153846 0.021634615384615384 0.06971153846153846
4 0.23557692307692307 0.24519230769230768 0.014423076923076924 0.0829326923076923
3 0.19591346153846154 0.2620192307692308 0.018028846153846152 0.0889423076923077
0 0.3004807692307692 0.2824519230769231 0.025240384615384616 0.054086538461538464
2 0.41947115384615385 0.2848557692307692 0.02403846153846154 0.07692307692307693
2 0.30528846153846156 0.3557692307692308 0.028846153846153848 0.09735576923076923
4 0.15144230769230768 0.47115384615384615 0.03245192307692308 0.08052884615384616
1 0.24639423076923078 0.4723557692307692 0.019230769230769232 0.09134615384615384
4 0.09495192307692307 0.6141826923076923 0.036057692307692304 0.026442307692307692
1 0.16947115384615385 0.6189903846153846 0.026442307692307692 0.016826923076923076
1 0.6742788461538461 0.18389423076923078 0.025240384615384616 0.054086538461538464
4 0.7223557692307693 0.18389423076923078 0.026442307692307692 0.06490384615384616
1 0.6021634615384616 0.37740384615384615 0.015625 0.06610576923076923
4 0.7355769230769231 0.49759615384615385 0.019230769230769232 0.0625
1 0.49038461538461536 0.5084134615384616 0.02283653846153846 0.09254807692307693
2 0.5396634615384616 0.5348557692307693 0.018028846153846152 0.08533653846153846
0 0.6670673076923077 0.5564903846153846 0.03125 0.046875
2 0.6141826923076923 0.5709134615384616 0.02283653846153846 0.05048076923076923
3 0.7776442307692307 0.5769230769230769 0.020432692307692308 0.09254807692307693
4 0.8377403846153846 0.5841346153846154 0.020432692307692308 0.07211538461538461
1 0.36538461538461536 0.7704326923076923 0.030048076923076924 0.12980769230769232
2 0.21153846153846154 0.8052884615384616 0.039663461538461536 0.11057692307692307
0 0.08052884615384616 0.8233173076923077 0.04807692307692308 0.09975961538461539
2 0.18509615384615385 0.8257211538461539 0.030048076923076924 0.10336538461538461
1 0.3076923076923077 0.8713942307692307 0.03125 0.13942307692307693
2 0.18870192307692307 0.9375 0.040865384615384616 0.1201923076923077
4 0.9495192307692307 0.6490384615384616 0.03365384615384615 0.038461538461538464
2 0.6045673076923077 0.6454326923076923 0.036057692307692304 0.03125
4 0.5949519230769231 0.7139423076923077 0.03125 0.12379807692307693
4 0.7512019230769231 0.7151442307692307 0.03485576923076923 0.10336538461538461
4 0.6658653846153846 0.7223557692307693 0.036057692307692304 0.09134615384615384
4 0.7199519230769231 0.7764423076923077 0.028846153846153848 0.10336538461538461