2 0.3798076923076923 0.014423076923076924 0.02403846153846154 0.028846153846153848
4 0.08653846153846154 0.16346153846153846 0.026442307692307692 0.11899038461538461
4 0.1466346153846154 0.1658653846153846 0.027644230769230768 0.09495192307692307
1 0.3425480769230769 0.1935096153846154 0.026442307692307692 0.08653846153846154
4 0.16466346153846154 0.3737980769230769 0.04326923076923077 0.10096153846153846
1 0.27403846153846156 0.3858173076923077 0.03365384615384615 0.12259615384615384
1 0.7139423076923077 0.2512019230769231 0.026442307692307692 0.09975961538461539
2 0.765625 0.35697115384615385 0.020432692307692308 0.0829326923076923
0 0.5949519230769231 0.4206730769230769 0.055288461538461536 0.052884615384615384
2 0.7848557692307693 0.42908653846153844 0.026442307692307692 0.036057692307692304
1 0.6045673076923077 0.030048076923076924 0.021634615384615384 0.06009615384615385
4 0.5336538461538461 0.036057692307692304 0.028846153846153848 0.07211538461538461
1 0.6117788461538461 0.13701923076923078 0.027644230769230768 0.10576923076923077
1 0.30649038461538464 0.49759615384615385 0.028846153846153848 0.06129807692307692
4 0.27524038461538464 0.49759615384615385 0.016826923076923076 0.06009615384615385
4 0.23076923076923078 0.5649038461538461 0.019230769230769232 0.06610576923076923
1 0.375 0.6141826923076923 0.018028846153846152 0.05889423076923077
2 0.28966346153846156 0.7139423076923077 0.026442307692307692 0.06490384615384616
4 0.20552884615384615 0.7259615384615384 0.02283653846153846 0.06129807692307692
4 0.14783653846153846 0.7548076923076923 0.015625 0.04567307692307692
2 0.36899038461538464 0.7824519230769231 0.021634615384615384 0.07091346153846154
3 0.15264423076923078 0.8040865384615384 0.018028846153846152 0.07211538461538461
1 0.5120192307692307 0.8245192307692307 0.009615384615384616 0.08653846153846154
2 0.3786057692307692 0.8701923076923077 0.02283653846153846 0.08052884615384616
4 0.6947115384615384 0.5180288461538461 0.019230769230769232 0.0889423076923077
1 0.5264423076923077 0.5564903846153846 0.014423076923076924 0.10817307692307693
2 0.5396634615384616 0.7608173076923077 0.021634615384615384 0.11177884615384616
3 0.8521634615384616 0.7608173076923077 0.016826923076923076 0.08413461538461539
2 0.5564903846153846 0.78125 0.015625 0.11177884615384616
0 0.7307692307692307 0.7908653846153846 0.03125 0.06490384615384616
4 0.8846153846153846 0.8233173076923077 0.016826923076923076 0.09375
4 0.734375 0.921875 0.019230769230769232 0.12620192307692307
1 0.6081730769230769 0.953125 0.02403846153846154 0.0889423076923077
4 0.8629807692307693 0.9735576923076923 0.02403846153846154 0.04807692307692308