1 0.06370192307692307 0.030048076923076924 0.026442307692307692 0.06009615384615385
4 0.19230769230769232 0.055288461538461536 0.027644230769230768 0.10817307692307693
2 0.030048076923076924 0.06129807692307692 0.03125 0.1045673076923077
4 0.18629807692307693 0.21634615384615385 0.020432692307692308 0.10096153846153846
0 0.009615384615384616 0.22235576923076922 0.019230769230769232 0.08413461538461539
3 0.13221153846153846 0.2692307692307692 0.027644230769230768 0.11899038461538461
4 0.5637019230769231 0.021634615384615384 0.021634615384615384 0.04326923076923077
1 0.8076923076923077 0.04567307692307692 0.027644230769230768 0.08413461538461539
4 0.5036057692307693 0.08173076923076923 0.028846153846153848 0.08173076923076923
2 0.6262019230769231 0.10336538461538461 0.028846153846153848 0.0829326923076923
1 0.9302884615384616 0.16105769230769232 0.03125 0.11057692307692307
2 0.6550480769230769 0.22115384615384615 0.03245192307692308 0.1045673076923077
0 0.44711538461538464 0.24639423076923078 0.014423076923076924 0.06971153846153846
2 0.6225961538461539 0.28846153846153844 0.040865384615384616 0.1045673076923077
1 0.515625 0.45913461538461536 0.028846153846153848 0.12740384615384615
1 0.9050480769230769 0.5120192307692307 0.03365384615384615 0.13341346153846154
1 0.46153846153846156 0.6117788461538461 0.04326923076923077 0.10817307692307693
4 0.19951923076923078 0.7319711538461539 0.027644230769230768 0.0829326923076923
1 0.24519230769230768 0.7524038461538461 0.020432692307692308 0.08173076923076923
4 0.019230769230769232 0.9723557692307693 0.019230769230769232 0.05048076923076923
2 0.25721153846153844 0.9627403846153846 0.028846153846153848 0.06971153846153846
2 0.6947115384615384 0.6995192307692307 0.038461538461538464 0.0625
3 0.46153846153846156 0.71875 0.02403846153846154 0.055288461538461536
1 0.9603365384615384 0.7295673076923077 0.036057692307692304 0.12259615384615384
0 0.4963942307692308 0.7524038461538461 0.03125 0.07572115384615384
2 0.7007211538461539 0.7800480769230769 0.038461538461538464 0.09735576923076923
4 0.4519230769230769 0.8569711538461539 0.02403846153846154 0.0889423076923077
2 0.65625 0.8810096153846154 0.028846153846153848 0.09375
1 0.6670673076923077 0.9663461538461539 0.036057692307692304 0.0625