1 0.30649038461538464 0.20072115384615385 0.018028846153846152 0.054086538461538464
2 0.40625 0.2620192307692308 0.014423076923076924 0.051682692307692304
2 0.4266826923076923 0.32091346153846156 0.016826923076923076 0.056490384615384616
1 0.27524038461538464 0.3629807692307692 0.015625 0.04447115384615385
2 0.3918269230769231 0.40384615384615385 0.014423076923076924 0.0673076923076923
1 0.3269230769230769 0.5144230769230769 0.016826923076923076 0.0625
4 0.8509615384615384 0.16346153846153846 0.026442307692307692 0.07692307692307693
1 0.7764423076923077 0.18629807692307693 0.016826923076923076 0.0625
4 0.8617788461538461 0.27524038461538464 0.02283653846153846 0.06610576923076923
2 0.7848557692307693 0.2920673076923077 0.019230769230769232 0.07091346153846154
2 0.8329326923076923 0.40625 0.02283653846153846 0.052884615384615384
3 0.9891826923076923 0.4098557692307692 0.020432692307692308 0.08774038461538461
0 0.8786057692307693 0.42427884615384615 0.03365384615384615 0.04326923076923077
4 0.8233173076923077 0.042067307692307696 0.026442307692307692 0.0673076923076923
1 0.7668269230769231 0.0625 0.019230769230769232 0.06490384615384616
4 0.013221153846153846 0.5853365384615384 0.026442307692307692 0.03125
4 0.15745192307692307 0.6826923076923077 0.04807692307692308 0.09375
2 0.24759615384615385 0.7307692307692307 0.03245192307692308 0.14423076923076922
4 0.08653846153846154 0.7608173076923077 0.04447115384615385 0.12139423076923077
1 0.4411057692307692 0.8653846153846154 0.01201923076923077 0.13942307692307693
2 0.5420673076923077 0.5889423076923077 0.03125 0.038461538461538464
1 0.8774038461538461 0.6009615384615384 0.02403846153846154 0.0625
2 0.6045673076923077 0.6646634615384616 0.026442307692307692 0.09975961538461539
2 0.5877403846153846 0.7487980769230769 0.028846153846153848 0.09735576923076923
2 0.47596153846153844 0.8185096153846154 0.025240384615384616 0.10697115384615384
1 0.8161057692307693 0.8942307692307693 0.03485576923076923 0.125