2 0.21394230769230768 0.04927884615384615 0.02403846153846154 0.09134615384615384
0 0.3870192307692308 0.09014423076923077 0.027644230769230768 0.0625
2 0.24158653846153846 0.125 0.025240384615384616 0.078125
4 0.43990384615384615 0.1971153846153846 0.03125 0.06610576923076923
2 0.3858173076923077 0.22596153846153846 0.02283653846153846 0.09014423076923077
1 0.29086538461538464 0.28966346153846156 0.026442307692307692 0.0985576923076923
1 0.7487980769230769 0.18509615384615385 0.016826923076923076 0.11778846153846154
2 0.5528846153846154 0.2127403846153846 0.03125 0.11899038461538461
2 0.5709134615384616 0.3485576923076923 0.03365384615384615 0.09254807692307693
2 0.5841346153846154 0.3942307692307692 0.038461538461538464 0.04326923076923077
2 0.4326923076923077 0.4495192307692308 0.014423076923076924 0.0625
2 0.41466346153846156 0.5552884615384616 0.02403846153846154 0.06370192307692307
1 0.171875 0.6141826923076923 0.016826923076923076 0.0829326923076923
4 0.390625 0.9026442307692307 0.025240384615384616 0.09134615384615384
1 0.7295673076923077 0.45913461538461536 0.040865384615384616 0.08173076923076923
1 0.609375 0.5432692307692307 0.016826923076923076 0.12860576923076922
2 0.7223557692307693 0.5757211538461539 0.018028846153846152 0.10576923076923077
4 0.8954326923076923 0.5817307692307693 0.03485576923076923 0.06490384615384616
0 0.8233173076923077 0.671875 0.028846153846153848 0.04807692307692308
2 0.6694711538461539 0.6911057692307693 0.028846153846153848 0.125
1 0.53125 0.7067307692307693 0.030048076923076924 0.12860576923076922
4 0.8617788461538461 0.7908653846153846 0.037259615384615384 0.11057692307692307
1 0.5925480769230769 0.8425480769230769 0.025240384615384616 0.12259615384615384
4 0.7680288461538461 0.8617788461538461 0.025240384615384616 0.11057692307692307
1 0.5012019230769231 0.9086538461538461 0.027644230769230768 0.11658653846153846
4 0.8137019230769231 0.9603365384615384 0.03125 0.07451923076923077