4 0.01201923076923077 0.05048076923076923 0.02403846153846154 0.09615384615384616
3 0.13581730769230768 0.15144230769230768 0.037259615384615384 0.1310096153846154
4 0.17668269230769232 0.19951923076923078 0.037259615384615384 0.13822115384615385
1 0.7524038461538461 0.018028846153846152 0.02403846153846154 0.036057692307692304
2 0.7776442307692307 0.037259615384615384 0.026442307692307692 0.07451923076923077
4 0.8377403846153846 0.056490384615384616 0.03485576923076923 0.02403846153846154
2 0.7067307692307693 0.06490384615384616 0.028846153846153848 0.08533653846153846
4 0.8918269230769231 0.08052884615384616 0.02283653846153846 0.0889423076923077
3 0.8701923076923077 0.14302884615384615 0.02283653846153846 0.046875
2 0.6538461538461539 0.15504807692307693 0.025240384615384616 0.09375
0 0.8389423076923077 0.1658653846153846 0.028846153846153848 0.0625
4 0.9098557692307693 0.2439903846153846 0.021634615384615384 0.08653846153846154
2 0.75 0.24639423076923078 0.020432692307692308 0.09495192307692307
1 0.6862980769230769 0.2536057692307692 0.016826923076923076 0.09975961538461539
1 0.3894230769230769 0.32211538461538464 0.025240384615384616 0.09375
4 0.9483173076923077 0.5552884615384616 0.03245192307692308 0.09014423076923077
1 0.8713942307692307 0.5709134615384616 0.026442307692307692 0.1141826923076923
2 0.020432692307692308 0.7475961538461539 0.021634615384615384 0.07692307692307693
4 0.20192307692307693 0.7560096153846154 0.02283653846153846 0.07211538461538461
3 0.171875 0.8125 0.019230769230769232 0.0889423076923077
0 0.140625 0.8149038461538461 0.026442307692307692 0.04326923076923077
2 0.010817307692307692 0.8461538461538461 0.021634615384615384 0.07692307692307693
1 0.057692307692307696 0.984375 0.028846153846153848 0.026442307692307692
4 0.13942307692307693 0.9855769230769231 0.03365384615384615 0.02403846153846154
4 0.6177884615384616 0.734375 0.07211538461538461 0.05048076923076923
4 0.5120192307692307 0.7668269230769231 0.054086538461538464 0.11298076923076923
1 0.796875 0.8762019230769231 0.03365384615384615 0.11057692307692307
4 0.5216346153846154 0.921875 0.05889423076923077 0.11538461538461539