1 0.3329326923076923 0.20432692307692307 0.015625 0.0625
1 0.2848557692307692 0.35697115384615385 0.013221153846153846 0.06610576923076923
2 0.4110576923076923 0.3629807692307692 0.013221153846153846 0.06490384615384616
4 0.6057692307692307 0.004807692307692308 0.038461538461538464 0.009615384615384616
2 0.7800480769230769 0.06129807692307692 0.03125 0.07091346153846154
3 0.59375 0.08774038461538461 0.03125 0.05048076923076923
0 0.6262019230769231 0.109375 0.03245192307692308 0.07692307692307693
2 0.7992788461538461 0.16947115384615385 0.030048076923076924 0.09495192307692307
4 0.5673076923076923 0.3629807692307692 0.03245192307692308 0.09615384615384616
4 0.5216346153846154 0.38822115384615385 0.03365384615384615 0.10216346153846154
1 0.7980769230769231 0.4170673076923077 0.02403846153846154 0.07932692307692307
2 0.08413461538461539 0.4855769230769231 0.02403846153846154 0.052884615384615384
1 0.31971153846153844 0.5048076923076923 0.019230769230769232 0.08533653846153846
1 0.11057692307692307 0.625 0.02283653846153846 0.07091346153846154
1 0.009615384615384616 0.8870192307692307 0.019230769230769232 0.08653846153846154
2 0.5817307692307693 0.46634615384615385 0.019230769230769232 0.014423076923076924
1 0.7391826923076923 0.5793269230769231 0.020432692307692308 0.07692307692307693
1 0.5096153846153846 0.6310096153846154 0.015625 0.054086538461538464
4 0.44350961538461536 0.6322115384615384 0.015625 0.05889423076923077
1 0.46153846153846156 0.8978365384615384 0.020432692307692308 0.0829326923076923