4 0.4206730769230769 0.018028846153846152 0.03365384615384615 0.036057692307692304
1 0.3641826923076923 0.027644230769230768 0.03125 0.055288461538461536
4 0.48677884615384615 0.1622596153846154 0.03365384615384615 0.08052884615384616
1 0.4026442307692308 0.1658653846153846 0.028846153846153848 0.08413461538461539
2 0.33653846153846156 0.41466346153846156 0.02283653846153846 0.11177884615384616
0 0.4987980769230769 0.46153846153846156 0.016826923076923076 0.07211538461538461
2 0.36177884615384615 0.5300480769230769 0.030048076923076924 0.0985576923076923
2 0.4723557692307692 0.6454326923076923 0.02403846153846154 0.109375
1 0.32091346153846156 0.6790865384615384 0.03125 0.055288461538461536
1 0.6971153846153846 0.1346153846153846 0.018028846153846152 0.07932692307692307
4 0.8954326923076923 0.17427884615384615 0.03365384615384615 0.07211538461538461
2 0.828125 0.21634615384615385 0.015625 0.06971153846153846
1 0.6201923076923077 0.22716346153846154 0.021634615384615384 0.0829326923076923
4 0.9014423076923077 0.24879807692307693 0.028846153846153848 0.030048076923076924
2 0.7596153846153846 0.25961538461538464 0.01201923076923077 0.06009615384615385
3 0.9891826923076923 0.30649038461538464 0.016826923076923076 0.0985576923076923
0 0.8846153846153846 0.30649038461538464 0.03365384615384615 0.04567307692307692
2 0.7620192307692307 0.33653846153846156 0.019230769230769232 0.0889423076923077
4 0.9423076923076923 0.3870192307692308 0.020432692307692308 0.0889423076923077
1 0.5709134615384616 0.39903846153846156 0.016826923076923076 0.0829326923076923
2 0.8365384615384616 0.42427884615384615 0.019230769230769232 0.078125
4 0.9074519230769231 0.46153846153846156 0.038461538461538464 0.09014423076923077
1 0.6995192307692307 0.5805288461538461 0.02283653846153846 0.1045673076923077
4 0.16466346153846154 0.8485576923076923 0.040865384615384616 0.09254807692307693
1 0.09014423076923077 0.8569711538461539 0.026442307692307692 0.09615384615384616
1 0.6526442307692307 0.7536057692307693 0.026442307692307692 0.0889423076923077
4 0.8846153846153846 0.8173076923076923 0.026442307692307692 0.08774038461538461
1 0.7235576923076923 0.8329326923076923 0.025240384615384616 0.08653846153846154
4 0.8545673076923077 0.8858173076923077 0.030048076923076924 0.03485576923076923
2 0.7103365384615384 0.921875 0.025240384615384616 0.06971153846153846
4 0.9507211538461539 0.9591346153846154 0.026442307692307692 0.0673076923076923
3 0.8641826923076923 0.9759615384615384 0.03125 0.04326923076923077
2 0.7199519230769231 0.9759615384615384 0.021634615384615384 0.04326923076923077
0 0.8353365384615384 0.9819711538461539 0.03125 0.03125