4 0.03365384615384615 0.01201923076923077 0.03365384615384615 0.02403846153846154
1 0.22235576923076922 0.018028846153846152 0.03125 0.036057692307692304
4 0.013221153846153846 0.05889423076923077 0.026442307692307692 0.06971153846153846
1 0.4338942307692308 0.06490384615384616 0.025240384615384616 0.0829326923076923
2 0.19110576923076922 0.09134615384615384 0.020432692307692308 0.06971153846153846
2 0.0733173076923077 0.16706730769230768 0.019230769230769232 0.09254807692307693
0 0.010817307692307692 0.22115384615384615 0.021634615384615384 0.0673076923076923
2 0.051682692307692304 0.2776442307692308 0.027644230769230768 0.07451923076923077
1 0.3293269230769231 0.38461538461538464 0.02283653846153846 0.09975961538461539
1 0.02403846153846154 0.4266826923076923 0.026442307692307692 0.078125
2 0.5528846153846154 0.2764423076923077 0.010817307692307692 0.0625
1 0.7247596153846154 0.2776442307692308 0.01201923076923077 0.06129807692307692
2 0.5925480769230769 0.3605769230769231 0.02283653846153846 0.06610576923076923
1 0.7776442307692307 0.43028846153846156 0.018028846153846152 0.07091346153846154
1 0.056490384615384616 0.7644230769230769 0.016826923076923076 0.056490384615384616
2 0.004807692307692308 0.8497596153846154 0.009615384615384616 0.05048076923076923
2 0.028846153846153848 0.8978365384615384 0.02283653846153846 0.06850961538461539
1 0.010817307692307692 0.5805288461538461 0.021634615384615384 0.06009615384615385
1 0.9951923076923077 0.640625 0.004807692307692308 0.0985576923076923
4 0.7692307692307693 0.7127403846153846 0.030048076923076924 0.07091346153846154
2 0.9122596153846154 0.71875 0.018028846153846152 0.10697115384615384
4 0.8088942307692307 0.7367788461538461 0.026442307692307692 0.09014423076923077
4 0.7740384615384616 0.7716346153846154 0.026442307692307692 0.10096153846153846
2 0.9819711538461539 0.8064903846153846 0.025240384615384616 0.07572115384615384
4 0.6670673076923077 0.8377403846153846 0.019230769230769232 0.0673076923076923
2 0.9771634615384616 0.8918269230769231 0.02403846153846154 0.10697115384615384
0 0.8149038461538461 0.9146634615384616 0.03485576923076923 0.054086538461538464
3 0.6730769230769231 0.9158653846153846 0.02403846153846154 0.11778846153846154