4 0.31971153846153844 0.019230769230769232 0.02403846153846154 0.038461538461538464
1 0.15264423076923078 0.026442307692307692 0.026442307692307692 0.052884615384615384
4 0.2668269230769231 0.02403846153846154 0.03365384615384615 0.04807692307692308
1 0.0829326923076923 0.037259615384615384 0.021634615384615384 0.07451923076923077
2 0.13942307692307693 0.17548076923076922 0.019230769230769232 0.1346153846153846
0 0.3269230769230769 0.18269230769230768 0.037259615384615384 0.07932692307692307
2 0.21995192307692307 0.28725961538461536 0.020432692307692308 0.14543269230769232
4 0.4182692307692308 0.3545673076923077 0.014423076923076924 0.13221153846153846
1 0.20673076923076922 0.3918269230769231 0.02403846153846154 0.09134615384615384
1 0.3545673076923077 0.3894230769230769 0.03125 0.09615384615384616
2 0.9879807692307693 0.03245192307692308 0.019230769230769232 0.06490384615384616
2 0.9615384615384616 0.026442307692307692 0.04326923076923077 0.052884615384615384
2 0.7283653846153846 0.12860576923076922 0.042067307692307696 0.08774038461538461
0 0.9447115384615384 0.1814903846153846 0.04807692307692308 0.07451923076923077
1 0.7271634615384616 0.2692307692307692 0.03485576923076923 0.18028846153846154
4 0.9435096153846154 0.31971153846153844 0.04807692307692308 0.16346153846153846
2 0.7536057692307693 0.3401442307692308 0.06490384615384616 0.15144230769230768
1 0.20192307692307693 0.4567307692307692 0.028846153846153848 0.03365384615384615
4 0.12740384615384615 0.4639423076923077 0.03365384615384615 0.04807692307692308
1 0.39903846153846156 0.5997596153846154 0.027644230769230768 0.0985576923076923
4 0.15144230769230768 0.6598557692307693 0.03485576923076923 0.11057692307692307
2 0.28125 0.6850961538461539 0.02283653846153846 0.11057692307692307
0 0.2764423076923077 0.9014423076923077 0.040865384615384616 0.06971153846153846
3 0.23798076923076922 0.9086538461538461 0.03485576923076923 0.11057692307692307
4 0.018028846153846152 0.9411057692307693 0.030048076923076924 0.10697115384615384
1 0.7668269230769231 0.5889423076923077 0.04807692307692308 0.14302884615384615
1 0.7199519230769231 0.6622596153846154 0.030048076923076924 0.15384615384615385
4 0.9627403846153846 0.7043269230769231 0.03125 0.078125
4 0.8629807692307693 0.7091346153846154 0.039663461538461536 0.09254807692307693
1 0.5540865384615384 0.8052884615384616 0.03125 0.15384615384615385
4 0.9747596153846154 0.8137019230769231 0.04567307692307692 0.13701923076923078
0 0.8245192307692307 0.9639423076923077 0.0625 0.0673076923076923