1 0.3737980769230769 0.0829326923076923 0.020432692307692308 0.0829326923076923
1 0.09615384615384616 0.14423076923076922 0.015625 0.0985576923076923
2 0.4230769230769231 0.26802884615384615 0.018028846153846152 0.09615384615384616
2 0.3605769230769231 0.421875 0.02403846153846154 0.0889423076923077
1 0.08413461538461539 0.45072115384615385 0.019230769230769232 0.03125
1 0.7487980769230769 0.10697115384615384 0.027644230769230768 0.06850961538461539
4 0.6923076923076923 0.10817307692307693 0.03125 0.0829326923076923
2 0.84375 0.14783653846153846 0.02403846153846154 0.07932692307692307
4 0.6081730769230769 0.23918269230769232 0.02403846153846154 0.06850961538461539
0 0.7548076923076923 0.28966346153846156 0.03125 0.056490384615384616
3 0.6117788461538461 0.30528846153846156 0.027644230769230768 0.09975961538461539
2 0.8966346153846154 0.359375 0.026442307692307692 0.08653846153846154
4 0.7247596153846154 0.4254807692307692 0.036057692307692304 0.08173076923076923
4 0.7728365384615384 0.43509615384615385 0.036057692307692304 0.0625
2 0.8389423076923077 0.4411057692307692 0.02403846153846154 0.05048076923076923
4 0.09134615384615384 0.6045673076923077 0.021634615384615384 0.0625
4 0.11658653846153846 0.6382211538461539 0.02283653846153846 0.06850961538461539
2 0.026442307692307692 0.7824519230769231 0.014423076923076924 0.06850961538461539
3 0.234375 0.8485576923076923 0.020432692307692308 0.06850961538461539
0 0.12860576923076922 0.8810096153846154 0.027644230769230768 0.05889423076923077
2 0.0625 0.9230769230769231 0.020432692307692308 0.07451923076923077
4 0.11057692307692307 0.5276442307692307 0.018028846153846152 0.08173076923076923
4 0.8798076923076923 0.6682692307692307 0.02403846153846154 0.09375
4 0.8197115384615384 0.6778846153846154 0.02283653846153846 0.09615384615384616
4 0.7752403846153846 0.7752403846153846 0.025240384615384616 0.09375
4 0.9278846153846154 0.8233173076923077 0.018028846153846152 0.0829326923076923
2 0.9459134615384616 0.9447115384615384 0.020432692307692308 0.09615384615384616
2 0.8846153846153846 0.9555288461538461 0.025240384615384616 0.04567307692307692
3 0.6274038461538461 0.9519230769230769 0.02403846153846154 0.09134615384615384
0 0.7668269230769231 0.9807692307692307 0.04326923076923077 0.03365384615384615