1 0.41947115384615385 0.12860576923076922 0.027644230769230768 0.10697115384615384
4 0.1502403846153846 0.14543269230769232 0.037259615384615384 0.09495192307692307
2 0.23557692307692307 0.23918269230769232 0.027644230769230768 0.11538461538461539
4 0.14423076923076922 0.2920673076923077 0.037259615384615384 0.07572115384615384
3 0.10697115384615384 0.38221153846153844 0.027644230769230768 0.0829326923076923
2 0.3737980769230769 0.38822115384615385 0.020432692307692308 0.13701923076923078
0 0.14543269230769232 0.4206730769230769 0.036057692307692304 0.07211538461538461
2 0.6802884615384616 0.41947115384615385 0.030048076923076924 0.05048076923076923
1 0.8413461538461539 0.013221153846153846 0.03365384615384615 0.026442307692307692
2 0.7223557692307693 0.056490384615384616 0.040865384615384616 0.11298076923076923
1 0.7788461538461539 0.15985576923076922 0.040865384615384616 0.12379807692307693
4 0.04927884615384615 0.4699519230769231 0.036057692307692304 0.021634615384615384
2 0.15625 0.5048076923076923 0.03365384615384615 0.09134615384615384
1 0.421875 0.5276442307692307 0.02403846153846154 0.09735576923076923
4 0.08173076923076923 0.5384615384615384 0.04927884615384615 0.042067307692307696
3 0.07572115384615384 0.6502403846153846 0.036057692307692304 0.07932692307692307
2 0.3161057692307692 0.6694711538461539 0.03125 0.109375
0 0.12259615384615384 0.6694711538461539 0.03485576923076923 0.07572115384615384
4 0.13341346153846154 0.8882211538461539 0.04567307692307692 0.12139423076923077
2 0.21514423076923078 0.9447115384615384 0.03125 0.10576923076923077
4 0.07451923076923077 0.953125 0.03365384615384615 0.0889423076923077
1 0.9326923076923077 0.5 0.02403846153846154 0.08173076923076923
4 0.7475961538461539 0.53125 0.042067307692307696 0.10216346153846154
4 0.8605769230769231 0.6225961538461539 0.03125 0.10697115384615384
3 0.9038461538461539 0.8197115384615384 0.025240384615384616 0.12379807692307693
4 0.9387019230769231 0.890625 0.03485576923076923 0.11538461538461539