1 0.3954326923076923 0.13581730769230768 0.025240384615384616 0.09134615384615384
1 0.375 0.15504807692307693 0.027644230769230768 0.0673076923076923
4 0.22355769230769232 0.1622596153846154 0.03245192307692308 0.039663461538461536
4 0.24519230769230768 0.20192307692307693 0.018028846153846152 0.06971153846153846
2 0.3786057692307692 0.22355769230769232 0.025240384615384616 0.09254807692307693
3 0.19591346153846154 0.24759615384615385 0.025240384615384616 0.054086538461538464
0 0.22115384615384615 0.2800480769230769 0.02403846153846154 0.06850961538461539
2 0.4014423076923077 0.28125 0.027644230769230768 0.09735576923076923
2 0.12860576923076922 0.31009615384615385 0.028846153846153848 0.109375
2 0.3329326923076923 0.3641826923076923 0.019230769230769232 0.10336538461538461
1 0.7824519230769231 0.07572115384615384 0.018028846153846152 0.07091346153846154
4 0.9603365384615384 0.09014423076923077 0.021634615384615384 0.0673076923076923
2 0.8521634615384616 0.12259615384615384 0.018028846153846152 0.078125
4 0.9879807692307693 0.1875 0.019230769230769232 0.04807692307692308
2 0.8557692307692307 0.265625 0.02403846153846154 0.07451923076923077
0 0.9555288461538461 0.30408653846153844 0.028846153846153848 0.051682692307692304
1 0.5721153846153846 0.328125 0.015625 0.0889423076923077
2 0.8774038461538461 0.3401442307692308 0.016826923076923076 0.0985576923076923
2 0.14423076923076922 0.4807692307692308 0.019230769230769232 0.04326923076923077
4 0.08653846153846154 0.49278846153846156 0.021634615384615384 0.06370192307692307
1 0.39903846153846156 0.5324519230769231 0.019230769230769232 0.06850961538461539
2 0.22355769230769232 0.5793269230769231 0.014423076923076924 0.07211538461538461
0 0.078125 0.6201923076923077 0.02283653846153846 0.0625
2 0.20072115384615385 0.640625 0.015625 0.07932692307692307
2 0.16466346153846154 0.7860576923076923 0.014423076923076924 0.07451923076923077
4 0.02283653846153846 0.7920673076923077 0.027644230769230768 0.07451923076923077
1 0.22716346153846154 0.8064903846153846 0.019230769230769232 0.06490384615384616
4 0.9230769230769231 0.4699519230769231 0.03365384615384615 0.021634615384615384
4 0.8112980769230769 0.47475961538461536 0.016826923076923076 0.03125
4 0.984375 0.47836538461538464 0.026442307692307692 0.038461538461538464
2 0.75 0.49158653846153844 0.028846153846153848 0.06490384615384616
0 0.8990384615384616 0.5612980769230769 0.03485576923076923 0.057692307692307696
4 0.7920673076923077 0.5805288461538461 0.03245192307692308 0.11298076923076923
2 0.7884615384615384 0.7079326923076923 0.027644230769230768 0.1201923076923077
4 0.8521634615384616 0.9170673076923077 0.038461538461538464 0.1201923076923077
1 0.75 0.9302884615384616 0.04807692307692308 0.1310096153846154