3 0.27524038461538464 0.1201923076923077 0.02403846153846154 0.07211538461538461
0 0.30288461538461536 0.12259615384615384 0.027644230769230768 0.054086538461538464
4 0.18269230769230768 0.15745192307692307 0.028846153846153848 0.07211538461538461
4 0.0733173076923077 0.16346153846153846 0.02283653846153846 0.109375
4 0.29447115384615385 0.24158653846153846 0.02403846153846154 0.09014423076923077
1 0.7620192307692307 0.11057692307692307 0.021634615384615384 0.12620192307692307
4 0.5084134615384616 0.11538461538461539 0.039663461538461536 0.12139423076923077
4 0.5444711538461539 0.16466346153846154 0.025240384615384616 0.09615384615384616
2 0.6346153846153846 0.24278846153846154 0.026442307692307692 0.06370192307692307
3 0.4170673076923077 0.27524038461538464 0.03365384615384615 0.0829326923076923
0 0.4579326923076923 0.31009615384615385 0.03125 0.07572115384615384
2 0.6298076923076923 0.3425480769230769 0.020432692307692308 0.13822115384615385
1 0.8605769230769231 0.38341346153846156 0.02403846153846154 0.13581730769230768
4 0.4723557692307692 0.43028846153846156 0.019230769230769232 0.12980769230769232
4 0.36538461538461536 0.4831730769230769 0.04807692307692308 0.12139423076923077
1 0.6971153846153846 0.5 0.028846153846153848 0.1346153846153846
4 0.7403846153846154 0.6754807692307693 0.02403846153846154 0.07451923076923077
1 0.5805288461538461 0.7079326923076923 0.016826923076923076 0.08653846153846154
4 0.7620192307692307 0.7716346153846154 0.03485576923076923 0.0733173076923077
1 0.6033653846153846 0.8052884615384616 0.025240384615384616 0.09495192307692307
1 0.43509615384615385 0.8137019230769231 0.016826923076923076 0.09735576923076923
2 0.671875 0.8653846153846154 0.02283653846153846 0.09014423076923077
3 0.9519230769230769 0.8810096153846154 0.027644230769230768 0.09975961538461539
0 0.8257211538461539 0.9038461538461539 0.03125 0.06129807692307692
4 0.9795673076923077 0.9206730769230769 0.021634615384615384 0.09254807692307693
2 0.6911057692307693 0.9519230769230769 0.036057692307692304 0.09134615384615384