4 0.20673076923076922 0.039663461538461536 0.026442307692307692 0.057692307692307696
2 0.3870192307692308 0.04447115384615385 0.019230769230769232 0.0889423076923077
2 0.25240384615384615 0.0673076923076923 0.026442307692307692 0.07932692307692307
4 0.18389423076923078 0.06971153846153846 0.026442307692307692 0.06850961538461539
4 0.11538461538461539 0.17067307692307693 0.03485576923076923 0.08653846153846154
1 0.31490384615384615 0.3918269230769231 0.02403846153846154 0.09134615384615384
4 0.056490384615384616 0.4098557692307692 0.03125 0.055288461538461536
1 0.8473557692307693 0.24639423076923078 0.025240384615384616 0.1141826923076923
4 0.7007211538461539 0.26802884615384615 0.03485576923076923 0.04447115384615385
2 0.7764423076923077 0.3125 0.03245192307692308 0.0889423076923077
4 0.45913461538461536 0.36177884615384615 0.02403846153846154 0.09495192307692307
3 0.6213942307692307 0.3942307692307692 0.025240384615384616 0.06971153846153846
2 0.8341346153846154 0.3870192307692308 0.028846153846153848 0.10096153846153846
0 0.6526442307692307 0.421875 0.04567307692307692 0.03125
4 0.7956730769230769 0.056490384615384616 0.04326923076923077 0.09975961538461539
2 0.22235576923076922 0.4567307692307692 0.036057692307692304 0.03365384615384615
4 0.078125 0.49399038461538464 0.021634615384615384 0.08774038461538461
2 0.2956730769230769 0.5204326923076923 0.02403846153846154 0.07932692307692307
3 0.14543269230769232 0.546875 0.028846153846153848 0.04447115384615385
0 0.17427884615384615 0.5697115384615384 0.027644230769230768 0.06009615384615385
2 0.328125 0.6105769230769231 0.021634615384615384 0.09134615384615384
4 0.1466346153846154 0.6730769230769231 0.030048076923076924 0.06009615384615385
2 0.20192307692307693 0.6923076923076923 0.03245192307692308 0.07932692307692307
1 0.4074519230769231 0.9723557692307693 0.016826923076923076 0.05048076923076923
3 0.828125 0.46875 0.026442307692307692 0.057692307692307696
2 0.5300480769230769 0.4735576923076923 0.026442307692307692 0.0673076923076923
0 0.6850961538461539 0.48197115384615385 0.038461538461538464 0.07451923076923077
2 0.5661057692307693 0.546875 0.028846153846153848 0.10096153846153846
4 0.8221153846153846 0.5540865384615384 0.03125 0.08173076923076923
2 0.7247596153846154 0.6129807692307693 0.03245192307692308 0.12379807692307693
4 0.8257211538461539 0.6538461538461539 0.040865384615384616 0.11538461538461539
4 0.9014423076923077 0.7007211538461539 0.052884615384615384 0.11658653846153846
1 0.6478365384615384 0.7764423076923077 0.038461538461538464 0.13822115384615385