3 0.5216346153846154 0.01201923076923077 0.04326923076923077 0.02403846153846154
0 0.47475961538461536 0.016826923076923076 0.036057692307692304 0.03365384615384615
2 0.2824519230769231 0.040865384615384616 0.040865384615384616 0.08173076923076923
4 0.5360576923076923 0.14543269230769232 0.04927884615384615 0.06971153846153846
2 0.2644230769230769 0.15865384615384615 0.03125 0.15384615384615385
4 0.5108173076923077 0.1935096153846154 0.052884615384615384 0.055288461538461536
4 0.5372596153846154 0.27283653846153844 0.056490384615384616 0.10096153846153846
2 0.41346153846153844 0.2764423076923077 0.04326923076923077 0.13701923076923078
1 0.15745192307692307 0.3004807692307692 0.036057692307692304 0.12980769230769232
0 0.8497596153846154 0.01201923076923077 0.036057692307692304 0.02403846153846154
3 0.984375 0.04326923076923077 0.026442307692307692 0.08653846153846154
1 0.6225961538461539 0.1201923076923077 0.021634615384615384 0.10817307692307693
4 0.7319711538461539 0.18269230769230768 0.014423076923076924 0.1045673076923077
4 0.75 0.21153846153846154 0.018028846153846152 0.11899038461538461
4 0.21634615384615385 0.6550480769230769 0.036057692307692304 0.10576923076923077
2 0.07211538461538461 0.8185096153846154 0.021634615384615384 0.10576923076923077
3 0.3737980769230769 0.8269230769230769 0.021634615384615384 0.11057692307692307
0 0.2247596153846154 0.8521634615384616 0.03245192307692308 0.05048076923076923
4 0.39663461538461536 0.875 0.014423076923076924 0.10336538461538461
2 0.08173076923076923 0.9254807692307693 0.025240384615384616 0.11899038461538461
2 0.16466346153846154 0.9483173076923077 0.026442307692307692 0.0985576923076923
4 0.21033653846153846 0.43149038461538464 0.030048076923076924 0.08653846153846154
1 0.125 0.43509615384615385 0.021634615384615384 0.09495192307692307
4 0.19831730769230768 0.5697115384615384 0.03125 0.09134615384615384
1 0.057692307692307696 0.5757211538461539 0.019230769230769232 0.09134615384615384
1 0.640625 0.5036057692307693 0.019230769230769232 0.06610576923076923
1 0.671875 0.6201923076923077 0.020432692307692308 0.06009615384615385
4 0.6009615384615384 0.625 0.013221153846153846 0.06610576923076923
1 0.9567307692307693 0.7307692307692307 0.018028846153846152 0.078125
2 0.796875 0.7487980769230769 0.018028846153846152 0.07451923076923077
2 0.8209134615384616 0.8004807692307693 0.019230769230769232 0.07451923076923077
0 0.7319711538461539 0.8221153846153846 0.02283653846153846 0.052884615384615384
3 0.6225961538461539 0.8461538461538461 0.02283653846153846 0.08774038461538461
4 0.8341346153846154 0.8822115384615384 0.03365384615384615 0.06850961538461539
4 0.6418269230769231 0.8942307692307693 0.019230769230769232 0.08413461538461539
1 0.9146634615384616 0.9855769230769231 0.03125 0.02403846153846154