1 0.3233173076923077 0.0625 0.019230769230769232 0.0733173076923077
2 0.4170673076923077 0.0829326923076923 0.02283653846153846 0.06370192307692307
0 0.5420673076923077 0.10576923076923077 0.030048076923076924 0.039663461538461536
1 0.38221153846153844 0.25961538461538464 0.020432692307692308 0.07932692307692307
1 0.17908653846153846 0.28846153846153844 0.025240384615384616 0.07451923076923077
4 0.49399038461538464 0.3449519230769231 0.026442307692307692 0.08413461538461539
4 0.7427884615384616 0.038461538461538464 0.020432692307692308 0.05048076923076923
2 0.8064903846153846 0.038461538461538464 0.021634615384615384 0.06490384615384616
2 0.8786057692307693 0.10697115384615384 0.025240384615384616 0.0625
3 0.6598557692307693 0.11899038461538461 0.02283653846153846 0.0829326923076923
0 0.7596153846153846 0.13942307692307693 0.03365384615384615 0.04567307692307692
2 0.8689903846153846 0.18870192307692307 0.025240384615384616 0.07692307692307693
2 0.8028846153846154 0.2956730769230769 0.015625 0.1045673076923077
1 0.9903846153846154 0.3293269230769231 0.014423076923076924 0.08653846153846154
4 0.6706730769230769 0.359375 0.03365384615384615 0.055288461538461536
4 0.5733173076923077 0.4879807692307692 0.039663461538461536 0.11298076923076923
1 0.5 0.49278846153846156 0.03485576923076923 0.09975961538461539
2 0.5168269230769231 0.6923076923076923 0.042067307692307696 0.109375
1 0.3641826923076923 0.7764423076923077 0.037259615384615384 0.13581730769230768
1 0.03245192307692308 0.7824519230769231 0.030048076923076924 0.12980769230769232
3 0.6081730769230769 0.8521634615384616 0.038461538461538464 0.0985576923076923
0 0.5637019230769231 0.8689903846153846 0.03365384615384615 0.0829326923076923
2 0.3701923076923077 0.9074519230769231 0.038461538461538464 0.0985576923076923
2 0.35336538461538464 0.9783653846153846 0.03365384615384615 0.038461538461538464
2 0.6478365384615384 0.41225961538461536 0.01201923076923077 0.04567307692307692
0 0.6742788461538461 0.5180288461538461 0.016826923076923076 0.046875
2 0.7980769230769231 0.5204326923076923 0.019230769230769232 0.046875
4 0.8125 0.5576923076923077 0.014423076923076924 0.0829326923076923
1 0.8185096153846154 0.6430288461538461 0.015625 0.1141826923076923
1 0.9110576923076923 0.65625 0.02403846153846154 0.1141826923076923
1 0.8701923076923077 0.6658653846153846 0.015625 0.09975961538461539
4 0.7548076923076923 0.671875 0.021634615384615384 0.11057692307692307