4 0.0889423076923077 0.057692307692307696 0.028846153846153848 0.078125
4 0.15144230769230768 0.16947115384615385 0.03485576923076923 0.0889423076923077
4 0.22235576923076922 0.359375 0.04447115384615385 0.09615384615384616
1 0.10336538461538461 0.375 0.02403846153846154 0.11057692307692307
1 0.6959134615384616 0.23677884615384615 0.020432692307692308 0.09735576923076923
1 0.9795673076923077 0.34615384615384615 0.021634615384615384 0.11658653846153846
2 0.6911057692307693 0.4170673076923077 0.03125 0.07932692307692307
3 0.4519230769230769 0.43149038461538464 0.028846153846153848 0.05048076923076923
1 0.7139423076923077 0.04927884615384615 0.020432692307692308 0.0889423076923077
4 0.49158653846153844 0.07572115384615384 0.030048076923076924 0.10817307692307693
1 0.6153846153846154 0.14783653846153846 0.02403846153846154 0.10817307692307693
4 0.421875 0.14903846153846154 0.027644230769230768 0.0829326923076923
4 0.45913461538461536 0.20072115384615385 0.021634615384615384 0.08653846153846154
2 0.15625 0.4735576923076923 0.03365384615384615 0.028846153846153848
2 0.18629807692307693 0.5444711538461539 0.028846153846153848 0.12740384615384615
2 0.23197115384615385 0.6550480769230769 0.028846153846153848 0.12379807692307693
1 0.3016826923076923 0.703125 0.007211538461538462 0.14182692307692307
4 0.8713942307692307 0.59375 0.03245192307692308 0.08653846153846154
1 0.6610576923076923 0.5997596153846154 0.027644230769230768 0.13341346153846154
4 0.9711538461538461 0.6358173076923077 0.025240384615384616 0.10576923076923077
4 0.7740384615384616 0.6442307692307693 0.037259615384615384 0.05048076923076923
1 0.59375 0.6682692307692307 0.020432692307692308 0.13581730769230768
3 0.9855769230769231 0.6875 0.02403846153846154 0.07211538461538461
2 0.6382211538461539 0.6971153846153846 0.020432692307692308 0.12740384615384615
0 0.7944711538461539 0.71875 0.040865384615384616 0.06370192307692307
4 0.9903846153846154 0.7932692307692307 0.014423076923076924 0.13942307692307693
4 0.5889423076923077 0.8088942307692307 0.03125 0.1502403846153846
4 0.65625 0.8269230769230769 0.042067307692307696 0.1141826923076923
4 0.7259615384615384 0.8725961538461539 0.037259615384615384 0.1502403846153846
4 0.7752403846153846 0.9122596153846154 0.052884615384615384 0.16947115384615385
1 0.5180288461538461 0.9230769230769231 0.040865384615384616 0.14903846153846154
4 0.7295673076923077 0.5673076923076923 0.026442307692307692 0.14423076923076922