1 0.17307692307692307 0.0733173076923077 0.013221153846153846 0.08653846153846154
4 0.06009615384615385 0.09254807692307693 0.027644230769230768 0.07932692307692307
4 0.014423076923076924 0.19951923076923078 0.028846153846153848 0.09134615384615384
1 0.23317307692307693 0.21875 0.025240384615384616 0.0985576923076923
2 0.15865384615384615 0.40384615384615385 0.02283653846153846 0.09254807692307693
2 0.11538461538461539 0.49038461538461536 0.021634615384615384 0.09134615384615384
4 0.7379807692307693 0.054086538461538464 0.02403846153846154 0.10817307692307693
1 0.5709134615384616 0.06129807692307692 0.026442307692307692 0.12259615384615384
4 0.6850961538461539 0.0625 0.030048076923076924 0.109375
1 0.5012019230769231 0.078125 0.019230769230769232 0.1310096153846154
3 0.8966346153846154 0.20072115384615385 0.028846153846153848 0.11899038461538461
2 0.5576923076923077 0.24519230769230768 0.019230769230769232 0.1346153846153846
4 0.9387019230769231 0.25240384615384615 0.027644230769230768 0.11899038461538461
0 0.7451923076923077 0.25240384615384615 0.037259615384615384 0.07932692307692307
2 0.6382211538461539 0.35697115384615385 0.020432692307692308 0.14543269230769232
4 0.8545673076923077 0.42427884615384615 0.046875 0.12980769230769232
4 0.9074519230769231 0.4483173076923077 0.04447115384615385 0.12259615384615384
1 0.6237980769230769 0.48197115384615385 0.021634615384615384 0.13221153846153846
1 0.7728365384615384 0.484375 0.027644230769230768 0.1466346153846154
2 0.17307692307692307 0.5865384615384616 0.019230769230769232 0.03365384615384615
0 0.28846153846153844 0.6418269230769231 0.028846153846153848 0.04447115384615385
2 0.09735576923076923 0.7043269230769231 0.016826923076923076 0.07692307692307693
4 0.23677884615384615 0.8329326923076923 0.02403846153846154 0.08052884615384616
2 0.038461538461538464 0.8581730769230769 0.02283653846153846 0.08052884615384616
4 0.23076923076923078 0.9567307692307693 0.028846153846153848 0.08173076923076923
4 0.484375 0.6346153846153846 0.025240384615384616 0.0829326923076923
2 0.8305288461538461 0.6394230769230769 0.019230769230769232 0.08173076923076923
3 0.6478365384615384 0.6514423076923077 0.020432692307692308 0.051682692307692304
0 0.6790865384615384 0.6754807692307693 0.02403846153846154 0.07091346153846154
2 0.8173076923076923 0.7139423076923077 0.021634615384615384 0.10697115384615384
4 0.6045673076923077 0.7608173076923077 0.019230769230769232 0.08653846153846154
1 0.9879807692307693 0.8413461538461539 0.019230769230769232 0.10336538461538461
4 0.5925480769230769 0.875 0.03365384615384615 0.08413461538461539
1 0.7259615384615384 0.9050480769230769 0.015625 0.10697115384615384