4 0.46875 0.008413461538461538 0.028846153846153848 0.016826923076923076
3 0.515625 0.018028846153846152 0.026442307692307692 0.036057692307692304
0 0.3870192307692308 0.018028846153846152 0.028846153846153848 0.036057692307692304
2 0.2644230769230769 0.0625 0.027644230769230768 0.09134615384615384
1 0.002403846153846154 0.15264423076923078 0.004807692307692308 0.11298076923076923
1 0.2848557692307692 0.22956730769230768 0.02403846153846154 0.10336538461538461
4 0.46634615384615385 0.22956730769230768 0.028846153846153848 0.10336538461538461
4 0.44711538461538464 0.35096153846153844 0.04326923076923077 0.09134615384615384
1 0.3004807692307692 0.359375 0.03365384615384615 0.07451923076923077
1 0.5973557692307693 0.052884615384615384 0.027644230769230768 0.10336538461538461
1 0.9086538461538461 0.17908653846153846 0.02403846153846154 0.11298076923076923
2 0.3161057692307692 0.515625 0.027644230769230768 0.0673076923076923
4 0.15985576923076922 0.5540865384615384 0.037259615384615384 0.016826923076923076
1 0.5372596153846154 0.5685096153846154 0.020432692307692308 0.1045673076923077
3 0.046875 0.5985576923076923 0.020432692307692308 0.0673076923076923
0 0.1814903846153846 0.6346153846153846 0.028846153846153848 0.05889423076923077
4 0.037259615384615384 0.6862980769230769 0.028846153846153848 0.09735576923076923
2 0.37259615384615385 0.6911057692307693 0.030048076923076924 0.1045673076923077
4 0.1201923076923077 0.8052884615384616 0.037259615384615384 0.10336538461538461
1 0.5733173076923077 0.8353365384615384 0.007211538461538462 0.12740384615384615
1 0.3329326923076923 0.8617788461538461 0.02403846153846154 0.11177884615384616
4 0.11057692307692307 0.9110576923076923 0.04326923076923077 0.11177884615384616
2 0.6875 0.42427884615384615 0.019230769230769232 0.05048076923076923
4 0.9423076923076923 0.4651442307692308 0.020432692307692308 0.07091346153846154
0 0.8028846153846154 0.4879807692307692 0.028846153846153848 0.04447115384615385
3 0.9086538461538461 0.5060096153846154 0.019230769230769232 0.09134615384615384
2 0.6117788461538461 0.5504807692307693 0.016826923076923076 0.07692307692307693
4 0.7512019230769231 0.6790865384615384 0.02403846153846154 0.08052884615384616
4 0.7451923076923077 0.8088942307692307 0.026442307692307692 0.09014423076923077
4 0.6862980769230769 0.9591346153846154 0.036057692307692304 0.07692307692307693