1 0.09975961538461539 0.07692307692307693 0.02403846153846154 0.09975961538461539
2 0.057692307692307696 0.16706730769230768 0.03125 0.08774038461538461
2 0.11778846153846154 0.26322115384615385 0.03125 0.09134615384615384
1 0.29086538461538464 0.4362980769230769 0.02403846153846154 0.0985576923076923
1 0.5985576923076923 0.020432692307692308 0.02403846153846154 0.040865384615384616
4 0.4206730769230769 0.026442307692307692 0.02403846153846154 0.052884615384615384
2 0.5432692307692307 0.12620192307692307 0.025240384615384616 0.06370192307692307
2 0.6346153846153846 0.17548076923076922 0.025240384615384616 0.06490384615384616
4 0.4266826923076923 0.21995192307692307 0.014423076923076924 0.078125
0 0.5540865384615384 0.234375 0.03245192307692308 0.055288461538461536
2 0.6550480769230769 0.24639423076923078 0.03485576923076923 0.07451923076923077
3 0.4519230769230769 0.2512019230769231 0.019230769230769232 0.08774038461538461
1 0.7475961538461539 0.28725961538461536 0.03125 0.078125
2 0.6442307692307693 0.3329326923076923 0.036057692307692304 0.0625
4 0.5721153846153846 0.33533653846153844 0.03485576923076923 0.0625
2 0.390625 0.5048076923076923 0.01201923076923077 0.03365384615384615
4 0.15985576923076922 0.5324519230769231 0.02283653846153846 0.037259615384615384
2 0.3894230769230769 0.5769230769230769 0.014423076923076924 0.08173076923076923
3 0.15985576923076922 0.5997596153846154 0.013221153846153846 0.09735576923076923
0 0.26802884615384615 0.6153846153846154 0.025240384615384616 0.04807692307692308
2 0.34975961538461536 0.6622596153846154 0.016826923076923076 0.06610576923076923
4 0.23317307692307693 0.7692307692307693 0.025240384615384616 0.078125
4 0.18028846153846154 0.8798076923076923 0.027644230769230768 0.08052884615384616
4 0.15985576923076922 0.9807692307692307 0.036057692307692304 0.03365384615384615
3 0.7367788461538461 0.5072115384615384 0.040865384615384616 0.038461538461538464
0 0.6875 0.5096153846153846 0.03365384615384615 0.04326923076923077
2 0.49038461538461536 0.5480769230769231 0.038461538461538464 0.1201923076923077
1 0.40865384615384615 0.6430288461538461 0.019230769230769232 0.12740384615384615
4 0.7007211538461539 0.6538461538461539 0.037259615384615384 0.10096153846153846
4 0.7487980769230769 0.65625 0.037259615384615384 0.13341346153846154
2 0.6081730769230769 0.6742788461538461 0.04326923076923077 0.1310096153846154
1 0.43028846153846156 0.8137019230769231 0.037259615384615384 0.14783653846153846