4 0.3858173076923077 0.046875 0.02403846153846154 0.08052884615384616
2 0.1875 0.07211538461538461 0.02283653846153846 0.08052884615384616
4 0.3798076923076923 0.17668269230769232 0.026442307692307692 0.09014423076923077
4 0.09975961538461539 0.2932692307692308 0.03125 0.07932692307692307
4 0.32091346153846156 0.33533653846153844 0.03245192307692308 0.09014423076923077
1 0.8269230769230769 0.12379807692307693 0.019230769230769232 0.07091346153846154
4 0.17427884615384615 0.4795673076923077 0.01201923076923077 0.027644230769230768
2 0.4098557692307692 0.515625 0.016826923076923076 0.06610576923076923
1 0.6394230769230769 0.5168269230769231 0.019230769230769232 0.08653846153846154
3 0.17067307692307693 0.5396634615384616 0.019230769230769232 0.09134615384615384
0 0.29086538461538464 0.5625 0.03245192307692308 0.06610576923076923
2 0.421875 0.5853365384615384 0.025240384615384616 0.0889423076923077
1 0.6286057692307693 0.65625 0.016826923076923076 0.07451923076923077
4 0.22716346153846154 0.6754807692307693 0.016826923076923076 0.10336538461538461
1 0.35216346153846156 0.8149038461538461 0.016826923076923076 0.10817307692307693
4 0.18509615384615385 0.8233173076923077 0.015625 0.08653846153846154
1 0.7019230769230769 0.703125 0.02403846153846154 0.08173076923076923
1 0.8064903846153846 0.9375 0.021634615384615384 0.1201923076923077