1 0.35697115384615385 0.03125 0.03125 0.0625
1 0.07692307692307693 0.125 0.02403846153846154 0.11538461538461539
2 0.3629807692307692 0.1502403846153846 0.025240384615384616 0.12139423076923077
2 0.3942307692307692 0.24639423076923078 0.027644230769230768 0.11177884615384616
2 0.40384615384615385 0.3557692307692308 0.025240384615384616 0.13581730769230768
1 0.6310096153846154 0.13581730769230768 0.02403846153846154 0.11899038461538461
2 0.9699519230769231 0.30408653846153844 0.02403846153846154 0.11177884615384616
1 0.7692307692307693 0.45072115384615385 0.03125 0.1201923076923077
1 0.5228365384615384 0.7007211538461539 0.007211538461538462 0.07932692307692307
1 0.2091346153846154 0.7944711538461539 0.019230769230769232 0.07451923076923077
2 0.4423076923076923 0.8497596153846154 0.027644230769230768 0.08173076923076923
2 0.3942307692307692 0.9543269230769231 0.020432692307692308 0.07451923076923077
4 0.7692307692307693 0.5492788461538461 0.03365384615384615 0.06009615384615385
2 0.9447115384615384 0.7572115384615384 0.019230769230769232 0.0829326923076923
3 0.7908653846153846 0.7824519230769231 0.02283653846153846 0.05048076923076923
4 0.609375 0.7956730769230769 0.015625 0.09014423076923077
0 0.8221153846153846 0.796875 0.02403846153846154 0.0673076923076923
2 0.9663461538461539 0.8173076923076923 0.02403846153846154 0.08774038461538461
4 0.7776442307692307 0.8810096153846154 0.019230769230769232 0.0829326923076923
1 0.9831730769230769 0.9651442307692307 0.019230769230769232 0.06490384615384616
4 0.8076923076923077 0.9819711538461539 0.019230769230769232 0.03125
1 0.9891826923076923 0.5324519230769231 0.016826923076923076 0.026442307692307692