4 0.6105769230769231 0.019230769230769232 0.019230769230769232 0.038461538461538464
3 0.6358173076923077 0.03365384615384615 0.026442307692307692 0.0673076923076923
2 0.31971153846153844 0.037259615384615384 0.02403846153846154 0.07451923076923077
0 0.4855769230769231 0.042067307692307696 0.027644230769230768 0.0625
4 0.5757211538461539 0.09735576923076923 0.027644230769230768 0.09134615384615384
2 0.3701923076923077 0.140625 0.02403846153846154 0.09975961538461539
1 0.18028846153846154 0.15865384615384615 0.019230769230769232 0.11057692307692307
4 0.640625 0.2704326923076923 0.03125 0.11778846153846154
1 0.41466346153846156 0.3161057692307692 0.019230769230769232 0.109375
4 0.6850961538461539 0.5132211538461539 0.04326923076923077 0.11538461538461539
1 0.5985576923076923 0.5456730769230769 0.03485576923076923 0.11057692307692307
4 0.8882211538461539 0.007211538461538462 0.026442307692307692 0.014423076923076924
4 0.8329326923076923 0.055288461538461536 0.019230769230769232 0.08653846153846154
2 0.9927884615384616 0.13221153846153846 0.009615384615384616 0.09615384615384616
0 0.8173076923076923 0.23557692307692307 0.019230769230769232 0.08173076923076923
2 0.9615384615384616 0.27163461538461536 0.02283653846153846 0.10096153846153846
2 0.8425480769230769 0.34975961538461536 0.028846153846153848 0.0889423076923077
1 0.9362980769230769 0.4338942307692308 0.026442307692307692 0.09735576923076923
1 0.9254807692307693 0.6526442307692307 0.028846153846153848 0.026442307692307692
1 0.016826923076923076 0.7091346153846154 0.03365384615384615 0.08173076923076923
4 0.7355769230769231 0.7103365384615384 0.038461538461538464 0.08413461538461539
2 0.4699519230769231 0.7127403846153846 0.04567307692307692 0.0889423076923077
2 0.3786057692307692 0.7668269230769231 0.025240384615384616 0.13221153846153846
4 0.47115384615384615 0.8365384615384616 0.04447115384615385 0.1310096153846154
1 0.09735576923076923 0.9134615384615384 0.026442307692307692 0.15384615384615385
4 0.42908653846153844 0.9639423076923077 0.04567307692307692 0.0673076923076923
1 0.8701923076923077 0.7908653846153846 0.042067307692307696 0.1502403846153846