4 0.2776442307692308 0.025240384615384616 0.036057692307692304 0.05048076923076923
4 0.32091346153846156 0.07091346153846154 0.03125 0.09134615384615384
4 0.3449519230769231 0.16105769230769232 0.037259615384615384 0.05889423076923077
2 0.17908653846153846 0.1814903846153846 0.021634615384615384 0.10697115384615384
2 0.2692307692307692 0.2283653846153846 0.04567307692307692 0.09495192307692307
3 0.4831730769230769 0.28846153846153844 0.03125 0.10817307692307693
0 0.32572115384615385 0.30288461538461536 0.03365384615384615 0.05889423076923077
2 0.11899038461538461 0.3137019230769231 0.02403846153846154 0.11177884615384616
4 0.4182692307692308 0.44591346153846156 0.026442307692307692 0.11778846153846154
4 0.3737980769230769 0.5216346153846154 0.03365384615384615 0.109375
1 0.29927884615384615 0.5240384615384616 0.027644230769230768 0.09495192307692307
1 0.09615384615384616 0.5697115384615384 0.03365384615384615 0.03365384615384615
2 0.6598557692307693 0.12139423076923077 0.020432692307692308 0.046875
4 0.8389423076923077 0.17307692307692307 0.030048076923076924 0.055288461538461536
4 0.8040865384615384 0.1778846153846154 0.03125 0.038461538461538464
2 0.6526442307692307 0.19591346153846154 0.01201923076923077 0.06971153846153846
3 0.7920673076923077 0.27283653846153844 0.02403846153846154 0.07211538461538461
0 0.7680288461538461 0.27403846153846156 0.020432692307692308 0.036057692307692304
4 0.96875 0.30408653846153844 0.030048076923076924 0.07451923076923077
2 0.6358173076923077 0.3076923076923077 0.02403846153846154 0.06370192307692307
1 0.26802884615384615 0.7608173076923077 0.021634615384615384 0.09375
4 0.5637019230769231 0.7620192307692307 0.026442307692307692 0.09615384615384616
1 0.49759615384615385 0.8317307692307693 0.021634615384615384 0.07572115384615384
4 0.5721153846153846 0.8605769230769231 0.009615384615384616 0.0673076923076923
4 0.5625 0.9014423076923077 0.028846153846153848 0.04807692307692308
1 0.20192307692307693 0.9278846153846154 0.02283653846153846 0.10336538461538461
2 0.3762019230769231 0.9459134615384616 0.027644230769230768 0.0889423076923077
4 0.8930288461538461 0.6057692307692307 0.026442307692307692 0.03365384615384615
2 0.6153846153846154 0.6466346153846154 0.021634615384615384 0.06850961538461539
3 0.9014423076923077 0.6778846153846154 0.018028846153846152 0.10216346153846154
0 0.7524038461538461 0.7079326923076923 0.04807692307692308 0.06610576923076923
1 0.7091346153846154 0.8894230769230769 0.020432692307692308 0.11658653846153846
4 0.7776442307692307 0.9002403846153846 0.037259615384615384 0.1045673076923077