4 0.2512019230769231 0.12980769230769232 0.03245192307692308 0.10576923076923077
1 0.3173076923076923 0.13942307692307693 0.03125 0.08774038461538461
2 0.14543269230769232 0.38100961538461536 0.056490384615384616 0.09254807692307693
1 0.24879807692307693 0.38822115384615385 0.040865384615384616 0.12139423076923077
0 0.01201923076923077 0.49038461538461536 0.02403846153846154 0.07211538461538461
2 0.20552884615384615 0.5252403846153846 0.037259615384615384 0.12740384615384615
2 0.14783653846153846 0.59375 0.04567307692307692 0.125
1 0.9134615384615384 0.07091346153846154 0.013221153846153846 0.037259615384615384
1 0.75 0.16105769230769232 0.015625 0.039663461538461536
1 0.8617788461538461 0.16105769230769232 0.013221153846153846 0.04807692307692308
2 0.9146634615384616 0.21033653846153846 0.01201923076923077 0.04567307692307692
2 0.9266826923076923 0.28725961538461536 0.01201923076923077 0.0625
1 0.6490384615384616 0.40865384615384615 0.014423076923076924 0.06610576923076923
1 0.9182692307692307 0.5108173076923077 0.021634615384615384 0.0625
4 0.16706730769230768 0.7247596153846154 0.028846153846153848 0.07091346153846154
3 0.3016826923076923 0.9495192307692307 0.02403846153846154 0.09495192307692307
0 0.16826923076923078 0.9783653846153846 0.03365384615384615 0.038461538461538464
4 0.3545673076923077 0.9795673076923077 0.03125 0.036057692307692304
4 0.5516826923076923 0.6947115384615384 0.016826923076923076 0.07211538461538461
4 0.5697115384615384 0.7127403846153846 0.019230769230769232 0.10817307692307693