1 0.09254807692307693 0.016826923076923076 0.026442307692307692 0.03365384615384615
1 0.44350961538461536 0.03485576923076923 0.026442307692307692 0.06971153846153846
3 0.6478365384615384 0.030048076923076924 0.036057692307692304 0.06009615384615385
2 0.9903846153846154 0.025240384615384616 0.014423076923076924 0.05048076923076923
4 0.7415865384615384 0.04927884615384615 0.040865384615384616 0.0985576923076923
4 0.9326923076923077 0.1141826923076923 0.042067307692307696 0.1141826923076923
4 0.8846153846153846 0.24639423076923078 0.04447115384615385 0.125
4 0.25841346153846156 0.5036057692307693 0.03365384615384615 0.07932692307692307
2 0.07451923076923077 0.5288461538461539 0.019230769230769232 0.09615384615384616
4 0.20552884615384615 0.5697115384615384 0.02283653846153846 0.09014423076923077
4 0.2548076923076923 0.6346153846153846 0.03125 0.08774038461538461
2 0.0889423076923077 0.7283653846153846 0.02283653846153846 0.08533653846153846
2 0.042067307692307696 0.7908653846153846 0.03245192307692308 0.06850961538461539
0 0.15865384615384615 0.7920673076923077 0.038461538461538464 0.06850961538461539
3 0.2932692307692308 0.7920673076923077 0.021634615384615384 0.11057692307692307
4 0.2848557692307692 0.875 0.027644230769230768 0.09975961538461539
1 0.01201923076923077 0.8882211538461539 0.02403846153846154 0.10576923076923077
4 0.1622596153846154 0.9338942307692307 0.037259615384615384 0.07692307692307693
1 0.004807692307692308 0.42427884615384615 0.009615384615384616 0.0889423076923077
4 0.9170673076923077 0.3581730769230769 0.03125 0.038461538461538464
4 0.8293269230769231 0.5372596153846154 0.028846153846153848 0.046875
2 0.9266826923076923 0.5733173076923077 0.030048076923076924 0.08052884615384616
4 0.8329326923076923 0.5853365384615384 0.04326923076923077 0.03365384615384615
4 0.8677884615384616 0.6201923076923077 0.02403846153846154 0.06971153846153846
3 0.8209134615384616 0.6802884615384616 0.021634615384615384 0.08173076923076923
4 0.5997596153846154 0.6838942307692307 0.026442307692307692 0.0889423076923077
0 0.8533653846153846 0.7127403846153846 0.027644230769230768 0.06971153846153846
2 0.8798076923076923 0.8149038461538461 0.02403846153846154 0.11177884615384616
1 0.9555288461538461 0.8509615384615384 0.020432692307692308 0.10576923076923077