4 0.6622596153846154 0.01201923076923077 0.026442307692307692 0.02403846153846154
2 0.42908653846153844 0.026442307692307692 0.021634615384615384 0.052884615384615384
1 0.09975961538461539 0.09735576923076923 0.02403846153846154 0.08052884615384616
4 0.5348557692307693 0.11658653846153846 0.027644230769230768 0.07932692307692307
1 0.4170673076923077 0.42908653846153844 0.027644230769230768 0.09375
4 0.5372596153846154 0.43028846153846156 0.03485576923076923 0.10697115384615384
2 0.9014423076923077 0.03485576923076923 0.03365384615384615 0.06971153846153846
2 0.8822115384615384 0.14423076923076922 0.030048076923076924 0.07692307692307693
2 0.953125 0.2536057692307692 0.025240384615384616 0.07091346153846154
1 0.7271634615384616 0.41346153846153844 0.016826923076923076 0.10096153846153846
4 0.9891826923076923 0.4519230769230769 0.016826923076923076 0.07211538461538461
4 0.35096153846153844 0.5829326923076923 0.019230769230769232 0.06850961538461539
1 0.5228365384615384 0.65625 0.016826923076923076 0.06971153846153846
4 0.28365384615384615 0.7367788461538461 0.02403846153846154 0.08653846153846154
1 0.5793269230769231 0.8317307692307693 0.025240384615384616 0.0829326923076923
2 0.4014423076923077 0.8365384615384616 0.025240384615384616 0.07692307692307693
3 0.078125 0.8641826923076923 0.028846153846153848 0.09014423076923077
0 0.18269230769230768 0.9158653846153846 0.026442307692307692 0.06009615384615385
2 0.28846153846153844 0.9771634615384616 0.02403846153846154 0.040865384615384616
4 0.1201923076923077 0.984375 0.038461538461538464 0.026442307692307692
3 0.8221153846153846 0.7055288461538461 0.03125 0.08774038461538461
0 0.8629807692307693 0.734375 0.027644230769230768 0.0829326923076923
4 0.7572115384615384 0.8725961538461539 0.036057692307692304 0.11177884615384616
2 0.9819711538461539 0.8810096153846154 0.025240384615384616 0.12980769230769232