4 0.2800480769230769 0.06971153846153846 0.03245192307692308 0.09615384615384616
4 0.17067307692307693 0.27283653846153844 0.039663461538461536 0.11177884615384616
1 0.296875 0.3088942307692308 0.030048076923076924 0.12139423076923077
4 0.6766826923076923 0.01201923076923077 0.036057692307692304 0.02403846153846154
2 0.8617788461538461 0.027644230769230768 0.016826923076923076 0.055288461538461536
4 0.59375 0.03485576923076923 0.02403846153846154 0.06971153846153846
0 0.7451923076923077 0.08413461538461539 0.03245192307692308 0.054086538461538464
3 0.6213942307692307 0.10216346153846154 0.02283653846153846 0.09975961538461539
1 0.8978365384615384 0.29086538461538464 0.021634615384615384 0.09134615384615384
4 0.8233173076923077 0.32091346153846156 0.027644230769230768 0.09254807692307693
4 0.18509615384615385 0.5360576923076923 0.03365384615384615 0.07211538461538461
1 0.055288461538461536 0.53125 0.03365384615384615 0.0625
1 0.0733173076923077 0.578125 0.037259615384615384 0.07451923076923077
4 0.1971153846153846 0.6274038461538461 0.038461538461538464 0.09254807692307693
2 0.09014423076923077 0.6418269230769231 0.03365384615384615 0.08413461538461539
2 0.41586538461538464 0.7463942307692307 0.019230769230769232 0.12259615384615384
3 0.19230769230769232 0.7560096153846154 0.037259615384615384 0.07932692307692307
0 0.1502403846153846 0.7704326923076923 0.03485576923076923 0.07211538461538461
2 0.11298076923076923 0.9362980769230769 0.038461538461538464 0.12259615384615384
4 0.5216346153846154 0.5228365384615384 0.02403846153846154 0.04567307692307692
1 0.8533653846153846 0.5733173076923077 0.026442307692307692 0.1201923076923077
4 0.6274038461538461 0.5817307692307693 0.039663461538461536 0.1141826923076923
1 0.9074519230769231 0.6694711538461539 0.03485576923076923 0.1141826923076923
2 0.9302884615384616 0.7788461538461539 0.03365384615384615 0.08173076923076923
4 0.6850961538461539 0.8016826923076923 0.036057692307692304 0.109375
2 0.9543269230769231 0.8485576923076923 0.03125 0.11177884615384616
4 0.6057692307692307 0.8701923076923077 0.03485576923076923 0.11177884615384616
0 0.7920673076923077 0.8846153846153846 0.037259615384615384 0.055288461538461536
3 0.6262019230769231 0.9122596153846154 0.026442307692307692 0.15384615384615385