1 0.47115384615384615 0.0625 0.009615384615384616 0.08173076923076923
4 0.2692307692307692 0.06971153846153846 0.03245192307692308 0.09014423076923077
4 0.23076923076923078 0.27163461538461536 0.03245192307692308 0.10096153846153846
1 0.43028846153846156 0.2776442307692308 0.02283653846153846 0.0889423076923077
2 0.46033653846153844 0.4375 0.026442307692307692 0.0985576923076923
3 0.2860576923076923 0.49759615384615385 0.028846153846153848 0.07091346153846154
0 0.3245192307692308 0.5240384615384616 0.03245192307692308 0.07091346153846154
4 0.07932692307692307 0.5408653846153846 0.027644230769230768 0.1045673076923077
4 0.27524038461538464 0.6502403846153846 0.026442307692307692 0.09134615384615384
4 0.3329326923076923 0.6790865384615384 0.036057692307692304 0.07451923076923077
1 0.8161057692307693 0.037259615384615384 0.021634615384615384 0.07451923076923077
4 0.8978365384615384 0.039663461538461536 0.030048076923076924 0.07692307692307693
1 0.7379807692307693 0.06009615384615385 0.016826923076923076 0.09615384615384616
4 0.8629807692307693 0.078125 0.027644230769230768 0.08413461538461539
2 0.8197115384615384 0.1875 0.028846153846153848 0.07451923076923077
2 0.6959134615384616 0.234375 0.026442307692307692 0.09975961538461539
4 0.9939903846153846 0.25961538461538464 0.007211538461538462 0.08173076923076923
3 0.9915865384615384 0.3125 0.01201923076923077 0.08653846153846154
0 0.8569711538461539 0.3329326923076923 0.026442307692307692 0.06610576923076923
2 0.7019230769230769 0.3581730769230769 0.026442307692307692 0.11177884615384616
2 0.8161057692307693 0.4651442307692308 0.027644230769230768 0.11177884615384616
4 0.8689903846153846 0.6538461538461539 0.04447115384615385 0.08653846153846154
1 0.8149038461538461 0.6622596153846154 0.028846153846153848 0.09254807692307693
4 0.3161057692307692 0.8858173076923077 0.025240384615384616 0.1045673076923077
1 0.4723557692307692 0.9026442307692307 0.007211538461538462 0.0985576923076923
4 0.2536057692307692 0.9447115384615384 0.028846153846153848 0.0985576923076923
1 0.7355769230769231 0.7752403846153846 0.04807692307692308 0.11298076923076923
2 0.5372596153846154 0.7908653846153846 0.055288461538461536 0.11658653846153846