1 0.3894230769230769 0.016826923076923076 0.03365384615384615 0.03365384615384615
4 0.46274038461538464 0.03485576923076923 0.026442307692307692 0.06971153846153846
2 0.2764423076923077 0.13822115384615385 0.030048076923076924 0.09495192307692307
0 0.4326923076923077 0.21754807692307693 0.03245192307692308 0.07932692307692307
2 0.28966346153846156 0.2512019230769231 0.027644230769230768 0.07451923076923077
2 0.2860576923076923 0.35216346153846156 0.03125 0.09495192307692307
4 0.46875 0.359375 0.014423076923076924 0.11298076923076923
4 0.44350961538461536 0.4567307692307692 0.036057692307692304 0.08173076923076923
1 0.21875 0.46153846153846156 0.03365384615384615 0.07211538461538461
1 0.34375 0.4699519230769231 0.028846153846153848 0.055288461538461536
4 0.6622596153846154 0.021634615384615384 0.040865384615384616 0.04326923076923077
1 0.7427884615384616 0.030048076923076924 0.03365384615384615 0.06009615384615385
4 0.6033653846153846 0.11538461538461539 0.042067307692307696 0.09495192307692307
1 0.6935096153846154 0.12139423076923077 0.028846153846153848 0.08653846153846154
2 0.6526442307692307 0.2764423076923077 0.039663461538461536 0.08774038461538461
2 0.75 0.3798076923076923 0.03245192307692308 0.12139423076923077
0 0.5528846153846154 0.39783653846153844 0.027644230769230768 0.0625
2 0.7367788461538461 0.44591346153846156 0.03125 0.10336538461538461
4 0.4951923076923077 0.4795673076923077 0.03365384615384615 0.036057692307692304
1 0.23798076923076922 0.5144230769230769 0.019230769230769232 0.028846153846153848
2 0.3629807692307692 0.5697115384615384 0.02283653846153846 0.08653846153846154
2 0.3557692307692308 0.6862980769230769 0.027644230769230768 0.0829326923076923
1 0.015625 0.7223557692307693 0.018028846153846152 0.11177884615384616
2 0.34375 0.7752403846153846 0.02403846153846154 0.09254807692307693
2 0.46033653846153844 0.84375 0.030048076923076924 0.0829326923076923
1 0.4254807692307692 0.9146634615384616 0.026442307692307692 0.09615384615384616
1 0.30649038461538464 0.9579326923076923 0.026442307692307692 0.07932692307692307
1 0.9122596153846154 0.546875 0.021634615384615384 0.09375
1 0.8677884615384616 0.5973557692307693 0.02283653846153846 0.11057692307692307
1 0.6983173076923077 0.8221153846153846 0.03245192307692308 0.125