4 0.08173076923076923 0.018028846153846152 0.03365384615384615 0.036057692307692304
2 0.3076923076923077 0.051682692307692304 0.03365384615384615 0.10336538461538461
2 0.29086538461538464 0.14423076923076922 0.03485576923076923 0.1201923076923077
0 0.10336538461538461 0.1502403846153846 0.030048076923076924 0.07451923076923077
4 0.02283653846153846 0.40384615384615385 0.03365384615384615 0.1045673076923077
1 0.125 0.4266826923076923 0.03485576923076923 0.13581730769230768
1 0.31490384615384615 0.47475961538461536 0.028846153846153848 0.10336538461538461
1 0.6105769230769231 0.05048076923076923 0.016826923076923076 0.09134615384615384
2 0.5060096153846154 0.2127403846153846 0.027644230769230768 0.08774038461538461
1 0.8689903846153846 0.30288461538461536 0.019230769230769232 0.0985576923076923
2 0.5204326923076923 0.3245192307692308 0.020432692307692308 0.09975961538461539
1 0.5913461538461539 0.41225961538461536 0.025240384615384616 0.09975961538461539
0 0.11538461538461539 0.7884615384615384 0.026442307692307692 0.06971153846153846
2 0.22355769230769232 0.828125 0.025240384615384616 0.09975961538461539
4 0.028846153846153848 0.8533653846153846 0.02403846153846154 0.09495192307692307
1 0.359375 0.8569711538461539 0.021634615384615384 0.1141826923076923
1 0.3485576923076923 0.9759615384615384 0.028846153846153848 0.04326923076923077
2 0.2127403846153846 0.9807692307692307 0.03125 0.03365384615384615
4 0.18269230769230768 0.5973557692307693 0.030048076923076924 0.0889423076923077
1 0.23557692307692307 0.6021634615384616 0.02403846153846154 0.10336538461538461
4 0.12139423076923077 0.7103365384615384 0.030048076923076924 0.046875
2 0.24639423076923078 0.7331730769230769 0.02403846153846154 0.11057692307692307
1 0.4411057692307692 0.7548076923076923 0.03125 0.10817307692307693
2 0.8605769230769231 0.5540865384615384 0.03365384615384615 0.05048076923076923
1 0.5504807692307693 0.5649038461538461 0.028846153846153848 0.07211538461538461
2 0.8605769230769231 0.6574519230769231 0.030048076923076924 0.11177884615384616
1 0.7764423076923077 0.8028846153846154 0.03245192307692308 0.10817307692307693