2 0.4387019230769231 0.016826923076923076 0.036057692307692304 0.03365384615384615
1 0.09375 0.027644230769230768 0.038461538461538464 0.055288461538461536
2 0.45552884615384615 0.057692307692307696 0.03125 0.10336538461538461
1 0.41346153846153844 0.1502403846153846 0.038461538461538464 0.1310096153846154
1 0.2283653846153846 0.28846153846153844 0.026442307692307692 0.1622596153846154
1 0.8173076923076923 0.015625 0.02403846153846154 0.03125
1 0.5552884615384616 0.025240384615384616 0.02403846153846154 0.05048076923076923
1 0.8533653846153846 0.0733173076923077 0.015625 0.06971153846153846
4 0.5805288461538461 0.12139423076923077 0.02403846153846154 0.09495192307692307
2 0.8100961538461539 0.20192307692307693 0.027644230769230768 0.08052884615384616
0 0.6911057692307693 0.28125 0.036057692307692304 0.06009615384615385
2 0.8713942307692307 0.2824519230769231 0.02403846153846154 0.06850961538461539
3 0.5552884615384616 0.2920673076923077 0.02283653846153846 0.07932692307692307
4 0.5709134615384616 0.3713942307692308 0.021634615384615384 0.07932692307692307
4 0.8173076923076923 0.5384615384615384 0.026442307692307692 0.10697115384615384
1 0.45552884615384615 0.8305288461538461 0.026442307692307692 0.1141826923076923
2 0.9939903846153846 0.6971153846153846 0.007211538461538462 0.07692307692307693
2 0.9903846153846154 0.8377403846153846 0.014423076923076924 0.10817307692307693