2 0.5300480769230769 0.018028846153846152 0.036057692307692304 0.036057692307692304
4 0.6237980769230769 0.037259615384615384 0.026442307692307692 0.07451923076923077
1 0.17067307692307693 0.0733173076923077 0.02403846153846154 0.13581730769230768
1 0.453125 0.13701923076923078 0.038461538461538464 0.13822115384615385
1 0.7632211538461539 0.010817307692307692 0.021634615384615384 0.021634615384615384
1 0.7211538461538461 0.030048076923076924 0.02403846153846154 0.06009615384615385
1 0.6550480769230769 0.11658653846153846 0.014423076923076924 0.0733173076923077
4 0.2848557692307692 0.4891826923076923 0.038461538461538464 0.08413461538461539
1 0.5973557692307693 0.4951923076923077 0.020432692307692308 0.09735576923076923
1 0.6129807692307693 0.6213942307692307 0.027644230769230768 0.11298076923076923
3 0.10096153846153846 0.6622596153846154 0.02283653846153846 0.11778846153846154
4 0.054086538461538464 0.6682692307692307 0.027644230769230768 0.10096153846153846
2 0.4026442307692308 0.6778846153846154 0.027644230769230768 0.0829326923076923
0 0.23798076923076922 0.6862980769230769 0.03125 0.056490384615384616
4 0.14302884615384615 0.7644230769230769 0.030048076923076924 0.09014423076923077
2 0.3894230769230769 0.7680288461538461 0.030048076923076924 0.09735576923076923
4 0.15504807692307693 0.9278846153846154 0.042067307692307696 0.0889423076923077
2 0.36778846153846156 0.9411057692307693 0.028846153846153848 0.11298076923076923
1 0.5805288461538461 0.9507211538461539 0.026442307692307692 0.09375
4 0.8221153846153846 0.453125 0.037259615384615384 0.03245192307692308
2 0.6574519230769231 0.48197115384615385 0.020432692307692308 0.08653846153846154
4 0.9038461538461539 0.5324519230769231 0.02283653846153846 0.0625
0 0.7572115384615384 0.5552884615384616 0.03485576923076923 0.06129807692307692
3 0.8954326923076923 0.5805288461538461 0.019230769230769232 0.09615384615384616
4 0.6634615384615384 0.7788461538461539 0.027644230769230768 0.09134615384615384