2 0.27524038461538464 0.1935096153846154 0.025240384615384616 0.05889423076923077
4 0.32572115384615385 0.20793269230769232 0.026442307692307692 0.0625
2 0.27884615384615385 0.25961538461538464 0.02403846153846154 0.06490384615384616
4 0.3581730769230769 0.2692307692307692 0.03125 0.06009615384615385
3 0.4495192307692308 0.36658653846153844 0.02283653846153846 0.0985576923076923
0 0.32211538461538464 0.3894230769230769 0.027644230769230768 0.06370192307692307
2 0.140625 0.4074519230769231 0.026442307692307692 0.10336538461538461
2 0.2920673076923077 0.5012019230769231 0.030048076923076924 0.08413461538461539
4 0.3605769230769231 0.5480769230769231 0.03125 0.09134615384615384
1 0.25600961538461536 0.5949519230769231 0.028846153846153848 0.0889423076923077
4 0.39903846153846156 0.6021634615384616 0.039663461538461536 0.09495192307692307
1 0.5949519230769231 0.027644230769230768 0.021634615384615384 0.055288461538461536
1 0.7788461538461539 0.04326923076923077 0.020432692307692308 0.07932692307692307
2 0.6021634615384616 0.16346153846153846 0.025240384615384616 0.07091346153846154
1 0.8353365384615384 0.40865384615384615 0.030048076923076924 0.08774038461538461
1 0.5649038461538461 0.5745192307692307 0.03125 0.08653846153846154
4 0.3389423076923077 0.7620192307692307 0.028846153846153848 0.0673076923076923
4 0.37740384615384615 0.7956730769230769 0.027644230769230768 0.09495192307692307
1 0.18028846153846154 0.796875 0.021634615384615384 0.10697115384615384
1 0.9254807692307693 0.8149038461538461 0.016826923076923076 0.07091346153846154
4 0.5528846153846154 0.8221153846153846 0.009615384615384616 0.09615384615384616
1 0.7247596153846154 0.828125 0.02403846153846154 0.11177884615384616