1 0.19831730769230768 0.021634615384615384 0.021634615384615384 0.04326923076923077
1 0.006009615384615385 0.15384615384615385 0.01201923076923077 0.08653846153846154
4 0.3942307692307692 0.203125 0.020432692307692308 0.054086538461538464
2 0.171875 0.2403846153846154 0.02283653846153846 0.06971153846153846
3 0.3894230769230769 0.265625 0.02403846153846154 0.08774038461538461
0 0.27524038461538464 0.28365384615384615 0.026442307692307692 0.05048076923076923
2 0.16706730769230768 0.4182692307692308 0.025240384615384616 0.0625
4 0.33774038461538464 0.4579326923076923 0.026442307692307692 0.055288461538461536
4 0.24879807692307693 0.015625 0.03125 0.03125
2 0.5769230769230769 0.01201923076923077 0.03365384615384615 0.02403846153846154
1 0.8425480769230769 0.025240384615384616 0.026442307692307692 0.05048076923076923
4 0.5144230769230769 0.016826923076923076 0.028846153846153848 0.03365384615384615
3 0.5084134615384616 0.125 0.016826923076923076 0.08173076923076923
2 0.7367788461538461 0.14302884615384615 0.03125 0.109375
0 0.5432692307692307 0.14302884615384615 0.03485576923076923 0.07572115384615384
4 0.5540865384615384 0.36177884615384615 0.04567307692307692 0.12139423076923077
2 0.6358173076923077 0.421875 0.028846153846153848 0.11177884615384616
4 0.5060096153846154 0.43149038461538464 0.01201923076923077 0.0985576923076923
1 0.12139423076923077 0.4963942307692308 0.026442307692307692 0.016826923076923076
2 0.3389423076923077 0.5060096153846154 0.02403846153846154 0.036057692307692304
0 0.46033653846153844 0.5108173076923077 0.036057692307692304 0.04567307692307692
2 0.32211538461538464 0.5721153846153846 0.02403846153846154 0.07692307692307693
1 0.25961538461538464 0.6237980769230769 0.021634615384615384 0.08774038461538461
4 0.4110576923076923 0.625 0.03245192307692308 0.08774038461538461
1 0.08533653846153846 0.6682692307692307 0.026442307692307692 0.10096153846153846
4 0.3954326923076923 0.71875 0.038461538461538464 0.09134615384615384
1 0.05889423076923077 0.8293269230769231 0.02283653846153846 0.11538461538461539
4 0.31490384615384615 0.8786057692307693 0.03245192307692308 0.10697115384615384
2 0.6189903846153846 0.5252403846153846 0.021634615384615384 0.07451923076923077
1 0.8918269230769231 0.671875 0.020432692307692308 0.09975961538461539
1 0.5504807692307693 0.6754807692307693 0.019230769230769232 0.1045673076923077
1 0.5480769230769231 0.9747596153846154 0.028846153846153848 0.04567307692307692