1 0.17908653846153846 0.06490384615384616 0.036057692307692304 0.12980769230769232
4 0.3954326923076923 0.0889423076923077 0.04807692307692308 0.16346153846153846
2 0.20552884615384615 0.109375 0.06490384615384616 0.15144230769230768
1 0.025240384615384616 0.32572115384615385 0.05048076923076923 0.1658653846153846
1 0.1658653846153846 0.34134615384615385 0.042067307692307696 0.1466346153846154
4 0.6959134615384616 0.057692307692307696 0.037259615384615384 0.09134615384615384
1 0.7692307692307693 0.06490384615384616 0.02283653846153846 0.09254807692307693
1 0.9951923076923077 0.25240384615384615 0.004807692307692308 0.125
2 0.8341346153846154 0.3293269230769231 0.02403846153846154 0.10697115384615384
3 0.5925480769230769 0.3545673076923077 0.026442307692307692 0.0889423076923077
0 0.6298076923076923 0.38341346153846156 0.027644230769230768 0.0829326923076923
2 0.8221153846153846 0.4230769230769231 0.02403846153846154 0.04807692307692308
4 0.44471153846153844 0.5180288461538461 0.03365384615384615 0.0733173076923077
2 0.2956730769230769 0.5576923076923077 0.025240384615384616 0.09495192307692307
1 0.06850961538461539 0.5841346153846154 0.020432692307692308 0.0829326923076923
2 0.34975961538461536 0.671875 0.03125 0.0733173076923077
0 0.5120192307692307 0.6899038461538461 0.028846153846153848 0.05048076923076923
2 0.4110576923076923 0.75 0.02403846153846154 0.08774038461538461
1 0.21033653846153846 0.8137019230769231 0.02403846153846154 0.09254807692307693
1 0.3870192307692308 0.9387019230769231 0.026442307692307692 0.10817307692307693
4 0.6911057692307693 0.5012019230769231 0.025240384615384616 0.07091346153846154
1 0.7367788461538461 0.5264423076923077 0.018028846153846152 0.078125
4 0.6574519230769231 0.6442307692307693 0.030048076923076924 0.07091346153846154
1 0.7884615384615384 0.6730769230769231 0.021634615384615384 0.0829326923076923
4 0.5961538461538461 0.8197115384615384 0.03365384615384615 0.08653846153846154
1 0.6983173076923077 0.8269230769230769 0.025240384615384616 0.08052884615384616