4 0.3629807692307692 0.008413461538461538 0.019230769230769232 0.016826923076923076
1 0.008413461538461538 0.007211538461538462 0.016826923076923076 0.014423076923076924
4 0.34615384615384615 0.05048076923076923 0.026442307692307692 0.07572115384615384
1 0.09975961538461539 0.052884615384615384 0.019230769230769232 0.0625
4 0.36538461538461536 0.12379807692307693 0.02283653846153846 0.06971153846153846
2 0.2536057692307692 0.15745192307692307 0.014423076923076924 0.07932692307692307
2 0.16706730769230768 0.2776442307692308 0.02283653846153846 0.07091346153846154
0 0.26322115384615385 0.3605769230769231 0.03125 0.05889423076923077
3 0.3870192307692308 0.3641826923076923 0.02283653846153846 0.0889423076923077
2 0.10576923076923077 0.4182692307692308 0.02283653846153846 0.08774038461538461
2 0.171875 0.4338942307692308 0.026442307692307692 0.06370192307692307
4 0.23677884615384615 0.5853365384615384 0.026442307692307692 0.06971153846153846
4 0.24639423076923078 0.6502403846153846 0.039663461538461536 0.09615384615384616
2 0.5252403846153846 0.20673076923076922 0.019230769230769232 0.09975961538461539
4 0.890625 0.20793269230769232 0.026442307692307692 0.08774038461538461
3 0.7427884615384616 0.24639423076923078 0.026442307692307692 0.055288461538461536
0 0.71875 0.2704326923076923 0.03485576923076923 0.05889423076923077
2 0.5600961538461539 0.32091346153846156 0.025240384615384616 0.10817307692307693
4 0.7764423076923077 0.3858173076923077 0.03365384615384615 0.057692307692307696
2 0.5913461538461539 0.40384615384615385 0.025240384615384616 0.10817307692307693
4 0.8076923076923077 0.42788461538461536 0.028846153846153848 0.07692307692307693
1 0.6358173076923077 0.5072115384615384 0.025240384615384616 0.11177884615384616
4 0.8966346153846154 0.5637019230769231 0.036057692307692304 0.0985576923076923
1 0.6670673076923077 0.6694711538461539 0.027644230769230768 0.10336538461538461
1 0.05048076923076923 0.8112980769230769 0.038461538461538464 0.1466346153846154
1 0.45913461538461536 0.8557692307692307 0.019230769230769232 0.08173076923076923