2 0.4567307692307692 0.08653846153846154 0.02403846153846154 0.07692307692307693
2 0.41466346153846156 0.10096153846153846 0.02403846153846154 0.09134615384615384
1 0.25721153846153844 0.18870192307692307 0.018028846153846152 0.09495192307692307
1 0.2692307692307692 0.4362980769230769 0.016826923076923076 0.11658653846153846
1 0.49278846153846156 0.44711538461538464 0.009615384615384616 0.11057692307692307
1 0.6045673076923077 0.14423076923076922 0.03125 0.11658653846153846
2 0.8786057692307693 0.15384615384615385 0.038461538461538464 0.1141826923076923
2 0.9783653846153846 0.2283653846153846 0.021634615384615384 0.12259615384615384
1 0.7596153846153846 0.2848557692307692 0.02403846153846154 0.1310096153846154
1 0.9771634615384616 0.36778846153846156 0.02403846153846154 0.14182692307692307
4 0.9723557692307693 0.036057692307692304 0.05048076923076923 0.07211538461538461
1 0.8557692307692307 0.042067307692307696 0.028846153846153848 0.08413461538461539
2 0.9302884615384616 0.054086538461538464 0.04567307692307692 0.06370192307692307
2 0.3641826923076923 0.7247596153846154 0.013221153846153846 0.09014423076923077
1 0.19230769230769232 0.75 0.016826923076923076 0.08173076923076923
0 0.44471153846153844 0.8317307692307693 0.028846153846153848 0.0625
2 0.41346153846153844 0.8353365384615384 0.014423076923076924 0.08173076923076923
4 0.38100961538461536 0.5985576923076923 0.036057692307692304 0.019230769230769232
1 0.33413461538461536 0.6069711538461539 0.02403846153846154 0.036057692307692304
2 0.7091346153846154 0.6274038461538461 0.03365384615384615 0.07692307692307693
4 0.8269230769230769 0.6310096153846154 0.038461538461538464 0.08413461538461539
4 0.9206730769230769 0.6634615384615384 0.038461538461538464 0.13341346153846154
1 0.5877403846153846 0.7223557692307693 0.026442307692307692 0.14182692307692307
4 0.8209134615384616 0.7524038461538461 0.038461538461538464 0.15504807692307693
4 0.6730769230769231 0.9242788461538461 0.04807692307692308 0.1466346153846154