1 0.19591346153846154 0.1971153846153846 0.018028846153846152 0.0829326923076923
4 0.3798076923076923 0.23557692307692307 0.018028846153846152 0.09495192307692307
4 0.35096153846153844 0.28846153846153844 0.03485576923076923 0.030048076923076924
2 0.19831730769230768 0.31850961538461536 0.02403846153846154 0.06971153846153846
0 0.31971153846153844 0.35096153846153844 0.03365384615384615 0.028846153846153848
3 0.35216346153846156 0.35096153846153844 0.03125 0.028846153846153848
4 0.5 0.3485576923076923 0.02403846153846154 0.03365384615384615
2 0.17427884615384615 0.3557692307692308 0.026442307692307692 0.019230769230769232
1 0.9447115384615384 0.026442307692307692 0.019230769230769232 0.052884615384615384
4 0.7415865384615384 0.037259615384615384 0.040865384615384616 0.07451923076923077
4 0.6670673076923077 0.0625 0.039663461538461536 0.028846153846153848
4 0.6730769230769231 0.09975961538461539 0.027644230769230768 0.05889423076923077
2 0.7800480769230769 0.1502403846153846 0.027644230769230768 0.09495192307692307
0 0.6622596153846154 0.2247596153846154 0.03365384615384615 0.078125
2 0.7728365384615384 0.25721153846153844 0.03245192307692308 0.10817307692307693
4 0.23918269230769232 0.38221153846153844 0.040865384615384616 0.028846153846153848
1 0.5180288461538461 0.4326923076923077 0.02403846153846154 0.09975961538461539
4 0.2536057692307692 0.4338942307692308 0.03485576923076923 0.09014423076923077
2 0.4074519230769231 0.4411057692307692 0.020432692307692308 0.10697115384615384
2 0.47596153846153844 0.5228365384615384 0.03125 0.08774038461538461
0 0.36177884615384615 0.5997596153846154 0.038461538461538464 0.052884615384615384
3 0.203125 0.6177884615384616 0.020432692307692308 0.125
2 0.5360576923076923 0.6189903846153846 0.03125 0.09134615384615384
4 0.10817307692307693 0.6418269230769231 0.030048076923076924 0.09975961538461539
4 0.4254807692307692 0.890625 0.028846153846153848 0.10817307692307693
1 0.7584134615384616 0.47475961538461536 0.019230769230769232 0.10336538461538461
1 0.8269230769230769 0.8365384615384616 0.020432692307692308 0.1045673076923077