2 0.30408653846153844 0.08774038461538461 0.027644230769230768 0.08774038461538461
3 0.036057692307692304 0.12259615384615384 0.018028846153846152 0.0985576923076923
0 0.16466346153846154 0.13581730769230768 0.03125 0.0733173076923077
2 0.31850961538461536 0.19951923076923078 0.020432692307692308 0.09975961538461539
4 0.1045673076923077 0.26802884615384615 0.02403846153846154 0.09254807692307693
1 0.3894230769230769 0.28725961538461536 0.025240384615384616 0.09975961538461539
2 0.23076923076923078 0.33052884615384615 0.02403846153846154 0.09134615384615384
4 0.13701923076923078 0.33533653846153844 0.03485576923076923 0.09615384615384616
1 0.6634615384615384 0.030048076923076924 0.02403846153846154 0.06009615384615385
4 0.8834134615384616 0.04567307692307692 0.036057692307692304 0.09134615384615384
1 0.4891826923076923 0.14543269230769232 0.02403846153846154 0.09975961538461539
4 0.7896634615384616 0.2512019230769231 0.026442307692307692 0.1045673076923077
4 0.109375 0.4266826923076923 0.03125 0.07451923076923077
4 0.17427884615384615 0.5901442307692307 0.03125 0.11778846153846154
4 0.21875 0.8329326923076923 0.04326923076923077 0.11538461538461539
1 0.13221153846153846 0.8653846153846154 0.03485576923076923 0.11057692307692307
2 0.8581730769230769 0.39903846153846156 0.03365384615384615 0.019230769230769232
3 0.609375 0.4026442307692308 0.03125 0.026442307692307692
0 0.7608173076923077 0.42427884615384615 0.038461538461538464 0.0625
2 0.8485576923076923 0.4411057692307692 0.030048076923076924 0.09134615384615384
4 0.6069711538461539 0.46634615384615385 0.03365384615384615 0.09735576923076923
2 0.8629807692307693 0.5444711538461539 0.027644230769230768 0.11538461538461539
4 0.7572115384615384 0.6622596153846154 0.04326923076923077 0.10576923076923077
4 0.8016826923076923 0.8954326923076923 0.055288461538461536 0.13942307692307693