4 0.5901442307692307 0.009615384615384616 0.040865384615384616 0.019230769230769232
1 0.22956730769230768 0.04447115384615385 0.03125 0.0889423076923077
4 0.6201923076923077 0.037259615384615384 0.014423076923076924 0.07451923076923077
2 0.34615384615384615 0.11658653846153846 0.027644230769230768 0.09254807692307693
3 0.5552884615384616 0.11899038461538461 0.04326923076923077 0.09495192307692307
0 0.5192307692307693 0.12379807692307693 0.056490384615384616 0.054086538461538464
1 0.14302884615384615 0.20673076923076922 0.038461538461538464 0.13942307692307693
2 0.32091346153846156 0.22716346153846154 0.039663461538461536 0.10817307692307693
4 0.5612980769230769 0.25961538461538464 0.046875 0.10697115384615384
4 0.4651442307692308 0.2800480769230769 0.042067307692307696 0.13942307692307693
1 0.33413461538461536 0.328125 0.03485576923076923 0.1466346153846154
1 0.15625 0.35336538461538464 0.03245192307692308 0.14423076923076922
0 0.9483173076923077 0.026442307692307692 0.036057692307692304 0.052884615384615384
4 0.8882211538461539 0.13581730769230768 0.02403846153846154 0.09375
4 0.8137019230769231 0.22235576923076922 0.04567307692307692 0.10697115384615384
4 0.3088942307692308 0.6862980769230769 0.026442307692307692 0.05889423076923077
1 0.3858173076923077 0.6887019230769231 0.018028846153846152 0.06009615384615385
2 0.37259615384615385 0.7403846153846154 0.016826923076923076 0.057692307692307696
4 0.171875 0.7524038461538461 0.021634615384615384 0.06971153846153846
4 0.20673076923076922 0.7716346153846154 0.014423076923076924 0.0829326923076923
3 0.16706730769230768 0.7884615384615384 0.018028846153846152 0.0889423076923077
0 0.27163461538461536 0.8088942307692307 0.025240384615384616 0.054086538461538464
2 0.390625 0.8112980769230769 0.02403846153846154 0.07692307692307693
2 0.2764423076923077 0.8822115384615384 0.028846153846153848 0.09735576923076923
4 0.12259615384615384 0.9771634615384616 0.03365384615384615 0.040865384615384616
1 0.21754807692307693 0.9747596153846154 0.021634615384615384 0.04567307692307692
1 0.6754807692307693 0.5552884615384616 0.02403846153846154 0.03365384615384615
2 0.6370192307692307 0.609375 0.014423076923076924 0.0889423076923077
1 0.9194711538461539 0.6165865384615384 0.015625 0.09495192307692307
1 0.671875 0.8894230769230769 0.021634615384615384 0.09134615384615384