4 0.46634615384615385 0.0625 0.025240384615384616 0.07572115384615384
1 0.23798076923076922 0.06850961538461539 0.015625 0.0733173076923077
2 0.21995192307692307 0.14302884615384615 0.021634615384615384 0.0673076923076923
1 0.14903846153846154 0.19471153846153846 0.025240384615384616 0.06971153846153846
4 0.42427884615384615 0.20552884615384615 0.02403846153846154 0.08052884615384616
1 0.11057692307692307 0.234375 0.015625 0.0829326923076923
4 0.3954326923076923 0.30288461538461536 0.027644230769230768 0.078125
0 0.34975961538461536 0.49158653846153844 0.03125 0.042067307692307696
3 0.4795673076923077 0.5072115384615384 0.016826923076923076 0.09615384615384616
4 0.375 0.5949519230769231 0.020432692307692308 0.0673076923076923
3 0.8076923076923077 0.051682692307692304 0.03365384615384615 0.10336538461538461
0 0.7764423076923077 0.04326923076923077 0.037259615384615384 0.07211538461538461
4 0.9915865384615384 0.10817307692307693 0.01201923076923077 0.10576923076923077
4 0.7067307692307693 0.25600961538461536 0.036057692307692304 0.14182692307692307
4 0.6502403846153846 0.3557692307692308 0.038461538461538464 0.1310096153846154
2 0.3629807692307692 0.6670673076923077 0.028846153846153848 0.036057692307692304
1 0.13822115384615385 0.7295673076923077 0.02283653846153846 0.0985576923076923
1 0.32091346153846156 0.7848557692307693 0.019230769230769232 0.109375
4 0.07572115384615384 0.9314903846153846 0.030048076923076924 0.09375
1 0.16346153846153846 0.9543269230769231 0.028846153846153848 0.08653846153846154
1 0.9603365384615384 0.8713942307692307 0.02283653846153846 0.10336538461538461