2 0.16706730769230768 0.010817307692307692 0.026442307692307692 0.021634615384615384
4 0.4951923076923077 0.020432692307692308 0.028846153846153848 0.040865384615384616
4 0.3425480769230769 0.02403846153846154 0.040865384615384616 0.04807692307692308
2 0.19230769230769232 0.09375 0.018028846153846152 0.09375
3 0.4951923076923077 0.09375 0.02403846153846154 0.10336538461538461
0 0.3605769230769231 0.13822115384615385 0.038461538461538464 0.06971153846153846
2 0.23076923076923078 0.23798076923076922 0.020432692307692308 0.09375
1 0.004807692307692308 0.30408653846153844 0.009615384615384616 0.10336538461538461
4 0.4987980769230769 0.4951923076923077 0.040865384615384616 0.02403846153846154
4 0.8725961538461539 0.1045673076923077 0.046875 0.07932692307692307
2 0.6646634615384616 0.1778846153846154 0.026442307692307692 0.08774038461538461
4 0.96875 0.21754807692307693 0.018028846153846152 0.11658653846153846
0 0.8076923076923077 0.2512019230769231 0.040865384615384616 0.0733173076923077
3 0.9447115384615384 0.25841346153846156 0.028846153846153848 0.11658653846153846
2 0.6346153846153846 0.27524038461538464 0.009615384615384616 0.10817307692307693
4 0.8100961538461539 0.3798076923076923 0.046875 0.10817307692307693
4 0.7403846153846154 0.49158653846153844 0.038461538461538464 0.03125
1 0.8173076923076923 0.06129807692307692 0.02283653846153846 0.03365384615384615
2 0.5264423076923077 0.5264423076923077 0.019230769230769232 0.03365384615384615
2 0.45072115384615385 0.6442307692307693 0.016826923076923076 0.07692307692307693
1 0.21153846153846154 0.6826923076923077 0.020432692307692308 0.078125
4 0.5901442307692307 0.7728365384615384 0.02403846153846154 0.08052884615384616
2 0.3918269230769231 0.7980769230769231 0.02283653846153846 0.08052884615384616
4 0.5841346153846154 0.9026442307692307 0.026442307692307692 0.09014423076923077
4 0.30528846153846156 0.9879807692307693 0.03365384615384615 0.019230769230769232
1 0.8329326923076923 0.5889423076923077 0.025240384615384616 0.14543269230769232
2 0.6574519230769231 0.6574519230769231 0.03485576923076923 0.14302884615384615
1 0.9903846153846154 0.6887019230769231 0.014423076923076924 0.15144230769230768
2 0.6370192307692307 0.8052884615384616 0.014423076923076924 0.14423076923076922
1 0.8557692307692307 0.9086538461538461 0.021634615384615384 0.14543269230769232