2 0.3389423076923077 0.046875 0.02403846153846154 0.09375
4 0.08774038461538461 0.09254807692307693 0.02403846153846154 0.09375
4 0.019230769230769232 0.17908653846153846 0.038461538461538464 0.10817307692307693
1 0.49278846153846156 0.21514423076923078 0.030048076923076924 0.12860576923076922
1 0.3485576923076923 0.3293269230769231 0.027644230769230768 0.1310096153846154
2 0.7259615384615384 0.03125 0.038461538461538464 0.0625
4 0.9122596153846154 0.039663461538461536 0.036057692307692304 0.07932692307692307
2 0.6502403846153846 0.1045673076923077 0.03485576923076923 0.09375
0 0.859375 0.15745192307692307 0.036057692307692304 0.07451923076923077
2 0.6670673076923077 0.1778846153846154 0.03125 0.10336538461538461
1 0.625 0.2704326923076923 0.038461538461538464 0.1310096153846154
4 0.84375 0.42908653846153844 0.052884615384615384 0.1310096153846154
0 0.3016826923076923 0.5168269230769231 0.03125 0.03365384615384615
2 0.13581730769230768 0.5360576923076923 0.026442307692307692 0.07211538461538461
2 0.17668269230769232 0.5877403846153846 0.02283653846153846 0.109375
4 0.38461538461538464 0.6033653846153846 0.036057692307692304 0.07091346153846154
2 0.3401442307692308 0.6538461538461539 0.026442307692307692 0.10096153846153846
1 0.003605769230769231 0.7007211538461539 0.007211538461538462 0.12740384615384615
1 0.41346153846153844 0.8161057692307693 0.019230769230769232 0.11298076923076923
1 0.7247596153846154 0.6983173076923077 0.02283653846153846 0.12139423076923077
1 0.5625 0.7091346153846154 0.027644230769230768 0.10697115384615384
2 0.6646634615384616 0.8305288461538461 0.030048076923076924 0.13581730769230768
1 0.9266826923076923 0.8701923076923077 0.027644230769230768 0.13221153846153846
2 0.6454326923076923 0.8966346153846154 0.03245192307692308 0.109375
2 0.7560096153846154 0.9639423076923077 0.021634615384615384 0.0673076923076923