1 0.44591346153846156 0.009615384615384616 0.026442307692307692 0.019230769230769232
2 0.43990384615384615 0.1935096153846154 0.02403846153846154 0.0985576923076923
4 0.025240384615384616 0.23798076923076922 0.02283653846153846 0.11057692307692307
3 0.23918269230769232 0.2439903846153846 0.039663461538461536 0.07932692307692307
0 0.2776442307692308 0.265625 0.03125 0.06009615384615385
2 0.42427884615384615 0.30408653846153844 0.028846153846153848 0.09735576923076923
2 0.2860576923076923 0.4014423076923077 0.03245192307692308 0.042067307692307696
4 0.22355769230769232 0.4026442307692308 0.03125 0.09014423076923077
4 0.19471153846153846 0.4230769230769231 0.04326923076923077 0.0673076923076923
1 0.2824519230769231 0.43509615384615385 0.03125 0.04326923076923077
4 0.1778846153846154 0.4483173076923077 0.03365384615384615 0.016826923076923076
2 0.703125 0.03365384615384615 0.03125 0.0673076923076923
1 0.984375 0.0625 0.025240384615384616 0.12379807692307693
1 0.7235576923076923 0.14423076923076922 0.03125 0.09375
1 0.7487980769230769 0.41466346153846156 0.036057692307692304 0.08413461538461539
4 0.6430288461538461 0.421875 0.055288461538461536 0.06971153846153846
1 0.0673076923076923 0.7079326923076923 0.021634615384615384 0.0889423076923077
2 0.12620192307692307 0.7620192307692307 0.016826923076923076 0.09134615384615384
3 0.44711538461538464 0.7716346153846154 0.019230769230769232 0.06129807692307692
0 0.30408653846153844 0.8257211538461539 0.036057692307692304 0.052884615384615384
2 0.1466346153846154 0.8365384615384616 0.014423076923076924 0.09735576923076923
4 0.34134615384615385 0.9555288461538461 0.03485576923076923 0.08052884615384616
4 0.34375 0.47596153846153844 0.028846153846153848 0.03365384615384615
1 0.18870192307692307 0.5012019230769231 0.021634615384615384 0.08413461538461539
4 0.37259615384615385 0.5913461538461539 0.030048076923076924 0.0889423076923077
1 0.23317307692307693 0.5925480769230769 0.016826923076923076 0.09735576923076923
2 0.71875 0.47115384615384615 0.028846153846153848 0.02403846153846154
2 0.7728365384615384 0.5492788461538461 0.03125 0.0733173076923077
0 0.9350961538461539 0.5673076923076923 0.028846153846153848 0.05048076923076923
2 0.8341346153846154 0.6274038461538461 0.02403846153846154 0.08774038461538461
1 0.6334134615384616 0.6911057692307693 0.02403846153846154 0.09254807692307693
1 0.8100961538461539 0.8161057692307693 0.026442307692307692 0.10817307692307693