1 0.4254807692307692 0.04567307692307692 0.018028846153846152 0.08173076923076923
1 0.1045673076923077 0.2776442307692308 0.028846153846153848 0.09375
1 0.6274038461538461 0.03245192307692308 0.02403846153846154 0.06490384615384616
2 0.5877403846153846 0.10216346153846154 0.015625 0.08774038461538461
1 0.8713942307692307 0.109375 0.015625 0.09495192307692307
0 0.4831730769230769 0.17548076923076922 0.009615384615384616 0.057692307692307696
1 0.6237980769230769 0.38221153846153844 0.021634615384615384 0.09134615384615384
4 0.5492788461538461 0.41225961538461536 0.027644230769230768 0.09254807692307693
1 0.7163461538461539 0.6165865384615384 0.028846153846153848 0.07932692307692307
1 0.06490384615384616 0.6826923076923077 0.03365384615384615 0.04807692307692308
0 0.3329326923076923 0.7884615384615384 0.06009615384615385 0.06850961538461539
4 0.19230769230769232 0.9387019230769231 0.056490384615384616 0.06129807692307692
2 0.13942307692307693 0.9591346153846154 0.03365384615384615 0.07692307692307693
4 0.8209134615384616 0.8004807692307693 0.038461538461538464 0.0829326923076923
1 0.7572115384615384 0.8377403846153846 0.020432692307692308 0.12980769230769232