3 0.11177884615384616 0.02283653846153846 0.026442307692307692 0.04567307692307692
0 0.22956730769230768 0.013221153846153846 0.03125 0.026442307692307692
4 0.27524038461538464 0.10576923076923077 0.027644230769230768 0.07932692307692307
4 0.23317307692307693 0.17548076923076922 0.021634615384615384 0.09495192307692307
4 0.20673076923076922 0.21634615384615385 0.028846153846153848 0.08653846153846154
4 0.6081730769230769 0.0625 0.025240384615384616 0.07692307692307693
1 0.6983173076923077 0.06490384615384616 0.03245192307692308 0.07091346153846154
4 0.5949519230769231 0.14783653846153846 0.030048076923076924 0.04807692307692308
2 0.7379807692307693 0.19230769230769232 0.02283653846153846 0.09615384615384616
3 0.4855769230769231 0.25721153846153844 0.028846153846153848 0.12740384615384615
0 0.6382211538461539 0.28365384615384615 0.03485576923076923 0.07451923076923077
2 0.7463942307692307 0.35096153846153844 0.030048076923076924 0.09014423076923077
1 0.1346153846153846 0.7127403846153846 0.019230769230769232 0.07451923076923077
2 0.36778846153846156 0.7680288461538461 0.027644230769230768 0.08173076923076923
2 0.31971153846153844 0.8725961538461539 0.020432692307692308 0.07451923076923077
4 0.6754807692307693 0.46274038461538464 0.028846153846153848 0.04567307692307692
1 0.7319711538461539 0.46875 0.026442307692307692 0.057692307692307696
4 0.6057692307692307 0.59375 0.02403846153846154 0.06971153846153846
1 0.6911057692307693 0.6069711538461539 0.02403846153846154 0.078125
2 0.6658653846153846 0.6875 0.02403846153846154 0.07211538461538461
4 0.578125 0.6899038461538461 0.02283653846153846 0.05048076923076923
1 0.9350961538461539 0.7115384615384616 0.027644230769230768 0.06850961538461539
3 0.45552884615384615 0.7872596153846154 0.02403846153846154 0.1045673076923077
0 0.5961538461538461 0.8125 0.03485576923076923 0.05889423076923077
2 0.6165865384615384 0.9038461538461539 0.03125 0.10336538461538461
4 0.5360576923076923 0.9651442307692307 0.02403846153846154 0.06490384615384616
1 0.5889423076923077 0.9819711538461539 0.028846153846153848 0.03125