1 0.13581730769230768 0.06370192307692307 0.026442307692307692 0.10216346153846154
4 0.19591346153846154 0.06971153846153846 0.03245192307692308 0.08533653846153846
2 0.002403846153846154 0.15144230769230768 0.004807692307692308 0.11538461538461539
4 0.2704326923076923 0.1622596153846154 0.03485576923076923 0.09495192307692307
3 0.36658653846153844 0.27884615384615385 0.025240384615384616 0.10817307692307693
2 0.04927884615384615 0.3233173076923077 0.028846153846153848 0.10576923076923077
0 0.2127403846153846 0.3233173076923077 0.036057692307692304 0.056490384615384616
4 0.3762019230769231 0.3858173076923077 0.021634615384615384 0.11298076923076923
2 0.1658653846153846 0.39302884615384615 0.03125 0.0985576923076923
2 0.12740384615384615 0.46153846153846156 0.021634615384615384 0.12379807692307693
1 0.2704326923076923 0.47836538461538464 0.03365384615384615 0.09134615384615384
4 0.19110576923076922 0.5144230769230769 0.040865384615384616 0.1141826923076923
1 0.4182692307692308 0.23076923076923078 0.020432692307692308 0.0889423076923077
2 0.6105769230769231 0.33774038461538464 0.019230769230769232 0.07451923076923077
4 0.7728365384615384 0.36538461538461536 0.036057692307692304 0.046875
0 0.7211538461538461 0.44471153846153844 0.026442307692307692 0.038461538461538464
2 0.5817307692307693 0.44591346153846156 0.021634615384615384 0.09735576923076923
3 0.8305288461538461 0.453125 0.02403846153846154 0.06610576923076923
1 0.4543269230769231 0.46274038461538464 0.021634615384615384 0.08653846153846154
4 0.8329326923076923 0.5324519230769231 0.02403846153846154 0.08052884615384616
4 0.8798076923076923 0.056490384615384616 0.020432692307692308 0.078125
1 0.7620192307692307 0.057692307692307696 0.014423076923076924 0.06971153846153846
1 0.7295673076923077 0.1778846153846154 0.019230769230769232 0.078125
4 0.8353365384615384 0.2127403846153846 0.02403846153846154 0.08653846153846154
4 0.026442307692307692 0.6875 0.028846153846153848 0.038461538461538464
1 0.08413461538461539 0.6959134615384616 0.02403846153846154 0.055288461538461536
1 0.16947115384615385 0.8137019230769231 0.027644230769230768 0.0625
1 0.37740384615384615 0.875 0.019230769230769232 0.08653846153846154
2 0.13822115384615385 0.9014423076923077 0.020432692307692308 0.06971153846153846
2 0.020432692307692308 0.9639423076923077 0.021634615384615384 0.0673076923076923
4 0.7487980769230769 0.7211538461538461 0.028846153846153848 0.06971153846153846
4 0.6814903846153846 0.7331730769230769 0.025240384615384616 0.11538461538461539
1 0.5865384615384616 0.7740384615384616 0.025240384615384616 0.1141826923076923
4 0.7536057692307693 0.8557692307692307 0.028846153846153848 0.09375
1 0.5192307692307693 0.9459134615384616 0.02403846153846154 0.10336538461538461
4 0.7235576923076923 0.9603365384615384 0.04326923076923077 0.07451923076923077