1 0.37259615384615385 0.1875 0.02283653846153846 0.0985576923076923
2 0.39663461538461536 0.25600961538461536 0.019230769230769232 0.04567307692307692
2 0.3942307692307692 0.3125 0.02403846153846154 0.0673076923076923
2 0.23798076923076922 0.3870192307692308 0.027644230769230768 0.10096153846153846
0 0.40024038461538464 0.4423076923076923 0.01201923076923077 0.04807692307692308
2 0.6502403846153846 0.01201923076923077 0.036057692307692304 0.02403846153846154
4 0.5060096153846154 0.04447115384615385 0.021634615384615384 0.08774038461538461
2 0.7235576923076923 0.07091346153846154 0.02403846153846154 0.07932692307692307
4 0.4182692307692308 0.0985576923076923 0.019230769230769232 0.08173076923076923
3 0.5733173076923077 0.09735576923076923 0.028846153846153848 0.04447115384615385
0 0.6021634615384616 0.1201923076923077 0.027644230769230768 0.06009615384615385
2 0.7560096153846154 0.16105769230769232 0.021634615384615384 0.09134615384615384
4 0.5745192307692307 0.22355769230769232 0.030048076923076924 0.06009615384615385
2 0.6298076923076923 0.24278846153846154 0.03245192307692308 0.07932692307692307
1 0.31009615384615385 0.6322115384615384 0.042067307692307696 0.1201923076923077
1 0.016826923076923076 0.8665865384615384 0.03365384615384615 0.11298076923076923
4 0.8846153846153846 0.5420673076923077 0.02403846153846154 0.05889423076923077
2 0.578125 0.5528846153846154 0.016826923076923076 0.09735576923076923
3 0.8978365384615384 0.6189903846153846 0.02403846153846154 0.09014423076923077
0 0.7692307692307693 0.6514423076923077 0.03485576923076923 0.06009615384615385
2 0.6237980769230769 0.6875 0.021634615384615384 0.08653846153846154
4 0.8569711538461539 0.890625 0.037259615384615384 0.09975961538461539
2 0.6959134615384616 0.8978365384615384 0.025240384615384616 0.0985576923076923
4 0.9002403846153846 0.9735576923076923 0.040865384615384616 0.04807692307692308