1 0.01201923076923077 0.025240384615384616 0.019230769230769232 0.05048076923076923
2 0.026442307692307692 0.09615384615384616 0.018028846153846152 0.0985576923076923
1 0.4567307692307692 0.34134615384615385 0.019230769230769232 0.09014423076923077
1 0.8653846153846154 0.027644230769230768 0.02403846153846154 0.055288461538461536
1 0.9182692307692307 0.078125 0.02403846153846154 0.08533653846153846
4 0.9879807692307693 0.11057692307692307 0.019230769230769232 0.07692307692307693
2 0.9471153846153846 0.12379807692307693 0.03125 0.07451923076923077
2 0.8016826923076923 0.171875 0.028846153846153848 0.07932692307692307
0 0.9387019230769231 0.234375 0.036057692307692304 0.054086538461538464
1 0.5697115384615384 0.23557692307692307 0.020432692307692308 0.0889423076923077
2 0.7740384615384616 0.26322115384615385 0.03125 0.0889423076923077
1 0.6862980769230769 0.40625 0.027644230769230768 0.09495192307692307
4 0.8545673076923077 0.4254807692307692 0.02403846153846154 0.09495192307692307
1 0.6394230769230769 0.6550480769230769 0.027644230769230768 0.08653846153846154
4 0.7439903846153846 0.6670673076923077 0.036057692307692304 0.07932692307692307
4 0.24158653846153846 0.9459134615384616 0.019230769230769232 0.07932692307692307
1 0.1875 0.9507211538461539 0.02283653846153846 0.09134615384615384
4 0.3076923076923077 0.96875 0.013221153846153846 0.05889423076923077
1 0.051682692307692304 0.9663461538461539 0.021634615384615384 0.0625
2 0.17427884615384615 0.9783653846153846 0.021634615384615384 0.038461538461538464
1 0.8401442307692307 0.8076923076923077 0.03125 0.0889423076923077
1 0.8052884615384616 0.9567307692307693 0.028846153846153848 0.08173076923076923
4 0.9927884615384616 0.796875 0.009615384615384616 0.0889423076923077