1 0.296875 0.14543269230769232 0.028846153846153848 0.09134615384615384
4 0.1875 0.15504807692307693 0.030048076923076924 0.07451923076923077
2 0.3942307692307692 0.23197115384615385 0.027644230769230768 0.09975961538461539
4 0.17668269230769232 0.24158653846153846 0.04567307692307692 0.07211538461538461
2 0.453125 0.3389423076923077 0.03245192307692308 0.08413461538461539
0 0.26322115384615385 0.34975961538461536 0.042067307692307696 0.0673076923076923
3 0.10096153846153846 0.3701923076923077 0.02283653846153846 0.11538461538461539
2 0.4795673076923077 0.4266826923076923 0.03245192307692308 0.08533653846153846
4 0.11538461538461539 0.46875 0.025240384615384616 0.11658653846153846
4 0.2403846153846154 0.5024038461538461 0.042067307692307696 0.08774038461538461
3 0.6189903846153846 0.026442307692307692 0.021634615384615384 0.052884615384615384
0 0.7536057692307693 0.052884615384615384 0.028846153846153848 0.05889423076923077
4 0.609375 0.1045673076923077 0.028846153846153848 0.09735576923076923
2 0.9447115384615384 0.109375 0.030048076923076924 0.1045673076923077
4 0.6923076923076923 0.22355769230769232 0.037259615384615384 0.10336538461538461
1 0.9050480769230769 0.2800480769230769 0.02403846153846154 0.11177884615384616
4 0.6826923076923077 0.3293269230769231 0.04326923076923077 0.11177884615384616
4 0.7115384615384616 0.5300480769230769 0.04326923076923077 0.11298076923076923
1 0.8100961538461539 0.5288461538461539 0.03365384615384615 0.11538461538461539
2 0.2536057692307692 0.6550480769230769 0.027644230769230768 0.0673076923076923
4 0.09735576923076923 0.6935096153846154 0.037259615384615384 0.016826923076923076
1 0.47475961538461536 0.7079326923076923 0.020432692307692308 0.1045673076923077
0 0.11899038461538461 0.7740384615384616 0.028846153846153848 0.05889423076923077
2 0.31009615384615385 0.8305288461538461 0.030048076923076924 0.1045673076923077
4 0.057692307692307696 0.9447115384615384 0.037259615384615384 0.10336538461538461
1 0.5204326923076923 0.9543269230769231 0.026442307692307692 0.08653846153846154
1 0.2704326923076923 0.9711538461538461 0.026442307692307692 0.052884615384615384
3 0.9891826923076923 0.6262019230769231 0.016826923076923076 0.07451923076923077
0 0.9579326923076923 0.6358173076923077 0.03485576923076923 0.07211538461538461
2 0.7980769230769231 0.6502403846153846 0.028846153846153848 0.12259615384615384
2 0.9194711538461539 0.8040865384615384 0.036057692307692304 0.125