0 0.042067307692307696 0.020432692307692308 0.03125 0.040865384615384616
2 0.16826923076923078 0.051682692307692304 0.019230769230769232 0.09254807692307693
4 0.010817307692307692 0.1141826923076923 0.021634615384615384 0.06490384615384616
2 0.039663461538461536 0.14302884615384615 0.026442307692307692 0.052884615384615384
1 0.05048076923076923 0.21875 0.019230769230769232 0.10697115384615384
1 0.39663461538461536 0.23557692307692307 0.018028846153846152 0.10697115384615384
4 0.6346153846153846 0.015625 0.038461538461538464 0.03125
2 0.6850961538461539 0.09254807692307693 0.04927884615384615 0.08173076923076923
2 0.7980769230769231 0.18389423076923078 0.03485576923076923 0.09495192307692307
0 0.6153846153846154 0.25721153846153844 0.03365384615384615 0.07211538461538461
2 0.8125 0.3076923076923077 0.030048076923076924 0.10817307692307693
1 0.984375 0.3713942307692308 0.026442307692307692 0.05048076923076923
0 0.14423076923076922 0.4831730769230769 0.03125 0.04567307692307692
3 0.009615384615384616 0.484375 0.019230769230769232 0.10817307692307693
2 0.19591346153846154 0.4879807692307692 0.04326923076923077 0.078125
4 0.007211538461538462 0.5649038461538461 0.014423076923076924 0.11057692307692307
2 0.22956730769230768 0.6730769230769231 0.037259615384615384 0.09375
1 0.3858173076923077 0.6742788461538461 0.02403846153846154 0.0625
4 0.15865384615384615 0.6838942307692307 0.03125 0.08533653846153846
1 0.2692307692307692 0.7127403846153846 0.02403846153846154 0.11177884615384616
4 0.18629807692307693 0.7331730769230769 0.027644230769230768 0.09495192307692307
4 0.1622596153846154 0.7716346153846154 0.027644230769230768 0.11298076923076923
1 0.3870192307692308 0.78125 0.03125 0.09975961538461539
4 0.6129807692307693 0.5204326923076923 0.028846153846153848 0.026442307692307692
4 0.6634615384615384 0.5444711538461539 0.02283653846153846 0.0889423076923077
4 0.8245192307692307 0.5949519230769231 0.02403846153846154 0.0829326923076923
3 0.6418269230769231 0.6069711538461539 0.02283653846153846 0.046875
0 0.6129807692307693 0.6310096153846154 0.028846153846153848 0.06490384615384616
4 0.6814903846153846 0.7079326923076923 0.021634615384615384 0.08653846153846154
4 0.7199519230769231 0.9855769230769231 0.036057692307692304 0.02403846153846154
1 0.6442307692307693 0.9867788461538461 0.028846153846153848 0.021634615384615384