1 0.3557692307692308 0.08653846153846154 0.019230769230769232 0.07572115384615384
2 0.35096153846153844 0.21634615384615385 0.02403846153846154 0.07932692307692307
1 0.16105769230769232 0.2247596153846154 0.015625 0.10817307692307693
2 0.37740384615384615 0.3293269230769231 0.018028846153846152 0.09375
1 0.53125 0.09495192307692307 0.025240384615384616 0.10336538461538461
4 0.6935096153846154 0.14783653846153846 0.02403846153846154 0.08774038461538461
4 0.6454326923076923 0.32091346153846156 0.03365384615384615 0.11057692307692307
1 0.5120192307692307 0.32572115384615385 0.026442307692307692 0.0985576923076923
4 0.36778846153846156 0.47115384615384615 0.03365384615384615 0.0625
4 0.21394230769230768 0.546875 0.025240384615384616 0.04326923076923077
3 0.2091346153846154 0.609375 0.016826923076923076 0.09735576923076923
0 0.33413461538461536 0.6466346153846154 0.026442307692307692 0.05889423076923077
2 0.4483173076923077 0.7512019230769231 0.016826923076923076 0.09375
4 0.25721153846153844 0.7584134615384616 0.03125 0.0673076923076923
4 0.21033653846153846 0.875 0.027644230769230768 0.08052884615384616
1 0.3786057692307692 0.8810096153846154 0.020432692307692308 0.08774038461538461
2 0.8221153846153846 0.4951923076923077 0.02403846153846154 0.07091346153846154
3 0.5829326923076923 0.49759615384615385 0.02403846153846154 0.10096153846153846
0 0.7151442307692307 0.5396634615384616 0.027644230769230768 0.07091346153846154
2 0.8149038461538461 0.546875 0.02403846153846154 0.09975961538461539
4 0.5588942307692307 0.5480769230769231 0.020432692307692308 0.07451923076923077
2 0.8401442307692307 0.6923076923076923 0.019230769230769232 0.0829326923076923
4 0.6021634615384616 0.7451923076923077 0.037259615384615384 0.09014423076923077
1 0.9831730769230769 0.8040865384615384 0.02283653846153846 0.0889423076923077
4 0.47716346153846156 0.9399038461538461 0.036057692307692304 0.09615384615384616
1 0.8137019230769231 0.9711538461538461 0.026442307692307692 0.052884615384615384