1 0.3870192307692308 0.021634615384615384 0.02403846153846154 0.04326923076923077
4 0.5588942307692307 0.03485576923076923 0.026442307692307692 0.06971153846153846
1 0.4362980769230769 0.10576923076923077 0.019230769230769232 0.07211538461538461
1 0.002403846153846154 0.171875 0.004807692307692308 0.06971153846153846
4 0.5721153846153846 0.17307692307692307 0.027644230769230768 0.07451923076923077
2 0.3894230769230769 0.22596153846153846 0.018028846153846152 0.07091346153846154
0 0.5060096153846154 0.2800480769230769 0.028846153846153848 0.042067307692307696
2 0.3545673076923077 0.33052884615384615 0.018028846153846152 0.0829326923076923
1 0.8257211538461539 0.051682692307692304 0.014423076923076924 0.09735576923076923
2 0.9939903846153846 0.24158653846153846 0.007211538461538462 0.10817307692307693
1 0.6694711538461539 0.3125 0.026442307692307692 0.11298076923076923
1 0.9387019230769231 0.39903846153846156 0.026442307692307692 0.09615384615384616
2 0.15264423076923078 0.4723557692307692 0.021634615384615384 0.04567307692307692
4 0.4411057692307692 0.5252403846153846 0.02403846153846154 0.09134615384615384
0 0.27884615384615385 0.5336538461538461 0.03125 0.054086538461538464
2 0.11057692307692307 0.5588942307692307 0.016826923076923076 0.07451923076923077
3 0.4182692307692308 0.5769230769230769 0.021634615384615384 0.11658653846153846
4 0.24639423076923078 0.6394230769230769 0.02403846153846154 0.06971153846153846
4 0.2644230769230769 0.6706730769230769 0.027644230769230768 0.10096153846153846
2 0.14182692307692307 0.6826923076923077 0.025240384615384616 0.07692307692307693
4 0.22235576923076922 0.8449519230769231 0.036057692307692304 0.11057692307692307
4 0.78125 0.46875 0.03365384615384615 0.038461538461538464
1 0.7151442307692307 0.47475961538461536 0.021634615384615384 0.05048076923076923
4 0.8100961538461539 0.5661057692307693 0.026442307692307692 0.07692307692307693
1 0.7319711538461539 0.5877403846153846 0.019230769230769232 0.06610576923076923
2 0.6742788461538461 0.7908653846153846 0.020432692307692308 0.056490384615384616
3 0.953125 0.7920673076923077 0.016826923076923076 0.09735576923076923
0 0.8209134615384616 0.8221153846153846 0.025240384615384616 0.04567307692307692
4 0.9867788461538461 0.8617788461538461 0.02283653846153846 0.09495192307692307
2 0.6766826923076923 0.8665865384615384 0.016826923076923076 0.09735576923076923
1 0.7848557692307693 0.9338942307692307 0.02403846153846154 0.09735576923076923
4 0.8882211538461539 0.9387019230769231 0.019230769230769232 0.08533653846153846
1 0.6177884615384616 0.9387019230769231 0.021634615384615384 0.10216346153846154