1 0.2776442307692308 0.02403846153846154 0.021634615384615384 0.04807692307692308
4 0.41466346153846156 0.027644230769230768 0.026442307692307692 0.055288461538461536
1 0.051682692307692304 0.1466346153846154 0.021634615384615384 0.078125
4 0.38100961538461536 0.15625 0.027644230769230768 0.07692307692307693
2 0.23076923076923078 0.19831730769230768 0.021634615384615384 0.06850961538461539
0 0.3545673076923077 0.3269230769230769 0.027644230769230768 0.04447115384615385
2 0.17908653846153846 0.39783653846153844 0.026442307692307692 0.07211538461538461
4 0.3401442307692308 0.4735576923076923 0.026442307692307692 0.07451923076923077
1 0.1201923076923077 0.5420673076923077 0.025240384615384616 0.078125
4 0.3473557692307692 0.5817307692307693 0.030048076923076924 0.08413461538461539
1 0.025240384615384616 0.7223557692307693 0.028846153846153848 0.08413461538461539
4 0.32091346153846156 0.7451923076923077 0.036057692307692304 0.04326923076923077
1 0.7247596153846154 0.036057692307692304 0.03125 0.07211538461538461
1 0.8798076923076923 0.09495192307692307 0.028846153846153848 0.10096153846153846
2 0.6045673076923077 0.15144230769230768 0.02403846153846154 0.12860576923076922
2 0.7067307692307693 0.26802884615384615 0.030048076923076924 0.12740384615384615
0 0.5504807692307693 0.3918269230769231 0.039663461538461536 0.04447115384615385
1 0.9314903846153846 0.421875 0.018028846153846152 0.12980769230769232
2 0.7247596153846154 0.42427884615384615 0.027644230769230768 0.11057692307692307
4 0.4735576923076923 0.4579326923076923 0.028846153846153848 0.14182692307692307
4 0.6586538461538461 0.5444711538461539 0.042067307692307696 0.1141826923076923
1 0.9338942307692307 0.6382211538461539 0.026442307692307692 0.14302884615384615
4 0.6105769230769231 0.6766826923076923 0.04447115384615385 0.125
4 0.3918269230769231 0.8798076923076923 0.036057692307692304 0.056490384615384616
1 0.3088942307692308 0.8942307692307693 0.027644230769230768 0.09014423076923077
1 0.3858173076923077 0.9543269230769231 0.030048076923076924 0.0829326923076923
2 0.703125 0.828125 0.02283653846153846 0.09735576923076923
4 0.9723557692307693 0.9158653846153846 0.03125 0.06009615384615385
0 0.8197115384615384 0.9182692307692307 0.027644230769230768 0.06610576923076923
3 0.953125 0.9555288461538461 0.026442307692307692 0.08413461538461539
2 0.6634615384615384 0.9747596153846154 0.028846153846153848 0.04567307692307692