4 0.10096153846153846 0.027644230769230768 0.03365384615384615 0.055288461538461536
2 0.22956730769230768 0.06370192307692307 0.038461538461538464 0.109375
2 0.30288461538461536 0.23677884615384615 0.040865384615384616 0.09495192307692307
0 0.1045673076923077 0.30649038461538464 0.03125 0.07451923076923077
2 0.30528846153846156 0.3269230769230769 0.04326923076923077 0.07692307692307693
2 0.9867788461538461 0.10697115384615384 0.021634615384615384 0.0889423076923077
2 0.9411057692307693 0.2091346153846154 0.02403846153846154 0.08653846153846154
2 0.5324519230769231 0.2620192307692308 0.025240384615384616 0.08413461538461539
2 0.9459134615384616 0.30649038461538464 0.02283653846153846 0.08533653846153846
1 0.8257211538461539 0.01201923076923077 0.016826923076923076 0.02403846153846154
1 0.4026442307692308 0.6201923076923077 0.014423076923076924 0.08413461538461539
2 0.38822115384615385 0.7415865384615384 0.020432692307692308 0.08653846153846154
1 0.17908653846153846 0.7824519230769231 0.018028846153846152 0.10697115384615384
2 0.3581730769230769 0.8185096153846154 0.025240384615384616 0.08052884615384616
1 0.27163461538461536 0.9627403846153846 0.019230769230769232 0.06971153846153846
4 0.6730769230769231 0.5300480769230769 0.042067307692307696 0.038461538461538464
4 0.75 0.5564903846153846 0.04447115384615385 0.08413461538461539
2 0.8978365384615384 0.6189903846153846 0.037259615384615384 0.11658653846153846
3 0.5216346153846154 0.6682692307692307 0.020432692307692308 0.12860576923076922
0 0.7151442307692307 0.6766826923076923 0.038461538461538464 0.06009615384615385
2 0.8677884615384616 0.7463942307692307 0.038461538461538464 0.10216346153846154
4 0.5012019230769231 0.7560096153846154 0.037259615384615384 0.10216346153846154
4 0.7644230769230769 0.8040865384615384 0.06971153846153846 0.11658653846153846
4 0.6586538461538461 0.8701923076923077 0.054086538461538464 0.11298076923076923
1 0.9435096153846154 0.9603365384615384 0.036057692307692304 0.07451923076923077
4 0.6682692307692307 0.9819711538461539 0.0625 0.03125
1 0.8497596153846154 0.45072115384615385 0.037259615384615384 0.11658653846153846