1 0.14182692307692307 0.3317307692307692 0.025240384615384616 0.09375
1 0.6935096153846154 0.052884615384615384 0.03125 0.07932692307692307
4 0.9254807692307693 0.056490384615384616 0.02403846153846154 0.0673076923076923
4 0.9423076923076923 0.19110576923076922 0.027644230769230768 0.0625
1 0.5853365384615384 0.203125 0.02403846153846154 0.078125
2 0.7319711538461539 0.2644230769230769 0.026442307692307692 0.078125
0 0.9591346153846154 0.33653846153846156 0.026442307692307692 0.05048076923076923
2 0.7704326923076923 0.4026442307692308 0.021634615384615384 0.07932692307692307
1 0.8401442307692307 0.5048076923076923 0.02283653846153846 0.08774038461538461
2 0.054086538461538464 0.6766826923076923 0.021634615384615384 0.016826923076923076
4 0.23557692307692307 0.6802884615384616 0.02403846153846154 0.02403846153846154
3 0.20552884615384615 0.7127403846153846 0.021634615384615384 0.0889423076923077
0 0.17427884615384615 0.7139423076923077 0.026442307692307692 0.04326923076923077
1 0.3557692307692308 0.7247596153846154 0.025240384615384616 0.0829326923076923
2 0.040865384615384616 0.7439903846153846 0.02403846153846154 0.07451923076923077
1 0.09134615384615384 0.9134615384615384 0.026442307692307692 0.08653846153846154
4 0.17307692307692307 0.9170673076923077 0.03245192307692308 0.0889423076923077
4 0.6862980769230769 0.7223557692307693 0.046875 0.10216346153846154
4 0.7043269230769231 0.8137019230769231 0.03125 0.12980769230769232
1 0.9615384615384616 0.8329326923076923 0.02283653846153846 0.13221153846153846
4 0.6274038461538461 0.8509615384615384 0.03485576923076923 0.07091346153846154
2 0.8737980769230769 0.9170673076923077 0.026442307692307692 0.14423076923076922
4 0.6021634615384616 0.9266826923076923 0.04807692307692308 0.0625
2 0.7427884615384616 0.9723557692307693 0.038461538461538464 0.05048076923076923
3 0.44711538461538464 0.9771634615384616 0.038461538461538464 0.040865384615384616