1 0.21995192307692307 0.01201923076923077 0.021634615384615384 0.02403846153846154
2 0.16947115384615385 0.08413461538461539 0.019230769230769232 0.051682692307692304
2 0.17548076923076922 0.16826923076923078 0.020432692307692308 0.11658653846153846
0 0.014423076923076924 0.22235576923076922 0.028846153846153848 0.07451923076923077
2 0.2127403846153846 0.2403846153846154 0.021634615384615384 0.07211538461538461
1 0.5108173076923077 0.2536057692307692 0.021634615384615384 0.04567307692307692
4 0.47596153846153844 0.34134615384615385 0.021634615384615384 0.054086538461538464
2 0.18269230769230768 0.34975961538461536 0.020432692307692308 0.08774038461538461
2 0.27283653846153844 0.3605769230769231 0.027644230769230768 0.0829326923076923
3 0.48197115384615385 0.4098557692307692 0.021634615384615384 0.09134615384615384
0 0.3329326923076923 0.42788461538461536 0.03125 0.05889423076923077
2 0.31009615384615385 0.5348557692307693 0.021634615384615384 0.10216346153846154
1 0.26802884615384615 0.5697115384615384 0.02283653846153846 0.11057692307692307
4 0.38341346153846156 0.5709134615384616 0.03485576923076923 0.08052884615384616
4 0.41466346153846156 0.6466346153846154 0.03485576923076923 0.0829326923076923
1 0.18269230769230768 0.65625 0.015625 0.109375
4 0.48677884615384615 0.90625 0.03245192307692308 0.09975961538461539
1 0.33774038461538464 0.9302884615384616 0.027644230769230768 0.11538461538461539
4 0.9002403846153846 0.3016826923076923 0.026442307692307692 0.04567307692307692
2 0.9675480769230769 0.328125 0.03245192307692308 0.04927884615384615
4 0.7692307692307693 0.35096153846153844 0.021634615384615384 0.06850961538461539
3 0.765625 0.4170673076923077 0.02283653846153846 0.0889423076923077
0 0.9158653846153846 0.4423076923076923 0.028846153846153848 0.0673076923076923
4 0.8725961538461539 0.6358173076923077 0.021634615384615384 0.09134615384615384
4 0.8557692307692307 0.7199519230769231 0.038461538461538464 0.0889423076923077
1 0.953125 0.7463942307692307 0.027644230769230768 0.09495192307692307
4 0.890625 0.9423076923076923 0.040865384615384616 0.11057692307692307
1 0.9915865384615384 0.9519230769230769 0.01201923076923077 0.09134615384615384