2 0.296875 0.042067307692307696 0.021634615384615384 0.08413461538461539
4 0.203125 0.20793269230769232 0.03485576923076923 0.0889423076923077
1 0.2848557692307692 0.22115384615384615 0.02403846153846154 0.09014423076923077
2 0.7872596153846154 0.008413461538461538 0.03125 0.016826923076923076
3 0.640625 0.06129807692307692 0.025240384615384616 0.0829326923076923
0 0.7487980769230769 0.06129807692307692 0.036057692307692304 0.055288461538461536
1 0.9266826923076923 0.2283653846153846 0.025240384615384616 0.0889423076923077
4 0.7211538461538461 0.27163461538461536 0.03485576923076923 0.08653846153846154
4 0.056490384615384616 0.47475961538461536 0.026442307692307692 0.042067307692307696
1 0.25841346153846156 0.5012019230769231 0.015625 0.1045673076923077
4 0.046875 0.5396634615384616 0.021634615384615384 0.09615384615384616
1 0.3629807692307692 0.6189903846153846 0.02403846153846154 0.1141826923076923
2 0.27403846153846156 0.625 0.02283653846153846 0.1045673076923077
0 0.09134615384615384 0.6935096153846154 0.03485576923076923 0.07091346153846154
2 0.20673076923076922 0.7331730769230769 0.026442307692307692 0.11658653846153846
4 0.013221153846153846 0.7668269230769231 0.020432692307692308 0.08533653846153846
1 0.20432692307692307 0.8605769230769231 0.03245192307692308 0.12740384615384615
4 0.028846153846153848 0.8834134615384616 0.028846153846153848 0.11658653846153846
1 0.2608173076923077 0.9399038461538461 0.021634615384615384 0.10576923076923077
4 0.6430288461538461 0.47836538461538464 0.03125 0.09495192307692307
1 0.7235576923076923 0.49399038461538464 0.028846153846153848 0.07692307692307693
2 0.7103365384615384 0.6237980769230769 0.030048076923076924 0.08413461538461539
4 0.5889423076923077 0.6334134615384616 0.019230769230769232 0.06971153846153846
2 0.6802884615384616 0.7211538461538461 0.038461538461538464 0.07211538461538461
0 0.6165865384615384 0.7932692307692307 0.03245192307692308 0.0889423076923077
2 0.7055288461538461 0.8401442307692307 0.02403846153846154 0.09975961538461539