1 0.4050480769230769 0.02403846153846154 0.021634615384615384 0.04807692307692308
1 0.11057692307692307 0.10576923076923077 0.02283653846153846 0.10336538461538461
2 0.2848557692307692 0.12379807692307693 0.027644230769230768 0.0889423076923077
2 0.28365384615384615 0.24519230769230768 0.02403846153846154 0.09375
2 0.4014423076923077 0.3737980769230769 0.02403846153846154 0.11658653846153846
1 0.6141826923076923 0.013221153846153846 0.026442307692307692 0.026442307692307692
2 0.48197115384615385 0.040865384615384616 0.03245192307692308 0.07451923076923077
2 0.6105769230769231 0.15985576923076922 0.028846153846153848 0.09014423076923077
0 0.4423076923076923 0.1971153846153846 0.03365384615384615 0.07091346153846154
2 0.6394230769230769 0.26322115384615385 0.03125 0.10336538461538461
4 0.4326923076923077 0.3088942307692308 0.028846153846153848 0.04567307692307692
4 0.42427884615384615 0.36899038461538464 0.01201923076923077 0.08413461538461539
2 0.49038461538461536 0.3918269230769231 0.030048076923076924 0.09375
1 0.7139423076923077 0.5637019230769231 0.027644230769230768 0.11899038461538461
4 0.013221153846153846 0.7307692307692307 0.026442307692307692 0.08173076923076923
4 0.0625 0.7908653846153846 0.03125 0.08774038461538461
3 0.10096153846153846 0.9447115384615384 0.02403846153846154 0.10576923076923077
1 0.5600961538461539 0.7139423076923077 0.02403846153846154 0.04807692307692308
2 0.8233173076923077 0.7764423076923077 0.028846153846153848 0.109375
2 0.8641826923076923 0.8786057692307693 0.026442307692307692 0.11658653846153846
1 0.7271634615384616 0.9230769230769231 0.025240384615384616 0.12860576923076922