4 0.046875 0.02283653846153846 0.021634615384615384 0.04567307692307692
2 0.21394230769230768 0.07692307692307693 0.02283653846153846 0.09495192307692307
0 0.02403846153846154 0.18028846153846154 0.03125 0.07932692307692307
2 0.17548076923076922 0.21634615384615385 0.02283653846153846 0.10096153846153846
2 0.056490384615384616 0.29447115384615385 0.028846153846153848 0.0889423076923077
4 0.8713942307692307 0.21995192307692307 0.016826923076923076 0.056490384615384616
1 0.9122596153846154 0.23317307692307693 0.026442307692307692 0.056490384615384616
4 0.7704326923076923 0.3233173076923077 0.016826923076923076 0.04567307692307692
2 0.90625 0.33052884615384615 0.028846153846153848 0.03125
1 0.35336538461538464 0.453125 0.018028846153846152 0.09495192307692307
4 0.1201923076923077 0.5252403846153846 0.030048076923076924 0.07091346153846154
2 0.26322115384615385 0.53125 0.018028846153846152 0.10697115384615384
4 0.15985576923076922 0.5492788461538461 0.026442307692307692 0.09014423076923077
4 0.125 0.5841346153846154 0.026442307692307692 0.10096153846153846
2 0.3329326923076923 0.6189903846153846 0.025240384615384616 0.07572115384615384
4 0.018028846153846152 0.6502403846153846 0.019230769230769232 0.0673076923076923
2 0.328125 0.7043269230769231 0.02403846153846154 0.10697115384615384
0 0.1658653846153846 0.7271634615384616 0.03485576923076923 0.054086538461538464
3 0.02403846153846154 0.7283653846153846 0.02403846153846154 0.11778846153846154
4 0.1502403846153846 0.8569711538461539 0.05048076923076923 0.07572115384615384
2 0.24519230769230768 0.9254807692307693 0.03365384615384615 0.125
1 0.47596153846153844 0.5504807692307693 0.019230769230769232 0.08653846153846154
4 0.7956730769230769 0.5805288461538461 0.030048076923076924 0.07211538461538461
2 0.6394230769230769 0.7091346153846154 0.027644230769230768 0.08653846153846154
2 0.6009615384615384 0.8040865384615384 0.02403846153846154 0.06971153846153846
0 0.6706730769230769 0.8040865384615384 0.025240384615384616 0.025240384615384616
3 0.7932692307692307 0.8257211538461539 0.020432692307692308 0.10817307692307693
4 0.6514423076923077 0.9387019230769231 0.040865384615384616 0.06610576923076923
1 0.6730769230769231 0.38100961538461536 0.02403846153846154 0.06490384615384616
4 0.8293269230769231 0.4050480769230769 0.03245192307692308 0.0889423076923077
1 0.6502403846153846 0.4579326923076923 0.020432692307692308 0.06610576923076923
4 0.7776442307692307 0.47836538461538464 0.030048076923076924 0.06971153846153846