1 0.3605769230769231 0.016826923076923076 0.028846153846153848 0.03365384615384615
1 0.0673076923076923 0.026442307692307692 0.028846153846153848 0.052884615384615384
4 0.41466346153846156 0.042067307692307696 0.03245192307692308 0.05048076923076923
4 0.5180288461538461 0.0733173076923077 0.02403846153846154 0.05048076923076923
2 0.2283653846153846 0.07451923076923077 0.025240384615384616 0.07932692307692307
0 0.36899038461538464 0.11538461538461539 0.03125 0.05048076923076923
3 0.5072115384615384 0.1201923076923077 0.02403846153846154 0.1201923076923077
2 0.19110576923076922 0.15504807692307693 0.02403846153846154 0.10817307692307693
2 0.26322115384615385 0.21033653846153846 0.027644230769230768 0.1045673076923077
4 0.36538461538461536 0.2644230769230769 0.028846153846153848 0.08173076923076923
1 0.18629807692307693 0.2704326923076923 0.021634615384615384 0.06971153846153846
4 0.3125 0.2824519230769231 0.02403846153846154 0.04567307692307692
4 0.7512019230769231 0.17427884615384615 0.019230769230769232 0.06129807692307692
1 0.6911057692307693 0.18269230769230768 0.019230769230769232 0.055288461538461536
3 0.8365384615384616 0.296875 0.019230769230769232 0.016826923076923076
1 0.09615384615384616 0.36538461538461536 0.019230769230769232 0.11538461538461539
2 0.20793269230769232 0.390625 0.018028846153846152 0.10576923076923077
4 0.38100961538461536 0.39663461538461536 0.03485576923076923 0.06490384615384616
4 0.5120192307692307 0.44350961538461536 0.028846153846153848 0.054086538461538464
0 0.3088942307692308 0.48677884615384615 0.028846153846153848 0.04807692307692308
2 0.15504807692307693 0.5060096153846154 0.028846153846153848 0.125
3 0.5 0.5108173076923077 0.030048076923076924 0.14182692307692307
1 0.016826923076923076 0.5216346153846154 0.030048076923076924 0.12860576923076922
4 0.3473557692307692 0.6057692307692307 0.037259615384615384 0.11057692307692307
1 0.078125 0.6574519230769231 0.025240384615384616 0.12259615384615384
4 0.2536057692307692 0.6766826923076923 0.025240384615384616 0.11057692307692307
4 0.2980769230769231 0.7896634615384616 0.028846153846153848 0.09975961538461539
2 0.6814903846153846 0.5372596153846154 0.037259615384615384 0.1502403846153846
2 0.6706730769230769 0.6574519230769231 0.02403846153846154 0.15625
1 0.9855769230769231 0.7548076923076923 0.02403846153846154 0.17307692307692307
2 0.875 0.8329326923076923 0.046875 0.17548076923076922
4 0.6790865384615384 0.9302884615384616 0.040865384615384616 0.1346153846153846
1 0.7536057692307693 0.9350961538461539 0.04567307692307692 0.125
1 0.8557692307692307 0.4387019230769231 0.036057692307692304 0.13581730769230768