2 0.0673076923076923 0.028846153846153848 0.04807692307692308 0.057692307692307696
3 0.020432692307692308 0.026442307692307692 0.040865384615384616 0.052884615384615384
4 0.19110576923076922 0.06610576923076923 0.078125 0.13221153846153846
4 0.12860576923076922 0.09134615384615384 0.07091346153846154 0.09735576923076923
0 0.018028846153846152 0.18269230769230768 0.036057692307692304 0.052884615384615384
3 0.054086538461538464 0.21153846153846154 0.052884615384615384 0.14783653846153846
1 0.5564903846153846 0.05048076923076923 0.021634615384615384 0.10096153846153846
4 0.8112980769230769 0.07932692307692307 0.03245192307692308 0.10697115384615384
4 0.7391826923076923 0.09375 0.038461538461538464 0.1045673076923077
3 0.8846153846153846 0.25 0.03485576923076923 0.06129807692307692
0 0.8341346153846154 0.27524038461538464 0.025240384615384616 0.07451923076923077
2 0.6021634615384616 0.2764423076923077 0.03125 0.08173076923076923
4 0.21033653846153846 0.35697115384615385 0.05048076923076923 0.07451923076923077
4 0.2283653846153846 0.4338942307692308 0.03125 0.12980769230769232
4 0.15144230769230768 0.47115384615384615 0.03485576923076923 0.07091346153846154
4 0.12620192307692307 0.546875 0.04807692307692308 0.0625
2 0.25240384615384615 0.6478365384615384 0.009615384615384616 0.16105769230769232
0 0.15144230769230768 0.6911057692307693 0.03485576923076923 0.09735576923076923
4 0.0733173076923077 0.8377403846153846 0.036057692307692304 0.11177884615384616
1 0.7536057692307693 0.328125 0.021634615384615384 0.016826923076923076
4 0.9230769230769231 0.3317307692307692 0.028846153846153848 0.02403846153846154
1 0.4375 0.4230769230769231 0.020432692307692308 0.07211538461538461
3 0.9939903846153846 0.5012019230769231 0.007211538461538462 0.0889423076923077
0 0.8665865384615384 0.5084134615384616 0.030048076923076924 0.04447115384615385
2 0.7163461538461539 0.5300480769230769 0.02403846153846154 0.0829326923076923
2 0.7836538461538461 0.6550480769230769 0.038461538461538464 0.09134615384615384
1 0.6983173076923077 0.6574519230769231 0.016826923076923076 0.09254807692307693
4 0.8377403846153846 0.7139423076923077 0.03125 0.09254807692307693
4 0.8810096153846154 0.7668269230769231 0.025240384615384616 0.11057692307692307
1 0.7151442307692307 0.7872596153846154 0.02403846153846154 0.09495192307692307