2 0.2403846153846154 0.026442307692307692 0.038461538461538464 0.052884615384615384
2 0.16466346153846154 0.09495192307692307 0.03485576923076923 0.09375
0 0.3713942307692308 0.14903846153846154 0.03125 0.07692307692307693
2 0.1814903846153846 0.16826923076923078 0.03125 0.10336538461538461
1 0.13942307692307693 0.2608173076923077 0.038461538461538464 0.1310096153846154
4 0.3581730769230769 0.41947115384615385 0.052884615384615384 0.1310096153846154
4 0.6394230769230769 0.10817307692307693 0.027644230769230768 0.07932692307692307
1 0.8257211538461539 0.11298076923076923 0.020432692307692308 0.0625
1 0.9879807692307693 0.2536057692307692 0.016826923076923076 0.09014423076923077
4 0.4831730769230769 0.2860576923076923 0.020432692307692308 0.04927884615384615
2 0.7415865384615384 0.34615384615384615 0.02403846153846154 0.08533653846153846
3 0.4795673076923077 0.34975961538461536 0.018028846153846152 0.08413461538461539
0 0.6117788461538461 0.375 0.030048076923076924 0.06971153846153846
2 0.7223557692307693 0.47115384615384615 0.026442307692307692 0.07211538461538461
4 0.5300480769230769 0.4831730769230769 0.036057692307692304 0.04807692307692308
1 0.3713942307692308 0.5805288461538461 0.03125 0.11778846153846154
2 0.3125 0.7151442307692307 0.027644230769230768 0.13341346153846154
2 0.28125 0.7295673076923077 0.039663461538461536 0.07932692307692307
4 0.3701923076923077 0.7860576923076923 0.03365384615384615 0.052884615384615384
2 0.04807692307692308 0.8473557692307693 0.042067307692307696 0.08774038461538461
0 0.2644230769230769 0.9002403846153846 0.04807692307692308 0.07451923076923077
1 0.046875 0.9471153846153846 0.036057692307692304 0.10096153846153846
4 0.26322115384615385 0.9771634615384616 0.05048076923076923 0.040865384615384616
1 0.39783653846153844 0.5336538461538461 0.016826923076923076 0.04807692307692308
2 0.7548076923076923 0.5432692307692307 0.02403846153846154 0.0673076923076923
1 0.7079326923076923 0.6742788461538461 0.020432692307692308 0.09254807692307693
4 0.8665865384615384 0.7776442307692307 0.02403846153846154 0.08413461538461539
1 0.5216346153846154 0.8930288461538461 0.026442307692307692 0.0889423076923077
4 0.7728365384615384 0.9567307692307693 0.036057692307692304 0.08173076923076923