2 0.21514423076923078 0.014423076923076924 0.040865384615384616 0.028846153846153848
0 0.3269230769230769 0.0673076923076923 0.038461538461538464 0.04807692307692308
2 0.1310096153846154 0.11538461538461539 0.03125 0.09735576923076923
4 0.41346153846153844 0.19471153846153846 0.054086538461538464 0.06610576923076923
2 0.375 0.23677884615384615 0.03485576923076923 0.10216346153846154
1 0.007211538461538462 0.2704326923076923 0.014423076923076924 0.11298076923076923
1 0.19831730769230768 0.3858173076923077 0.027644230769230768 0.12740384615384615
2 0.7632211538461539 0.051682692307692304 0.030048076923076924 0.08413461538461539
4 0.6334134615384616 0.06009615384615385 0.03125 0.0673076923076923
2 0.7331730769230769 0.14903846153846154 0.038461538461538464 0.07211538461538461
3 0.5120192307692307 0.1935096153846154 0.018028846153846152 0.12740384615384615
0 0.6694711538461539 0.22115384615384615 0.03245192307692308 0.0889423076923077
2 0.7584134615384616 0.26802884615384615 0.02403846153846154 0.09975961538461539
4 0.46875 0.2848557692307692 0.025240384615384616 0.10697115384615384
4 0.6057692307692307 0.4519230769230769 0.039663461538461536 0.10336538461538461
4 0.5456730769230769 0.4795673076923077 0.03365384615384615 0.09375
1 0.6766826923076923 0.47836538461538464 0.036057692307692304 0.09615384615384616
1 0.7884615384615384 0.5108173076923077 0.03365384615384615 0.03125
4 0.20072115384615385 0.5516826923076923 0.036057692307692304 0.04567307692307692
1 0.359375 0.5661057692307693 0.026442307692307692 0.07451923076923077
2 0.2800480769230769 0.5649038461538461 0.036057692307692304 0.07211538461538461
3 0.14423076923076922 0.6778846153846154 0.020432692307692308 0.07572115384615384
0 0.18269230769230768 0.7151442307692307 0.03125 0.08052884615384616
2 0.375 0.7367788461538461 0.030048076923076924 0.1346153846153846
4 0.06370192307692307 0.8221153846153846 0.030048076923076924 0.10576923076923077
2 0.3233173076923077 0.8677884615384616 0.030048076923076924 0.12980769230769232
4 0.08533653846153846 0.8894230769230769 0.040865384615384616 0.11899038461538461
2 0.1466346153846154 0.9266826923076923 0.030048076923076924 0.12139423076923077
3 0.5709134615384616 0.5673076923076923 0.026442307692307692 0.07692307692307693
0 0.7115384615384616 0.5769230769230769 0.03485576923076923 0.05889423076923077
2 0.7319711538461539 0.6682692307692307 0.03125 0.10336538461538461
4 0.6514423076923077 0.7451923076923077 0.02283653846153846 0.09615384615384616
1 0.7043269230769231 0.7752403846153846 0.027644230769230768 0.08653846153846154
4 0.5600961538461539 0.9411057692307693 0.03485576923076923 0.09375
2 0.828125 0.9459134615384616 0.026442307692307692 0.10096153846153846