1 0.47836538461538464 0.20673076923076922 0.02403846153846154 0.12980769230769232
1 0.4098557692307692 0.22956730769230768 0.019230769230769232 0.1310096153846154
2 0.46634615384615385 0.39663461538461536 0.019230769230769232 0.1346153846153846
1 0.054086538461538464 0.42908653846153844 0.02403846153846154 0.10576923076923077
1 0.8665865384615384 0.010817307692307692 0.026442307692307692 0.021634615384615384
2 0.9519230769230769 0.10336538461538461 0.02403846153846154 0.07932692307692307
2 0.9086538461538461 0.1658653846153846 0.030048076923076924 0.07451923076923077
1 0.6983173076923077 0.17668269230769232 0.019230769230769232 0.08413461538461539
2 0.8894230769230769 0.27884615384615385 0.030048076923076924 0.07692307692307693
2 0.9603365384615384 0.38822115384615385 0.025240384615384616 0.07091346153846154
4 0.34615384615384615 0.5396634615384616 0.02403846153846154 0.07932692307692307
1 0.4338942307692308 0.5564903846153846 0.02283653846153846 0.09254807692307693
4 0.06850961538461539 0.7223557692307693 0.028846153846153848 0.08653846153846154
3 0.15985576923076922 0.7427884615384616 0.025240384615384616 0.1201923076923077
2 0.45913461538461536 0.7596153846153846 0.025240384615384616 0.09134615384615384
0 0.29927884615384615 0.7752403846153846 0.027644230769230768 0.07451923076923077
2 0.42908653846153844 0.84375 0.026442307692307692 0.09495192307692307
1 0.20552884615384615 0.9362980769230769 0.02283653846153846 0.0985576923076923
1 0.38822115384615385 0.9663461538461539 0.021634615384615384 0.0625
4 0.5516826923076923 0.5108173076923077 0.026442307692307692 0.021634615384615384
4 0.5685096153846154 0.5288461538461539 0.036057692307692304 0.057692307692307696
2 0.7836538461538461 0.6262019230769231 0.020432692307692308 0.09254807692307693
2 0.6478365384615384 0.7427884615384616 0.03125 0.125
0 0.5673076923076923 0.7596153846153846 0.030048076923076924 0.07451923076923077