0 0.21875 0.006009615384615385 0.028846153846153848 0.01201923076923077
4 0.13341346153846154 0.06370192307692307 0.025240384615384616 0.10096153846153846
2 0.21875 0.08533653846153846 0.026442307692307692 0.09134615384615384
1 0.4411057692307692 0.12139423076923077 0.019230769230769232 0.09975961538461539
4 0.1502403846153846 0.1875 0.026442307692307692 0.10216346153846154
1 0.2091346153846154 0.21394230769230768 0.027644230769230768 0.09134615384615384
4 0.09615384615384616 0.26322115384615385 0.039663461538461536 0.09375
1 0.33774038461538464 0.31490384615384615 0.028846153846153848 0.0889423076923077
2 0.7403846153846154 0.016826923076923076 0.03365384615384615 0.03365384615384615
2 0.7487980769230769 0.09615384615384616 0.04567307692307692 0.12740384615384615
0 0.953125 0.10096153846153846 0.039663461538461536 0.10336538461538461
1 0.5985576923076923 0.21754807692307693 0.04927884615384615 0.1466346153846154
4 0.9723557692307693 0.22115384615384615 0.05048076923076923 0.1201923076923077
2 0.8725961538461539 0.26322115384615385 0.07451923076923077 0.1466346153846154
1 0.22956730769230768 0.5552884615384616 0.03125 0.052884615384615384
2 0.15504807692307693 0.6057692307692307 0.042067307692307696 0.08653846153846154
4 0.0625 0.6141826923076923 0.03125 0.08413461538461539
4 0.0985576923076923 0.6298076923076923 0.04326923076923077 0.04807692307692308
2 0.28125 0.6310096153846154 0.03125 0.109375
3 0.10697115384615384 0.7223557692307693 0.027644230769230768 0.06370192307692307
0 0.14543269230769232 0.7283653846153846 0.039663461538461536 0.03245192307692308
2 0.3269230769230769 0.7355769230769231 0.03365384615384615 0.10096153846153846
2 0.26802884615384615 0.7956730769230769 0.028846153846153848 0.12259615384615384
4 0.11177884615384616 0.8209134615384616 0.037259615384615384 0.1141826923076923
1 0.9086538461538461 0.703125 0.018028846153846152 0.0829326923076923
4 0.9951923076923077 0.7043269230769231 0.004807692307692308 0.07692307692307693
2 0.8533653846153846 0.8149038461538461 0.016826923076923076 0.07932692307692307
1 0.625 0.8305288461538461 0.019230769230769232 0.078125
2 0.8269230769230769 0.9014423076923077 0.019230769230769232 0.07932692307692307
3 0.9795673076923077 0.9603365384615384 0.021634615384615384 0.07451923076923077
0 0.9483173076923077 0.9711538461538461 0.026442307692307692 0.04326923076923077
2 0.8161057692307693 0.9807692307692307 0.026442307692307692 0.03365384615384615
1 0.6802884615384616 0.9783653846153846 0.019230769230769232 0.038461538461538464