4 0.28365384615384615 0.08413461538461539 0.030048076923076924 0.07451923076923077
1 0.4254807692307692 0.0889423076923077 0.018028846153846152 0.08173076923076923
1 0.5805288461538461 0.20192307692307693 0.019230769230769232 0.07692307692307693
2 0.3245192307692308 0.24158653846153846 0.03365384615384615 0.055288461538461536
4 0.1814903846153846 0.2920673076923077 0.021634615384615384 0.08774038461538461
2 0.39903846153846156 0.31850961538461536 0.02403846153846154 0.07932692307692307
4 0.08774038461538461 0.3449519230769231 0.028846153846153848 0.07932692307692307
3 0.24879807692307693 0.3449519230769231 0.028846153846153848 0.04447115384615385
0 0.2776442307692308 0.36778846153846156 0.027644230769230768 0.06009615384615385
2 0.4326923076923077 0.4050480769230769 0.02403846153846154 0.08413461538461539
4 0.7127403846153846 0.039663461538461536 0.026442307692307692 0.07932692307692307
3 0.8870192307692307 0.036057692307692304 0.02283653846153846 0.06009615384615385
0 0.9122596153846154 0.06129807692307692 0.02403846153846154 0.05889423076923077
4 0.8353365384615384 0.15264423076923078 0.02283653846153846 0.08052884615384616
4 0.8052884615384616 0.2776442307692308 0.030048076923076924 0.08533653846153846
1 0.9879807692307693 0.3088942307692308 0.019230769230769232 0.10817307692307693
1 0.15745192307692307 0.48677884615384615 0.021634615384615384 0.07451923076923077
4 0.2824519230769231 0.4879807692307692 0.026442307692307692 0.07692307692307693
4 0.3004807692307692 0.5901442307692307 0.030048076923076924 0.07451923076923077
2 0.14302884615384615 0.5961538461538461 0.021634615384615384 0.09134615384615384
4 0.39903846153846156 0.6754807692307693 0.019230769230769232 0.10336538461538461
2 0.16826923076923078 0.6935096153846154 0.019230769230769232 0.10216346153846154
3 0.47596153846153844 0.7091346153846154 0.018028846153846152 0.0829326923076923
0 0.3389423076923077 0.7512019230769231 0.027644230769230768 0.05889423076923077
4 0.4879807692307692 0.765625 0.026442307692307692 0.09014423076923077
2 0.21033653846153846 0.8004807692307693 0.028846153846153848 0.09735576923076923
1 0.11899038461538461 0.9026442307692307 0.020432692307692308 0.11177884615384616
4 0.4411057692307692 0.9567307692307693 0.03125 0.08173076923076923
1 0.36899038461538464 0.9543269230769231 0.026442307692307692 0.08653846153846154
2 0.8185096153846154 0.4735576923076923 0.026442307692307692 0.04807692307692308
0 0.7103365384615384 0.5060096153846154 0.027644230769230768 0.07091346153846154
2 0.8100961538461539 0.5132211538461539 0.02403846153846154 0.09975961538461539
2 0.8353365384615384 0.6586538461538461 0.019230769230769232 0.0829326923076923
4 0.6129807692307693 0.7115384615384616 0.009615384615384616 0.09134615384615384
1 0.9783653846153846 0.7704326923076923 0.02283653846153846 0.0889423076923077
1 0.8088942307692307 0.9543269230769231 0.026442307692307692 0.08653846153846154