2 0.4362980769230769 0.05048076923076923 0.021634615384615384 0.08413461538461539
2 0.42788461538461536 0.15384615384615385 0.026442307692307692 0.0829326923076923
2 0.46033653846153844 0.19591346153846154 0.018028846153846152 0.09134615384615384
1 0.1310096153846154 0.28725961538461536 0.02403846153846154 0.08052884615384616
2 0.8497596153846154 0.013221153846153846 0.026442307692307692 0.026442307692307692
0 0.9807692307692307 0.020432692307692308 0.028846153846153848 0.040865384615384616
2 0.8545673076923077 0.078125 0.02283653846153846 0.08533653846153846
1 0.9290865384615384 0.22355769230769232 0.019230769230769232 0.09134615384615384
4 0.24639423076923078 0.5757211538461539 0.026442307692307692 0.08052884615384616
2 0.3858173076923077 0.6033653846153846 0.02283653846153846 0.09014423076923077
2 0.3269230769230769 0.6514423076923077 0.037259615384615384 0.0733173076923077
3 0.1045673076923077 0.7319711538461539 0.015625 0.10096153846153846
0 0.25240384615384615 0.7764423076923077 0.038461538461538464 0.0673076923076923
4 0.08173076923076923 0.8473557692307693 0.026442307692307692 0.08653846153846154
2 0.26322115384615385 0.9399038461538461 0.02283653846153846 0.09495192307692307
4 0.3088942307692308 0.4735576923076923 0.028846153846153848 0.0673076923076923
1 0.40384615384615385 0.49158653846153844 0.016826923076923076 0.06490384615384616
2 0.5985576923076923 0.5600961538461539 0.042067307692307696 0.11057692307692307
1 0.9771634615384616 0.5600961538461539 0.040865384615384616 0.10336538461538461
2 0.5853365384615384 0.6875 0.046875 0.10576923076923077
1 0.7223557692307693 0.9471153846153846 0.04567307692307692 0.10096153846153846