3 0.5420673076923077 0.026442307692307692 0.026442307692307692 0.052884615384615384
2 0.20432692307692307 0.08413461538461539 0.025240384615384616 0.07932692307692307
2 0.30408653846153844 0.10096153846153846 0.038461538461538464 0.06610576923076923
1 0.08653846153846154 0.1622596153846154 0.03125 0.08774038461538461
4 0.4074519230769231 0.18629807692307693 0.03125 0.10697115384615384
4 0.32211538461538464 0.21875 0.03245192307692308 0.1045673076923077
1 0.1814903846153846 0.3713942307692308 0.027644230769230768 0.10336538461538461
4 0.2848557692307692 0.38822115384615385 0.03485576923076923 0.09735576923076923
1 0.6971153846153846 0.17427884615384615 0.019230769230769232 0.09495192307692307
1 0.006009615384615385 0.6550480769230769 0.01201923076923077 0.07451923076923077
3 0.4567307692307692 0.7103365384615384 0.015625 0.057692307692307696
2 0.26322115384615385 0.7175480769230769 0.020432692307692308 0.07932692307692307
0 0.3581730769230769 0.7175480769230769 0.02403846153846154 0.042067307692307696
4 0.46153846153846156 0.7536057692307693 0.015625 0.054086538461538464
2 0.2848557692307692 0.8293269230769231 0.015625 0.07451923076923077
1 0.7680288461538461 0.6911057692307693 0.020432692307692308 0.09014423076923077
2 0.5600961538461539 0.8064903846153846 0.004807692307692308 0.09375
1 0.7788461538461539 0.9663461538461539 0.019230769230769232 0.0625