1 0.16947115384615385 0.07451923076923077 0.04567307692307692 0.14903846153846154
2 0.042067307692307696 0.07572115384615384 0.036057692307692304 0.14182692307692307
2 0.28725961538461536 0.19110576923076922 0.056490384615384616 0.17307692307692307
4 0.02283653846153846 0.2247596153846154 0.04567307692307692 0.07932692307692307
2 0.40024038461538464 0.3449519230769231 0.04807692307692308 0.16706730769230768
0 0.11899038461538461 0.3581730769230769 0.0625 0.07692307692307693
3 0.06610576923076923 0.37259615384615385 0.056490384615384616 0.15264423076923078
4 0.15504807692307693 0.5228365384615384 0.055288461538461536 0.0889423076923077
1 0.33533653846153844 0.5168269230769231 0.05048076923076923 0.10096153846153846
4 0.7367788461538461 0.18629807692307693 0.03485576923076923 0.08052884615384616
1 0.8377403846153846 0.18870192307692307 0.025240384615384616 0.0889423076923077
2 0.8317307692307693 0.4098557692307692 0.02403846153846154 0.0985576923076923
3 0.6310096153846154 0.46033653846153844 0.039663461538461536 0.07932692307692307
0 0.6694711538461539 0.48197115384615385 0.03125 0.06009615384615385
2 0.8161057692307693 0.5204326923076923 0.028846153846153848 0.09735576923076923
1 0.33533653846153844 0.5949519230769231 0.021634615384615384 0.05048076923076923
4 0.42908653846153844 0.6045673076923077 0.03125 0.06971153846153846
1 0.19471153846153846 0.7536057692307693 0.019230769230769232 0.07692307692307693
4 0.3641826923076923 0.7620192307692307 0.026442307692307692 0.07451923076923077
3 0.4423076923076923 0.9555288461538461 0.019230769230769232 0.08413461538461539
0 0.3088942307692308 0.9651442307692307 0.030048076923076924 0.04447115384615385
2 0.15985576923076922 0.9711538461538461 0.026442307692307692 0.052884615384615384
2 0.7487980769230769 0.6009615384615384 0.03125 0.0625
3 0.9807692307692307 0.5949519230769231 0.03365384615384615 0.05048076923076923
0 0.9483173076923077 0.6153846153846154 0.040865384615384616 0.09134615384615384
2 0.7632211538461539 0.6310096153846154 0.036057692307692304 0.12259615384615384
4 0.9891826923076923 0.9182692307692307 0.016826923076923076 0.12980769230769232
1 0.9362980769230769 0.9290865384615384 0.03365384615384615 0.13942307692307693
1 0.7307692307692307 0.9266826923076923 0.02403846153846154 0.14182692307692307