4 0.01201923076923077 0.025240384615384616 0.02403846153846154 0.05048076923076923
2 0.40024038461538464 0.04567307692307692 0.036057692307692304 0.0829326923076923
0 0.14783653846153846 0.07091346153846154 0.042067307692307696 0.051682692307692304
1 0.44350961538461536 0.15264423076923078 0.03365384615384615 0.1346153846153846
2 0.2956730769230769 0.21394230769230768 0.039663461538461536 0.11899038461538461
4 0.025240384615384616 0.24879807692307693 0.03125 0.1346153846153846
2 0.9326923076923077 0.010817307692307692 0.028846153846153848 0.021634615384615384
1 0.9771634615384616 0.06971153846153846 0.025240384615384616 0.11177884615384616
1 0.7632211538461539 0.1622596153846154 0.025240384615384616 0.1045673076923077
1 0.2956730769230769 0.5492788461538461 0.03365384615384615 0.125
4 0.36899038461538464 0.5709134615384616 0.04567307692307692 0.12259615384615384
4 0.2608173076923077 0.5997596153846154 0.037259615384615384 0.12139423076923077
1 0.12620192307692307 0.6225961538461539 0.03365384615384615 0.12259615384615384
2 0.08413461538461539 0.7091346153846154 0.03245192307692308 0.11899038461538461
0 0.2608173076923077 0.7463942307692307 0.042067307692307696 0.06490384615384616
3 0.30528846153846156 0.7644230769230769 0.03485576923076923 0.1310096153846154
2 0.03365384615384615 0.7932692307692307 0.030048076923076924 0.10817307692307693
4 0.12980769230769232 0.8858173076923077 0.042067307692307696 0.13942307692307693
4 0.22956730769230768 0.9122596153846154 0.04567307692307692 0.04807692307692308
4 0.09615384615384616 0.9326923076923077 0.015625 0.125
4 0.2283653846153846 0.9639423076923077 0.052884615384615384 0.0673076923076923
1 0.008413461538461538 0.9495192307692307 0.016826923076923076 0.09615384615384616
1 0.6766826923076923 0.5673076923076923 0.020432692307692308 0.08774038461538461
4 0.49158653846153844 0.5673076923076923 0.007211538461538462 0.10096153846153846
4 0.5300480769230769 0.640625 0.03485576923076923 0.08173076923076923
1 0.8389423076923077 0.6814903846153846 0.018028846153846152 0.10096153846153846
2 0.609375 0.7079326923076923 0.02283653846153846 0.09134615384615384
2 0.5600961538461539 0.7860576923076923 0.026442307692307692 0.08173076923076923
1 0.5036057692307693 0.9423076923076923 0.026442307692307692 0.11057692307692307
1 0.7836538461538461 0.9663461538461539 0.02403846153846154 0.0625