1 0.13701923076923078 0.15865384615384615 0.019230769230769232 0.09134615384615384
1 0.15384615384615385 0.27403846153846156 0.021634615384615384 0.09254807692307693
1 0.5552884615384616 0.05048076923076923 0.020432692307692308 0.07692307692307693
1 0.7043269230769231 0.0673076923076923 0.026442307692307692 0.10096153846153846
1 0.9146634615384616 0.2403846153846154 0.026442307692307692 0.12980769230769232
2 0.5504807692307693 0.27163461538461536 0.02403846153846154 0.09615384615384616
2 0.3401442307692308 0.4963942307692308 0.03125 0.07451923076923077
3 0.10216346153846154 0.5180288461538461 0.019230769230769232 0.09134615384615384
1 0.49158653846153844 0.5384615384615384 0.016826923076923076 0.08052884615384616
0 0.17908653846153846 0.5492788461538461 0.03125 0.06370192307692307
4 0.05048076923076923 0.5829326923076923 0.021634615384615384 0.09735576923076923
2 0.33533653846153844 0.6033653846153846 0.016826923076923076 0.09975961538461539
1 0.49759615384615385 0.6850961538461539 0.025240384615384616 0.10336538461538461
4 0.09495192307692307 0.8653846153846154 0.04567307692307692 0.08653846153846154
1 0.1658653846153846 0.8701923076923077 0.027644230769230768 0.09975961538461539
2 0.6033653846153846 0.5516826923076923 0.03125 0.08173076923076923
4 0.7115384615384616 0.5625 0.037259615384615384 0.04447115384615385
4 0.6911057692307693 0.59375 0.021634615384615384 0.04927884615384615
3 0.8774038461538461 0.6574519230769231 0.028846153846153848 0.11298076923076923
4 0.9314903846153846 0.6911057692307693 0.03245192307692308 0.11177884615384616
0 0.7391826923076923 0.6935096153846154 0.03365384615384615 0.06490384615384616
2 0.5456730769230769 0.7079326923076923 0.014423076923076924 0.10336538461538461
2 0.7463942307692307 0.7776442307692307 0.025240384615384616 0.09615384615384616
4 0.9086538461538461 0.9567307692307693 0.04326923076923077 0.08173076923076923
1 0.8016826923076923 0.9699519230769231 0.040865384615384616 0.055288461538461536