1 0.12259615384615384 0.020432692307692308 0.019230769230769232 0.040865384615384616
1 0.3762019230769231 0.1971153846153846 0.016826923076923076 0.1141826923076923
2 0.020432692307692308 0.24879807692307693 0.025240384615384616 0.1141826923076923
1 0.028846153846153848 0.4423076923076923 0.020432692307692308 0.11778846153846154
1 0.002403846153846154 0.5396634615384616 0.004807692307692308 0.11778846153846154
1 0.3269230769230769 0.5420673076923077 0.018028846153846152 0.13581730769230768
1 0.625 0.021634615384615384 0.02403846153846154 0.04326923076923077
2 0.6502403846153846 0.040865384615384616 0.026442307692307692 0.08173076923076923
4 0.7103365384615384 0.06370192307692307 0.03485576923076923 0.02403846153846154
2 0.5793269230769231 0.07211538461538461 0.028846153846153848 0.08533653846153846
4 0.7644230769230769 0.08774038461538461 0.02283653846153846 0.0889423076923077
4 0.9254807692307693 0.13822115384615385 0.02403846153846154 0.0829326923076923
3 0.7427884615384616 0.1502403846153846 0.02283653846153846 0.046875
0 0.7115384615384616 0.17307692307692307 0.028846153846153848 0.0625
4 0.7824519230769231 0.2512019230769231 0.021634615384615384 0.08653846153846154
2 0.6225961538461539 0.2536057692307692 0.020432692307692308 0.09495192307692307
1 0.5588942307692307 0.2608173076923077 0.016826923076923076 0.09975961538461539
4 0.8209134615384616 0.5625 0.03245192307692308 0.09014423076923077
1 0.7451923076923077 0.5673076923076923 0.028846153846153848 0.09615384615384616
2 0.23317307692307693 0.6478365384615384 0.02403846153846154 0.06009615384615385
4 0.484375 0.6478365384615384 0.055288461538461536 0.06009615384615385
4 0.46875 0.6850961538461539 0.039663461538461536 0.11899038461538461
4 0.5348557692307693 0.6862980769230769 0.021634615384615384 0.12740384615384615
4 0.3713942307692308 0.6887019230769231 0.039663461538461536 0.11658653846153846
1 0.22355769230769232 0.7548076923076923 0.027644230769230768 0.12740384615384615
1 0.18870192307692307 0.8677884615384616 0.03125 0.13701923076923078
2 0.7091346153846154 0.6634615384615384 0.028846153846153848 0.09134615384615384
4 0.6201923076923077 0.6766826923076923 0.037259615384615384 0.08653846153846154
1 0.6009615384615384 0.9723557692307693 0.038461538461538464 0.05048076923076923