1 0.23317307692307693 0.23197115384615385 0.025240384615384616 0.06129807692307692
4 0.2824519230769231 0.27403846153846156 0.026442307692307692 0.052884615384615384
2 0.10096153846153846 0.30528846153846156 0.025240384615384616 0.07932692307692307
0 0.24158653846153846 0.34615384615384615 0.03125 0.05048076923076923
2 0.06370192307692307 0.3858173076923077 0.02403846153846154 0.10817307692307693
2 0.13581730769230768 0.4411057692307692 0.027644230769230768 0.1045673076923077
4 0.23798076923076922 0.4855769230769231 0.028846153846153848 0.0625
1 0.05889423076923077 0.49158653846153844 0.021634615384615384 0.05048076923076923
4 0.18509615384615385 0.5036057692307693 0.02403846153846154 0.026442307692307692
2 0.5564903846153846 0.010817307692307692 0.026442307692307692 0.021634615384615384
2 0.5889423076923077 0.04447115384615385 0.02283653846153846 0.06850961538461539
3 0.41586538461538464 0.055288461538461536 0.021634615384615384 0.0733173076923077
0 0.5132211538461539 0.07091346153846154 0.02283653846153846 0.05889423076923077
4 0.4050480769230769 0.11298076923076923 0.02283653846153846 0.06490384615384616
4 0.49399038461538464 0.1814903846153846 0.026442307692307692 0.07451923076923077
1 0.8497596153846154 0.21995192307692307 0.015625 0.08173076923076923
1 0.6574519230769231 0.296875 0.030048076923076924 0.08173076923076923
4 0.46274038461538464 0.31490384615384615 0.030048076923076924 0.08173076923076923
4 0.46153846153846156 0.4807692307692308 0.03365384615384615 0.07211538461538461
1 0.6670673076923077 0.48677884615384615 0.036057692307692304 0.06009615384615385
1 0.1814903846153846 0.5817307692307693 0.020432692307692308 0.07692307692307693
2 0.5997596153846154 0.5372596153846154 0.03125 0.036057692307692304
4 0.4675480769230769 0.5552884615384616 0.026442307692307692 0.07211538461538461
1 0.6622596153846154 0.5709134615384616 0.02283653846153846 0.0985576923076923
4 0.5552884615384616 0.6033653846153846 0.03125 0.10576923076923077
2 0.671875 0.6682692307692307 0.02283653846153846 0.09134615384615384
2 0.8389423076923077 0.7668269230769231 0.027644230769230768 0.07091346153846154
2 0.9242788461538461 0.8064903846153846 0.030048076923076924 0.11538461538461539
0 0.7319711538461539 0.8076923076923077 0.042067307692307696 0.054086538461538464
3 0.6033653846153846 0.8497596153846154 0.020432692307692308 0.125
2 0.8966346153846154 0.9050480769230769 0.046875 0.10216346153846154
4 0.6213942307692307 0.9423076923076923 0.037259615384615384 0.10216346153846154