2 0.15504807692307693 0.10576923076923077 0.018028846153846152 0.0829326923076923
4 0.27403846153846156 0.1141826923076923 0.027644230769230768 0.0673076923076923
4 0.2668269230769231 0.2127403846153846 0.019230769230769232 0.0625
2 0.19110576923076922 0.2668269230769231 0.025240384615384616 0.07451923076923077
3 0.4254807692307692 0.3605769230769231 0.018028846153846152 0.0733173076923077
2 0.14543269230769232 0.3858173076923077 0.020432692307692308 0.07211538461538461
3 0.41346153846153844 0.40024038461538464 0.019230769230769232 0.08052884615384616
0 0.29447115384615385 0.42427884615384615 0.030048076923076924 0.05889423076923077
2 0.171875 0.5709134615384616 0.019230769230769232 0.0889423076923077
2 0.2704326923076923 0.5865384615384616 0.021634615384615384 0.07451923076923077
4 0.3557692307692308 0.59375 0.028846153846153848 0.07932692307692307
4 0.35216346153846156 0.7415865384615384 0.03125 0.03125
1 0.2980769230769231 0.7451923076923077 0.028846153846153848 0.02403846153846154
4 0.6790865384615384 0.007211538461538462 0.036057692307692304 0.014423076923076924
4 0.7235576923076923 0.07091346153846154 0.025240384615384616 0.054086538461538464
2 0.6117788461538461 0.07572115384615384 0.025240384615384616 0.08653846153846154
3 0.8233173076923077 0.18269230769230768 0.02283653846153846 0.07932692307692307
0 0.6947115384615384 0.203125 0.026442307692307692 0.06610576923076923
4 0.84375 0.2620192307692308 0.028846153846153848 0.08533653846153846
1 0.6430288461538461 0.4206730769230769 0.019230769230769232 0.09134615384615384
4 0.7776442307692307 0.46634615384615385 0.03245192307692308 0.08653846153846154
4 0.7872596153846154 0.7295673076923077 0.040865384615384616 0.055288461538461536
2 0.5372596153846154 0.7800480769230769 0.03125 0.040865384615384616
0 0.3389423076923077 0.7944711538461539 0.04326923076923077 0.06971153846153846
3 0.3004807692307692 0.8088942307692307 0.038461538461538464 0.0985576923076923
2 0.578125 0.8100961538461539 0.02403846153846154 0.09975961538461539
4 0.08052884615384616 0.8329326923076923 0.030048076923076924 0.10697115384615384
1 0.5805288461538461 0.9086538461538461 0.026442307692307692 0.11177884615384616
4 0.20072115384615385 0.9314903846153846 0.03365384615384615 0.09975961538461539
4 0.3473557692307692 0.9555288461538461 0.036057692307692304 0.08413461538461539
2 0.7536057692307693 0.7752403846153846 0.026442307692307692 0.03125
3 0.953125 0.8497596153846154 0.03365384615384615 0.0625
0 0.9170673076923077 0.8810096153846154 0.037259615384615384 0.0889423076923077
2 0.7512019230769231 0.9038461538461539 0.027644230769230768 0.1141826923076923