3 0.5925480769230769 0.015625 0.026442307692307692 0.03125
0 0.44711538461538464 0.013221153846153846 0.028846153846153848 0.026442307692307692
2 0.2668269230769231 0.03365384615384615 0.02403846153846154 0.0673076923076923
4 0.6105769230769231 0.04447115384615385 0.009615384615384616 0.0889423076923077
4 0.5745192307692307 0.04447115384615385 0.038461538461538464 0.0889423076923077
4 0.43990384615384615 0.10216346153846154 0.028846153846153848 0.09975961538461539
1 0.21875 0.12860576923076922 0.018028846153846152 0.11177884615384616
4 0.46033653846153844 0.32572115384615385 0.04326923076923077 0.11177884615384616
1 0.3233173076923077 0.33653846153846156 0.03245192307692308 0.10697115384615384
2 0.8004807692307693 0.027644230769230768 0.02403846153846154 0.055288461538461536
4 0.9879807692307693 0.11899038461538461 0.019230769230769232 0.09375
4 0.7127403846153846 0.23557692307692307 0.03125 0.07932692307692307
4 0.9338942307692307 0.2776442307692308 0.03245192307692308 0.09014423076923077
1 0.2860576923076923 0.4230769230769231 0.014423076923076924 0.028846153846153848
2 0.5192307692307693 0.42427884615384615 0.02403846153846154 0.03125
2 0.5817307692307693 0.44711538461538464 0.021634615384615384 0.06610576923076923
0 0.6009615384615384 0.5360576923076923 0.021634615384615384 0.042067307692307696
2 0.41586538461538464 0.6370192307692307 0.025240384615384616 0.07932692307692307
2 0.515625 0.6538461538461539 0.038461538461538464 0.06610576923076923
1 0.2980769230769231 0.7151442307692307 0.03125 0.08774038461538461
4 0.609375 0.7391826923076923 0.01201923076923077 0.10817307692307693
4 0.5336538461538461 0.7716346153846154 0.03245192307692308 0.1045673076923077
1 0.39302884615384615 0.9242788461538461 0.027644230769230768 0.10336538461538461
4 0.4963942307692308 0.9411057692307693 0.03485576923076923 0.09735576923076923
2 0.8185096153846154 0.5012019230769231 0.027644230769230768 0.08052884615384616
0 0.96875 0.5552884615384616 0.03245192307692308 0.055288461538461536
2 0.859375 0.6598557692307693 0.02283653846153846 0.09975961538461539
4 0.9819711538461539 0.6634615384615384 0.028846153846153848 0.09134615384615384
1 0.7271634615384616 0.8341346153846154 0.030048076923076924 0.11298076923076923
4 0.8822115384615384 0.859375 0.027644230769230768 0.09735576923076923