4 0.009615384615384616 0.02283653846153846 0.019230769230769232 0.04567307692307692
2 0.18389423076923078 0.04326923076923077 0.020432692307692308 0.06971153846153846
2 0.06610576923076923 0.11899038461538461 0.019230769230769232 0.09254807692307693
0 0.007211538461538462 0.17307692307692307 0.014423076923076924 0.0673076923076923
2 0.04447115384615385 0.22956730769230768 0.027644230769230768 0.07451923076923077
1 0.32211538461538464 0.33653846153846156 0.02283653846153846 0.09975961538461539
1 0.016826923076923076 0.3786057692307692 0.026442307692307692 0.078125
2 0.48677884615384615 0.020432692307692308 0.03125 0.040865384615384616
4 0.4026442307692308 0.014423076923076924 0.026442307692307692 0.028846153846153848
1 0.6201923076923077 0.040865384615384616 0.019230769230769232 0.08173076923076923
4 0.42788461538461536 0.04567307692307692 0.02403846153846154 0.06971153846153846
1 0.9711538461538461 0.05048076923076923 0.019230769230769232 0.10096153846153846
2 0.5793269230769231 0.07692307692307693 0.02283653846153846 0.09134615384615384
3 0.3918269230769231 0.10697115384615384 0.004807692307692308 0.08413461538461539
0 0.41346153846153844 0.13822115384615385 0.027644230769230768 0.06971153846153846
2 0.5985576923076923 0.17908653846153846 0.027644230769230768 0.10336538461538461
2 0.43990384615384615 0.2403846153846154 0.02403846153846154 0.11177884615384616
1 0.515625 0.2764423076923077 0.020432692307692308 0.10576923076923077
2 0.1141826923076923 0.6862980769230769 0.036057692307692304 0.13221153846153846
1 0.3473557692307692 0.8004807692307693 0.019230769230769232 0.1466346153846154
1 0.5745192307692307 0.9326923076923077 0.018028846153846152 0.078125
2 0.41466346153846156 0.9507211538461539 0.018028846153846152 0.07451923076923077
2 0.4387019230769231 0.9807692307692307 0.021634615384615384 0.03365384615384615