2 0.15144230769230768 0.010817307692307692 0.02403846153846154 0.021634615384615384
2 0.3449519230769231 0.125 0.027644230769230768 0.1201923076923077
0 0.1466346153846154 0.18028846153846154 0.040865384615384616 0.06971153846153846
3 0.10817307692307693 0.1875 0.03485576923076923 0.11057692307692307
2 0.3858173076923077 0.1971153846153846 0.02403846153846154 0.09975961538461539
1 0.38822115384615385 0.2956730769230769 0.026442307692307692 0.11177884615384616
4 0.013221153846153846 0.31850961538461536 0.026442307692307692 0.10336538461538461
4 0.15504807692307693 0.34615384615384615 0.03245192307692308 0.09134615384615384
3 0.46274038461538464 0.021634615384615384 0.016826923076923076 0.04326923076923077
2 0.6069711538461539 0.028846153846153848 0.021634615384615384 0.057692307692307696
0 0.5516826923076923 0.026442307692307692 0.025240384615384616 0.04807692307692308
1 0.9555288461538461 0.10336538461538461 0.019230769230769232 0.0829326923076923
4 0.5300480769230769 0.1466346153846154 0.025240384615384616 0.07091346153846154
1 0.5757211538461539 0.17067307692307693 0.018028846153846152 0.08052884615384616
4 0.49759615384615385 0.28846153846153844 0.028846153846153848 0.0673076923076923
1 0.6274038461538461 0.31850961538461536 0.021634615384615384 0.0829326923076923
4 0.43509615384615385 0.43509615384615385 0.03365384615384615 0.02403846153846154
1 0.5372596153846154 0.4375 0.026442307692307692 0.019230769230769232
1 0.17908653846153846 0.5432692307692307 0.027644230769230768 0.09375
4 0.037259615384615384 0.5625 0.026442307692307692 0.09615384615384616
1 0.359375 0.6045673076923077 0.027644230769230768 0.08774038461538461
2 0.1658653846153846 0.625 0.03365384615384615 0.11658653846153846
2 0.12980769230769232 0.6875 0.037259615384615384 0.09375
0 0.09975961538461539 0.7415865384615384 0.03485576923076923 0.042067307692307696
4 0.14423076923076922 0.9747596153846154 0.04807692307692308 0.04567307692307692
1 0.0829326923076923 0.4735576923076923 0.021634615384615384 0.04807692307692308
1 0.44591346153846156 0.6382211538461539 0.019230769230769232 0.10697115384615384
4 0.6971153846153846 0.6598557692307693 0.027644230769230768 0.08052884615384616
4 0.6646634615384616 0.6862980769230769 0.026442307692307692 0.09375
1 0.5024038461538461 0.7463942307692307 0.014423076923076924 0.11057692307692307
4 0.7391826923076923 0.8317307692307693 0.027644230769230768 0.09495192307692307
4 0.8569711538461539 0.8401442307692307 0.03125 0.0625
2 0.6502403846153846 0.875 0.039663461538461536 0.054086538461538464
3 0.8401442307692307 0.9146634615384616 0.018028846153846152 0.1141826923076923
0 0.6983173076923077 0.9387019230769231 0.03125 0.054086538461538464
2 0.53125 0.9555288461538461 0.02403846153846154 0.08413461538461539