2 0.28125 0.036057692307692304 0.028846153846153848 0.07211538461538461
4 0.43509615384615385 0.1778846153846154 0.030048076923076924 0.09134615384615384
1 0.171875 0.2668269230769231 0.03125 0.09975961538461539
2 0.9387019230769231 0.057692307692307696 0.027644230769230768 0.09495192307692307
3 0.6286057692307693 0.14423076923076922 0.013221153846153846 0.09975961538461539
0 0.7836538461538461 0.14783653846153846 0.03245192307692308 0.054086538461538464
2 0.9567307692307693 0.15625 0.019230769230769232 0.11177884615384616
4 0.65625 0.22355769230769232 0.02403846153846154 0.07451923076923077
4 0.7800480769230769 0.25240384615384615 0.040865384615384616 0.0673076923076923
2 0.8485576923076923 0.2620192307692308 0.03245192307692308 0.0985576923076923
4 0.31850961538461536 0.35336538461538464 0.026442307692307692 0.04807692307692308
2 0.22716346153846154 0.35336538461538464 0.016826923076923076 0.04807692307692308
4 0.36778846153846156 0.34975961538461536 0.038461538461538464 0.040865384615384616
2 0.17908653846153846 0.3713942307692308 0.026442307692307692 0.08413461538461539
3 0.5024038461538461 0.4254807692307692 0.019230769230769232 0.11057692307692307
0 0.35697115384615385 0.4567307692307692 0.03245192307692308 0.06370192307692307
4 0.5252403846153846 0.47475961538461536 0.02403846153846154 0.10216346153846154
2 0.29927884615384615 0.5168269230769231 0.026442307692307692 0.08413461538461539
2 0.3473557692307692 0.5444711538461539 0.036057692307692304 0.09975961538461539
4 0.4639423076923077 0.6887019230769231 0.036057692307692304 0.0985576923076923
1 0.39783653846153844 0.6911057692307693 0.030048076923076924 0.10336538461538461
4 0.6887019230769231 0.3473557692307692 0.026442307692307692 0.036057692307692304
2 0.5528846153846154 0.41947115384615385 0.02403846153846154 0.07451923076923077
3 0.78125 0.44350961538461536 0.014423076923076924 0.08533653846153846
0 0.6526442307692307 0.4579326923076923 0.028846153846153848 0.051682692307692304
2 0.5745192307692307 0.49399038461538464 0.016826923076923076 0.0985576923076923
4 0.7980769230769231 0.5 0.02403846153846154 0.0625
4 0.71875 0.7572115384615384 0.03365384615384615 0.08774038461538461
4 0.6826923076923077 0.9579326923076923 0.04326923076923077 0.07932692307692307
1 0.5889423076923077 0.9627403846153846 0.03365384615384615 0.06971153846153846