2 0.25841346153846156 0.03365384615384615 0.03125 0.0673076923076923
4 0.14423076923076922 0.06490384615384616 0.026442307692307692 0.07932692307692307
1 0.5492788461538461 0.07692307692307693 0.01201923076923077 0.10576923076923077
2 0.375 0.1502403846153846 0.015625 0.1141826923076923
3 0.15865384615384615 0.1502403846153846 0.026442307692307692 0.06971153846153846
4 0.007211538461538462 0.15264423076923078 0.014423076923076924 0.09375
0 0.1935096153846154 0.17067307692307693 0.028846153846153848 0.06370192307692307
2 0.35216346153846156 0.26322115384615385 0.018028846153846152 0.09975961538461539
2 0.21033653846153846 0.3125 0.03125 0.10697115384615384
4 0.11778846153846154 0.46875 0.03125 0.09735576923076923
4 0.06009615384615385 0.4951923076923077 0.038461538461538464 0.09134615384615384
1 0.3641826923076923 0.5661057692307693 0.021634615384615384 0.07932692307692307
2 0.6911057692307693 0.10697115384615384 0.036057692307692304 0.09495192307692307
0 0.6322115384615384 0.171875 0.03485576923076923 0.08052884615384616
1 0.6694711538461539 0.27163461538461536 0.03245192307692308 0.08413461538461539
4 0.5877403846153846 0.44471153846153844 0.03125 0.10697115384615384
1 0.671875 0.47596153846153844 0.028846153846153848 0.1141826923076923
2 0.7596153846153846 0.47596153846153844 0.026442307692307692 0.11538461538461539
1 0.8125 0.5216346153846154 0.027644230769230768 0.10576923076923077
1 0.1971153846153846 0.6622596153846154 0.03365384615384615 0.10817307692307693
1 0.42788461538461536 0.7512019230769231 0.03245192307692308 0.12139423076923077
2 0.008413461538461538 0.7764423076923077 0.016826923076923076 0.10576923076923077
2 0.14903846153846154 0.8725961538461539 0.037259615384615384 0.13942307692307693
2 0.1814903846153846 0.953125 0.04567307692307692 0.0889423076923077
1 0.5 0.9735576923076923 0.038461538461538464 0.04807692307692308
4 0.6358173076923077 0.7427884615384616 0.038461538461538464 0.10576923076923077
2 0.9230769230769231 0.8125 0.042067307692307696 0.11057692307692307
0 0.7079326923076923 0.8846153846153846 0.038461538461538464 0.06610576923076923
2 0.9098557692307693 0.9399038461538461 0.046875 0.10576923076923077