1 0.30649038461538464 0.08774038461538461 0.021634615384615384 0.09375
1 0.2403846153846154 0.2548076923076923 0.02283653846153846 0.10336538461538461
2 0.41466346153846156 0.27283653846153844 0.027644230769230768 0.0889423076923077
2 0.41466346153846156 0.38100961538461536 0.026442307692307692 0.06971153846153846
1 0.9338942307692307 0.027644230769230768 0.03125 0.055288461538461536
4 0.5180288461538461 0.028846153846153848 0.04567307692307692 0.057692307692307696
2 0.6237980769230769 0.14543269230769232 0.03245192307692308 0.1466346153846154
1 0.7644230769230769 0.3449519230769231 0.04326923076923077 0.14182692307692307
2 0.2620192307692308 0.5432692307692307 0.026442307692307692 0.09014423076923077
4 0.0829326923076923 0.6370192307692307 0.027644230769230768 0.08413461538461539
1 0.41586538461538464 0.6382211538461539 0.018028846153846152 0.08413461538461539
4 0.0889423076923077 0.7740384615384616 0.02283653846153846 0.0829326923076923
1 0.18990384615384615 0.8004807692307693 0.027644230769230768 0.09014423076923077
4 0.07451923076923077 0.8858173076923077 0.025240384615384616 0.07932692307692307
1 0.35336538461538464 0.9254807692307693 0.02403846153846154 0.09495192307692307
2 0.5072115384615384 0.48677884615384615 0.019230769230769232 0.05889423076923077
2 0.5036057692307693 0.5540865384615384 0.025240384615384616 0.07692307692307693
1 0.9254807692307693 0.5588942307692307 0.016826923076923076 0.09495192307692307
1 0.48197115384615385 0.6790865384615384 0.007211538461538462 0.10336538461538461
1 0.4987980769230769 0.9867788461538461 0.026442307692307692 0.021634615384615384