4 0.203125 0.0673076923076923 0.03245192307692308 0.0673076923076923
1 0.40384615384615385 0.09014423076923077 0.02403846153846154 0.07091346153846154
2 0.24759615384615385 0.2776442307692308 0.030048076923076924 0.07572115384615384
3 0.06370192307692307 0.3016826923076923 0.027644230769230768 0.05889423076923077
0 0.09735576923076923 0.3329326923076923 0.027644230769230768 0.0625
2 0.23798076923076922 0.3629807692307692 0.028846153846153848 0.08774038461538461
4 0.014423076923076924 0.43509615384615385 0.028846153846153848 0.0625
2 0.20793269230769232 0.4362980769230769 0.027644230769230768 0.08653846153846154
1 0.09134615384615384 0.5048076923076923 0.02283653846153846 0.09975961538461539
4 0.003605769230769231 0.5108173076923077 0.007211538461538462 0.0889423076923077
1 0.16105769230769232 0.5625 0.02403846153846154 0.028846153846153848
2 0.8125 0.06610576923076923 0.028846153846153848 0.09014423076923077
3 0.6033653846153846 0.09615384615384616 0.026442307692307692 0.07091346153846154
0 0.6442307692307693 0.10336538461538461 0.03365384615384615 0.07091346153846154
2 0.8413461538461539 0.16947115384615385 0.03125 0.10336538461538461
4 0.6237980769230769 0.21514423076923078 0.04567307692307692 0.042067307692307696
4 0.6117788461538461 0.27524038461538464 0.037259615384615384 0.08052884615384616
2 0.6923076923076923 0.2980769230769231 0.030048076923076924 0.09375
4 0.5733173076923077 0.43028846153846156 0.040865384615384616 0.11177884615384616
1 0.9158653846153846 0.4699519230769231 0.027644230769230768 0.11899038461538461
2 0.1466346153846154 0.5949519230769231 0.028846153846153848 0.03125
2 0.14182692307692307 0.6766826923076923 0.020432692307692308 0.13822115384615385
1 0.37259615384615385 0.7175480769230769 0.02403846153846154 0.13581730769230768
1 0.2091346153846154 0.8389423076923077 0.026442307692307692 0.14423076923076922
1 0.14783653846153846 0.9375 0.026442307692307692 0.1201923076923077
1 0.6201923076923077 0.5961538461538461 0.028846153846153848 0.03365384615384615
1 0.7896634615384616 0.609375 0.021634615384615384 0.06009615384615385
4 0.9507211538461539 0.6490384615384616 0.027644230769230768 0.038461538461538464
2 0.8161057692307693 0.6766826923076923 0.020432692307692308 0.0889423076923077
4 0.9435096153846154 0.6850961538461539 0.036057692307692304 0.038461538461538464
3 0.9867788461538461 0.7608173076923077 0.021634615384615384 0.055288461538461536
2 0.8149038461538461 0.7824519230769231 0.027644230769230768 0.078125
0 0.9627403846153846 0.7836538461538461 0.026442307692307692 0.05048076923076923
2 0.8305288461538461 0.8545673076923077 0.02403846153846154 0.10576923076923077
2 0.9735576923076923 0.8930288461538461 0.019230769230769232 0.08774038461538461