4 0.020432692307692308 0.04447115384615385 0.040865384615384616 0.0889423076923077
1 0.10216346153846154 0.046875 0.036057692307692304 0.09375
1 0.31490384615384615 0.15745192307692307 0.02283653846153846 0.14182692307692307
2 0.1935096153846154 0.2668269230769231 0.046875 0.11899038461538461
2 0.15504807692307693 0.3401442307692308 0.038461538461538464 0.15264423076923078
1 0.6658653846153846 0.10096153846153846 0.019230769230769232 0.11538461538461539
4 0.9771634615384616 0.1658653846153846 0.027644230769230768 0.08774038461538461
1 0.6947115384615384 0.19591346153846154 0.025240384615384616 0.11538461538461539
4 0.9519230769230769 0.21634615384615385 0.03485576923076923 0.09495192307692307
4 0.9915865384615384 0.25841346153846156 0.01201923076923077 0.06971153846153846
2 0.8701923076923077 0.26322115384615385 0.027644230769230768 0.0673076923076923
2 0.9278846153846154 0.3401442307692308 0.038461538461538464 0.07692307692307693
0 0.9855769230769231 0.4206730769230769 0.02403846153846154 0.08653846153846154
1 0.9459134615384616 0.47596153846153844 0.040865384615384616 0.08173076923076923
1 0.8942307692307693 0.49278846153846156 0.028846153846153848 0.04807692307692308
2 0.05048076923076923 0.5348557692307693 0.0625 0.03125
4 0.1778846153846154 0.5384615384615384 0.038461538461538464 0.038461538461538464
4 0.43990384615384615 0.6466346153846154 0.040865384615384616 0.1310096153846154
3 0.17908653846153846 0.6502403846153846 0.03245192307692308 0.08173076923076923
0 0.14423076923076922 0.6826923076923077 0.038461538461538464 0.09735576923076923
4 0.2091346153846154 0.9615384615384616 0.0625 0.07211538461538461
1 0.13341346153846154 0.9639423076923077 0.036057692307692304 0.0673076923076923
4 0.2824519230769231 0.9807692307692307 0.04567307692307692 0.03365384615384615
2 0.8581730769230769 0.6153846153846154 0.026442307692307692 0.056490384615384616
1 0.4879807692307692 0.6646634615384616 0.019230769230769232 0.0985576923076923
2 0.7536057692307693 0.7379807692307693 0.030048076923076924 0.09375
0 0.8774038461538461 0.7524038461538461 0.040865384615384616 0.07451923076923077
2 0.8004807692307693 0.8040865384615384 0.03245192307692308 0.07932692307692307
1 0.6490384615384616 0.8713942307692307 0.019230769230769232 0.1141826923076923
4 0.8389423076923077 0.9110576923076923 0.02283653846153846 0.09375
1 0.6057692307692307 0.9338942307692307 0.02283653846153846 0.11057692307692307
4 0.8737980769230769 0.9447115384615384 0.02283653846153846 0.10576923076923077
1 0.8966346153846154 0.5288461538461539 0.02403846153846154 0.019230769230769232
4 0.9783653846153846 0.5288461538461539 0.03365384615384615 0.019230769230769232