1 0.4879807692307692 0.07451923076923077 0.016826923076923076 0.09375
2 0.08774038461538461 0.11298076923076923 0.018028846153846152 0.09735576923076923
2 0.0733173076923077 0.1971153846153846 0.02283653846153846 0.09495192307692307
2 0.1141826923076923 0.2536057692307692 0.027644230769230768 0.09134615384615384
1 0.03125 0.35096153846153844 0.040865384615384616 0.09495192307692307
4 0.027644230769230768 0.5036057692307693 0.036057692307692304 0.06490384615384616
1 0.15504807692307693 0.5024038461538461 0.03125 0.0673076923076923
2 0.90625 0.02403846153846154 0.02403846153846154 0.04807692307692308
2 0.9278846153846154 0.0733173076923077 0.03485576923076923 0.09975961538461539
1 0.6057692307692307 0.10697115384615384 0.03125 0.14423076923076922
1 0.6358173076923077 0.3293269230769231 0.036057692307692304 0.14423076923076922
4 0.9555288461538461 0.3557692307692308 0.04567307692307692 0.10336538461538461
1 0.8401442307692307 0.41586538461538464 0.026442307692307692 0.0829326923076923
4 0.9290865384615384 0.42908653846153844 0.030048076923076924 0.06610576923076923
1 0.13822115384615385 0.5901442307692307 0.03125 0.10336538461538461
4 0.0985576923076923 0.6502403846153846 0.038461538461538464 0.0733173076923077
4 0.2512019230769231 0.65625 0.046875 0.09014423076923077
4 0.2127403846153846 0.6802884615384616 0.057692307692307696 0.09615384615384616
4 0.1778846153846154 0.6899038461538461 0.037259615384615384 0.056490384615384616
0 0.09615384615384616 0.8209134615384616 0.03125 0.09134615384615384
3 0.14543269230769232 0.8221153846153846 0.037259615384615384 0.12139423076923077
4 0.40625 0.8677884615384616 0.040865384615384616 0.13701923076923078
4 0.010817307692307692 0.9459134615384616 0.021634615384615384 0.10336538461538461
4 0.9915865384615384 0.625 0.01201923076923077 0.09134615384615384
1 0.8233173076923077 0.6622596153846154 0.018028846153846152 0.10697115384615384
2 0.8401442307692307 0.8665865384615384 0.021634615384615384 0.11177884615384616
2 0.8569711538461539 0.8870192307692307 0.015625 0.11177884615384616