4 0.4519230769230769 0.27403846153846156 0.03245192307692308 0.054086538461538464
1 0.27163461538461536 0.27403846153846156 0.026442307692307692 0.08173076923076923
2 0.3004807692307692 0.3245192307692308 0.02283653846153846 0.07091346153846154
0 0.47716346153846156 0.40024038461538464 0.03125 0.07932692307692307
2 0.296875 0.4074519230769231 0.02403846153846154 0.12860576923076922
1 0.5072115384615384 0.578125 0.028846153846153848 0.07451923076923077
1 0.4026442307692308 0.5997596153846154 0.026442307692307692 0.03125
4 0.7391826923076923 0.018028846153846152 0.03125 0.036057692307692304
4 0.7944711538461539 0.021634615384615384 0.040865384615384616 0.04326923076923077
2 0.6310096153846154 0.052884615384615384 0.025240384615384616 0.1045673076923077
3 0.8305288461538461 0.16466346153846154 0.03365384615384615 0.0625
0 0.7944711538461539 0.19591346153846154 0.037259615384615384 0.0889423076923077
2 0.6286057692307693 0.21875 0.027644230769230768 0.1141826923076923
4 0.9579326923076923 0.3605769230769231 0.037259615384615384 0.0985576923076923
2 0.8125 0.36778846153846156 0.026442307692307692 0.11899038461538461
1 0.7788461538461539 0.4338942307692308 0.02403846153846154 0.09975961538461539
4 0.9254807692307693 0.47596153846153844 0.04326923076923077 0.1045673076923077
1 0.8665865384615384 0.5132211538461539 0.03125 0.10697115384615384
2 0.19831730769230768 0.6466346153846154 0.03125 0.057692307692307696
1 0.4795673076923077 0.6754807692307693 0.026442307692307692 0.11538461538461539
1 0.21875 0.7524038461538461 0.03125 0.09375
4 0.008413461538461538 0.8353365384615384 0.016826923076923076 0.10817307692307693
2 0.7788461538461539 0.6430288461538461 0.03365384615384615 0.05048076923076923
4 0.875 0.7055288461538461 0.042067307692307696 0.13942307692307693
4 0.9747596153846154 0.7319711538461539 0.04567307692307692 0.04807692307692308
4 0.8413461538461539 0.7524038461538461 0.015625 0.125
4 0.9735576923076923 0.8040865384615384 0.05048076923076923 0.10817307692307693
1 0.7427884615384616 0.8052884615384616 0.03365384615384615 0.16466346153846154