2 0.20552884615384615 0.027644230769230768 0.026442307692307692 0.055288461538461536
0 0.10697115384615384 0.09735576923076923 0.03365384615384615 0.0673076923076923
4 0.11057692307692307 0.22596153846153846 0.036057692307692304 0.1045673076923077
2 0.29086538461538464 0.22716346153846154 0.027644230769230768 0.09375
2 0.25961538461538464 0.33653846153846156 0.037259615384615384 0.10096153846153846
4 0.12740384615384615 0.33653846153846156 0.03125 0.09375
4 0.1045673076923077 0.4050480769230769 0.038461538461538464 0.09735576923076923
1 0.3269230769230769 0.4050480769230769 0.02403846153846154 0.10817307692307693
2 0.6358173076923077 0.015625 0.021634615384615384 0.03125
4 0.8088942307692307 0.008413461538461538 0.036057692307692304 0.016826923076923076
4 0.9399038461538461 0.030048076923076924 0.028846153846153848 0.054086538461538464
0 0.7367788461538461 0.0733173076923077 0.028846153846153848 0.04807692307692308
2 0.5829326923076923 0.09254807692307693 0.028846153846153848 0.125
3 0.9278846153846154 0.09735576923076923 0.030048076923076924 0.14182692307692307
4 0.7752403846153846 0.19230769230769232 0.037259615384615384 0.11057692307692307
1 0.5060096153846154 0.2439903846153846 0.025240384615384616 0.12259615384615384
4 0.6814903846153846 0.26322115384615385 0.025240384615384616 0.11057692307692307
4 0.7259615384615384 0.3762019230769231 0.028846153846153848 0.09975961538461539
1 0.18870192307692307 0.6346153846153846 0.026442307692307692 0.06850961538461539
4 0.1346153846153846 0.6382211538461539 0.028846153846153848 0.07572115384615384
2 0.23197115384615385 0.7572115384615384 0.030048076923076924 0.07932692307692307
2 0.38221153846153844 0.8161057692307693 0.02403846153846154 0.07451923076923077
4 0.07692307692307693 0.8557692307692307 0.025240384615384616 0.09254807692307693
0 0.23076923076923078 0.8737980769230769 0.03125 0.040865384615384616
3 0.10576923076923077 0.8882211538461539 0.027644230769230768 0.09975961538461539
2 0.4338942307692308 0.9495192307692307 0.026442307692307692 0.09254807692307693
4 0.22596153846153846 0.9771634615384616 0.03365384615384615 0.040865384615384616
2 0.8990384615384616 0.546875 0.02403846153846154 0.036057692307692304
3 0.6478365384615384 0.5865384615384616 0.03125 0.11538461538461539
0 0.7992788461538461 0.6057692307692307 0.03485576923076923 0.07451923076923077
2 0.9074519230769231 0.6730769230769231 0.030048076923076924 0.09014423076923077
4 0.7079326923076923 0.7884615384615384 0.030048076923076924 0.09014423076923077
1 0.9314903846153846 0.8569711538461539 0.030048076923076924 0.12259615384615384
4 0.7475961538461539 0.8882211538461539 0.03365384615384615 0.09014423076923077
1 0.8137019230769231 0.9158653846153846 0.030048076923076924 0.09375