4 0.45913461538461536 0.003605769230769231 0.04326923076923077 0.007211538461538462
2 0.39302884615384615 0.027644230769230768 0.040865384615384616 0.055288461538461536
1 0.06370192307692307 0.055288461538461536 0.02403846153846154 0.10216346153846154
0 0.5048076923076923 0.09375 0.038461538461538464 0.04807692307692308
2 0.3088942307692308 0.14182692307692307 0.03125 0.09735576923076923
2 0.5396634615384616 0.26322115384615385 0.01201923076923077 0.10336538461538461
1 0.1778846153846154 0.296875 0.026442307692307692 0.11177884615384616
1 0.3762019230769231 0.37259615384615385 0.03125 0.04807692307692308
2 0.9627403846153846 0.25841346153846156 0.02403846153846154 0.06370192307692307
1 0.7427884615384616 0.375 0.028846153846153848 0.04326923076923077
4 0.18990384615384615 0.6850961538461539 0.030048076923076924 0.07692307692307693
1 0.052884615384615384 0.7319711538461539 0.02403846153846154 0.06971153846153846
4 0.24158653846153846 0.7536057692307693 0.030048076923076924 0.07932692307692307
2 0.13341346153846154 0.7728365384615384 0.027644230769230768 0.07091346153846154
4 0.4423076923076923 0.8329326923076923 0.020432692307692308 0.046875
3 0.49038461538461536 0.8461538461538461 0.03125 0.09495192307692307
4 0.5264423076923077 0.8617788461538461 0.02403846153846154 0.07451923076923077
2 0.24759615384615385 0.8834134615384616 0.027644230769230768 0.10817307692307693
0 0.38461538461538464 0.8834134615384616 0.028846153846153848 0.06490384615384616
1 0.10697115384615384 0.9290865384615384 0.030048076923076924 0.09254807692307693
2 0.34134615384615385 0.9543269230769231 0.021634615384615384 0.0889423076923077
1 0.5949519230769231 0.4795673076923077 0.03245192307692308 0.12740384615384615
2 0.6766826923076923 0.625 0.018028846153846152 0.11298076923076923
1 0.7836538461538461 0.6670673076923077 0.030048076923076924 0.11899038461538461
2 0.703125 0.6790865384615384 0.02403846153846154 0.11658653846153846
4 0.5612980769230769 0.78125 0.026442307692307692 0.08173076923076923
2 0.7019230769230769 0.796875 0.03365384615384615 0.11658653846153846
1 0.7920673076923077 0.8353365384615384 0.030048076923076924 0.10817307692307693
4 0.5540865384615384 0.8677884615384616 0.01201923076923077 0.09615384615384616