1 0.41225961538461536 0.11177884615384616 0.02403846153846154 0.09495192307692307
2 0.009615384615384616 0.21153846153846154 0.019230769230769232 0.07211538461538461
2 0.016826923076923076 0.30649038461538464 0.02283653846153846 0.07932692307692307
1 0.016826923076923076 0.39903846153846156 0.016826923076923076 0.11057692307692307
4 0.5817307692307693 0.019230769230769232 0.028846153846153848 0.038461538461538464
1 0.9447115384615384 0.025240384615384616 0.028846153846153848 0.05048076923076923
3 0.7524038461538461 0.21153846153846154 0.019230769230769232 0.09134615384615384
2 0.47475961538461536 0.23677884615384615 0.015625 0.0889423076923077
0 0.6298076923076923 0.2512019230769231 0.030048076923076924 0.05889423076923077
4 0.7896634615384616 0.2764423076923077 0.019230769230769232 0.06850961538461539
2 0.49399038461538464 0.328125 0.020432692307692308 0.07692307692307693
4 0.7139423076923077 0.4543269230769231 0.03125 0.09495192307692307
4 0.7932692307692307 0.5324519230769231 0.02283653846153846 0.0889423076923077
1 0.5576923076923077 0.5540865384615384 0.03365384615384615 0.06490384615384616
4 0.013221153846153846 0.8473557692307693 0.019230769230769232 0.07932692307692307
4 0.07932692307692307 0.8701923076923077 0.013221153846153846 0.05889423076923077
3 0.16826923076923078 0.9675480769230769 0.02403846153846154 0.06009615384615385
0 0.037259615384615384 0.9867788461538461 0.026442307692307692 0.021634615384615384
4 0.21033653846153846 0.9879807692307693 0.026442307692307692 0.019230769230769232
2 0.6802884615384616 0.6237980769230769 0.02283653846153846 0.06490384615384616
4 0.4795673076923077 0.6382211538461539 0.018028846153846152 0.046875
2 0.7247596153846154 0.6478365384615384 0.02403846153846154 0.07572115384615384
1 0.9314903846153846 0.6622596153846154 0.015625 0.07211538461538461
3 0.4879807692307692 0.6935096153846154 0.019230769230769232 0.09615384615384616
0 0.5949519230769231 0.7139423076923077 0.02403846153846154 0.05889423076923077
1 0.7644230769230769 0.8545673076923077 0.02403846153846154 0.08173076923076923
4 0.5721153846153846 0.9086538461538461 0.030048076923076924 0.09014423076923077
1 0.9435096153846154 0.9495192307692307 0.015625 0.0985576923076923