4 0.13221153846153846 0.056490384615384616 0.03365384615384615 0.0829326923076923
1 0.1814903846153846 0.07932692307692307 0.025240384615384616 0.07932692307692307
4 0.15264423076923078 0.12259615384615384 0.028846153846153848 0.06610576923076923
2 0.19230769230769232 0.1971153846153846 0.025240384615384616 0.10096153846153846
0 0.09735576923076923 0.23076923076923078 0.026442307692307692 0.057692307692307696
4 0.013221153846153846 0.3137019230769231 0.025240384615384616 0.10096153846153846
2 0.0985576923076923 0.33533653846153844 0.026442307692307692 0.09134615384615384
1 0.32091346153846156 0.3713942307692308 0.019230769230769232 0.09975961538461539
4 0.03125 0.4050480769230769 0.028846153846153848 0.040865384615384616
1 0.6802884615384616 0.06370192307692307 0.02403846153846154 0.11538461538461539
2 0.734375 0.09254807692307693 0.037259615384615384 0.08653846153846154
4 0.8293269230769231 0.14302884615384615 0.039663461538461536 0.046875
4 0.8209134615384616 0.18028846153846154 0.046875 0.04927884615384615
2 0.5973557692307693 0.24759615384615385 0.03365384615384615 0.10817307692307693
3 0.8185096153846154 0.3088942307692308 0.037259615384615384 0.09735576923076923
0 0.7692307692307693 0.31850961538461536 0.03125 0.08774038461538461
2 0.5721153846153846 0.3605769230769231 0.038461538461538464 0.12980769230769232
4 0.20192307692307693 0.4411057692307692 0.028846153846153848 0.026442307692307692
1 0.039663461538461536 0.47475961538461536 0.016826923076923076 0.09375
4 0.27524038461538464 0.5504807692307693 0.027644230769230768 0.09495192307692307
4 0.39302884615384615 0.5588942307692307 0.03125 0.0625
2 0.18629807692307693 0.59375 0.039663461538461536 0.054086538461538464
3 0.3762019230769231 0.6334134615384616 0.018028846153846152 0.1141826923076923
0 0.234375 0.6574519230769231 0.03125 0.054086538461538464
2 0.0673076923076923 0.6887019230769231 0.021634615384615384 0.109375
4 0.2644230769230769 0.7560096153846154 0.028846153846153848 0.06490384615384616
2 0.19471153846153846 0.7980769230769231 0.03365384615384615 0.09134615384615384
4 0.2860576923076923 0.9387019230769231 0.03365384615384615 0.11899038461538461
1 0.004807692307692308 0.9495192307692307 0.009615384615384616 0.09615384615384616
1 0.5997596153846154 0.4495192307692308 0.03125 0.04326923076923077
4 0.7956730769230769 0.5528846153846154 0.036057692307692304 0.12139423076923077
4 0.7836538461538461 0.6802884615384616 0.03365384615384615 0.0889423076923077
2 0.48197115384615385 0.7055288461538461 0.026442307692307692 0.12259615384615384
0 0.6478365384615384 0.7884615384615384 0.03485576923076923 0.04927884615384615
3 0.6899038461538461 0.828125 0.02403846153846154 0.10336538461538461
4 0.9134615384615384 0.9086538461538461 0.03125 0.11057692307692307
4 0.6322115384615384 0.9603365384615384 0.04326923076923077 0.07451923076923077