4 0.24639423076923078 0.16105769230769232 0.02283653846153846 0.0673076923076923
1 0.3798076923076923 0.1778846153846154 0.015625 0.06850961538461539
4 0.2536057692307692 0.31971153846153844 0.02403846153846154 0.06971153846153846
4 0.009615384615384616 0.3762019230769231 0.019230769230769232 0.07451923076923077
3 0.15985576923076922 0.38822115384615385 0.021634615384615384 0.04927884615384615
1 0.5925480769230769 0.39663461538461536 0.020432692307692308 0.0829326923076923
0 0.1935096153846154 0.40865384615384615 0.026442307692307692 0.057692307692307696
2 0.34975961538461536 0.40865384615384615 0.026442307692307692 0.057692307692307696
3 0.859375 0.08052884615384616 0.028846153846153848 0.1141826923076923
0 0.6935096153846154 0.08413461538461539 0.03245192307692308 0.0673076923076923
4 0.8786057692307693 0.1658653846153846 0.026442307692307692 0.11177884615384616
4 0.7163461538461539 0.3557692307692308 0.039663461538461536 0.12740384615384615
4 0.6478365384615384 0.46153846153846156 0.036057692307692304 0.04326923076923077
1 0.4375 0.47596153846153844 0.028846153846153848 0.07211538461538461
4 0.5504807692307693 0.4879807692307692 0.037259615384615384 0.05048076923076923
1 0.3701923076923077 0.5120192307692307 0.020432692307692308 0.13581730769230768
2 0.41466346153846156 0.5408653846153846 0.020432692307692308 0.12740384615384615
0 0.5709134615384616 0.5625 0.040865384615384616 0.06370192307692307
4 0.36538461538461536 0.6526442307692307 0.03125 0.1502403846153846
4 0.4326923076923077 0.6706730769230769 0.042067307692307696 0.1141826923076923
4 0.5024038461538461 0.7163461538461539 0.037259615384615384 0.1502403846153846
4 0.5516826923076923 0.7560096153846154 0.052884615384615384 0.16947115384615385
1 0.29447115384615385 0.7788461538461539 0.038461538461538464 0.16947115384615385
4 0.5072115384615384 0.46274038461538464 0.028846153846153848 0.04567307692307692
1 0.7403846153846154 0.5769230769230769 0.027644230769230768 0.07692307692307693
1 0.7920673076923077 0.6622596153846154 0.020432692307692308 0.07091346153846154
4 0.84375 0.6634615384615384 0.027644230769230768 0.07091346153846154
2 0.7836538461538461 0.7115384615384616 0.025240384615384616 0.05889423076923077
4 0.8473557692307693 0.7391826923076923 0.03125 0.0733173076923077
4 0.8737980769230769 0.7884615384615384 0.026442307692307692 0.054086538461538464
0 0.7824519230769231 0.8137019230769231 0.026442307692307692 0.04807692307692308
3 0.8052884615384616 0.8269230769230769 0.019230769230769232 0.0829326923076923
4 0.9615384615384616 0.8485576923076923 0.020432692307692308 0.08653846153846154
2 0.7067307692307693 0.9242788461538461 0.025240384615384616 0.07932692307692307