2 0.037259615384615384 0.026442307692307692 0.021634615384615384 0.052884615384615384
1 0.3088942307692308 0.0829326923076923 0.020432692307692308 0.09014423076923077
2 0.09254807692307693 0.17908653846153846 0.021634615384615384 0.055288461538461536
1 0.6911057692307693 0.02403846153846154 0.021634615384615384 0.04807692307692308
4 0.8617788461538461 0.040865384615384616 0.026442307692307692 0.08173076923076923
4 0.8269230769230769 0.15144230769230768 0.03125 0.09975961538461539
1 0.6526442307692307 0.15504807692307693 0.03125 0.10336538461538461
1 0.33413461538461536 0.3245192307692308 0.014423076923076924 0.05048076923076923
4 0.45072115384615385 0.33413461538461536 0.01201923076923077 0.0673076923076923
2 0.3125 0.3918269230769231 0.014423076923076924 0.08052884615384616
1 0.046875 0.4266826923076923 0.02283653846153846 0.08052884615384616
2 0.2644230769230769 0.4567307692307692 0.021634615384615384 0.06129807692307692
0 0.38461538461538464 0.46875 0.03365384615384615 0.055288461538461536
2 0.24759615384615385 0.5360576923076923 0.02403846153846154 0.07692307692307693
1 0.18509615384615385 0.5877403846153846 0.021634615384615384 0.08774038461538461
4 0.33653846153846156 0.5889423076923077 0.03245192307692308 0.08774038461538461
1 0.013221153846153846 0.6334134615384616 0.026442307692307692 0.10336538461538461
4 0.32091346153846156 0.6826923076923077 0.038461538461538464 0.09134615384615384
4 0.2403846153846154 0.8425480769230769 0.03245192307692308 0.10697115384615384
1 0.78125 0.22956730769230768 0.019230769230769232 0.040865384615384616
2 0.8088942307692307 0.24278846153846154 0.021634615384615384 0.0673076923076923
4 0.734375 0.24278846153846154 0.019230769230769232 0.05889423076923077
4 0.6298076923076923 0.30288461538461536 0.019230769230769232 0.05048076923076923
3 0.6286057692307693 0.3557692307692308 0.015625 0.0829326923076923
2 0.7728365384615384 0.38100961538461536 0.020432692307692308 0.0625
0 0.7175480769230769 0.38221153846153844 0.025240384615384616 0.04807692307692308
4 0.6959134615384616 0.5024038461538461 0.025240384615384616 0.07091346153846154
1 0.7415865384615384 0.5264423076923077 0.018028846153846152 0.08052884615384616
4 0.6634615384615384 0.6442307692307693 0.028846153846153848 0.0673076923076923
1 0.7932692307692307 0.6742788461538461 0.021634615384615384 0.0829326923076923
4 0.6009615384615384 0.8197115384615384 0.03245192307692308 0.08173076923076923
1 0.703125 0.8257211538461539 0.02403846153846154 0.0829326923076923