1 0.20192307692307693 0.026442307692307692 0.02403846153846154 0.052884615384615384
2 0.3762019230769231 0.03245192307692308 0.03125 0.06490384615384616
3 0.6057692307692307 0.09615384615384616 0.04326923076923077 0.06009615384615385
0 0.5649038461538461 0.11177884615384616 0.036057692307692304 0.06610576923076923
2 0.375 0.13942307692307693 0.02403846153846154 0.09375
2 0.5372596153846154 0.23317307692307693 0.037259615384615384 0.07451923076923077
2 0.49278846153846156 0.26802884615384615 0.02403846153846154 0.11658653846153846
4 0.6394230769230769 0.359375 0.04447115384615385 0.09495192307692307
1 0.5528846153846154 0.37740384615384615 0.027644230769230768 0.09975961538461539
1 0.8930288461538461 0.14903846153846154 0.015625 0.07451923076923077
1 0.9435096153846154 0.4050480769230769 0.019230769230769232 0.06610576923076923
1 0.47475961538461536 0.46153846153846156 0.016826923076923076 0.02403846153846154
4 0.5805288461538461 0.4723557692307692 0.03125 0.04567307692307692
1 0.25961538461538464 0.4963942307692308 0.019230769230769232 0.07091346153846154
2 0.4675480769230769 0.5456730769230769 0.016826923076923076 0.09975961538461539
2 0.47475961538461536 0.6478365384615384 0.021634615384615384 0.06490384615384616
0 0.6141826923076923 0.7043269230769231 0.030048076923076924 0.07692307692307693
2 0.5108173076923077 0.7367788461538461 0.020432692307692308 0.11177884615384616
1 0.27403846153846156 0.7776442307692307 0.018028846153846152 0.09735576923076923
1 0.5552884615384616 0.8918269230769231 0.027644230769230768 0.06490384615384616
4 0.6526442307692307 0.8954326923076923 0.026442307692307692 0.09375
4 0.6814903846153846 0.5516826923076923 0.026442307692307692 0.08413461538461539
1 0.8401442307692307 0.578125 0.02403846153846154 0.07932692307692307
2 0.7608173076923077 0.8028846153846154 0.03125 0.08774038461538461
2 0.7487980769230769 0.8834134615384616 0.03365384615384615 0.08653846153846154