4 0.021634615384615384 0.18870192307692307 0.026442307692307692 0.11538461538461539
1 0.6875 0.0733173076923077 0.019230769230769232 0.07932692307692307
2 0.5961538461538461 0.12980769230769232 0.026442307692307692 0.046875
4 0.5084134615384616 0.140625 0.025240384615384616 0.05889423076923077
1 0.7475961538461539 0.14302884615384615 0.026442307692307692 0.09134615384615384
2 0.7007211538461539 0.18870192307692307 0.019230769230769232 0.07091346153846154
4 0.43990384615384615 0.19831730769230768 0.02403846153846154 0.054086538461538464
0 0.5865384615384616 0.265625 0.03485576923076923 0.054086538461538464
3 0.4423076923076923 0.27524038461538464 0.019230769230769232 0.1141826923076923
2 0.7139423076923077 0.27524038461538464 0.020432692307692308 0.09615384615384616
1 0.8052884615384616 0.31971153846153844 0.02403846153846154 0.0889423076923077
4 0.45913461538461536 0.33774038461538464 0.021634615384615384 0.08413461538461539
2 0.640625 0.3581730769230769 0.03125 0.057692307692307696
1 0.34134615384615385 0.46875 0.009615384615384616 0.09134615384615384
2 0.27884615384615385 0.6370192307692307 0.021634615384615384 0.06850961538461539
1 0.027644230769230768 0.8701923076923077 0.018028846153846152 0.11057692307692307
1 0.17548076923076922 0.4098557692307692 0.019230769230769232 0.040865384615384616
1 0.9302884615384616 0.5060096153846154 0.02283653846153846 0.09014423076923077
4 0.7199519230769231 0.5288461538461539 0.018028846153846152 0.09375
4 0.5925480769230769 0.578125 0.020432692307692308 0.08533653846153846
3 0.5673076923076923 0.6033653846153846 0.016826923076923076 0.09735576923076923
0 0.7103365384615384 0.6502403846153846 0.02403846153846154 0.05889423076923077
1 0.9278846153846154 0.7175480769230769 0.02403846153846154 0.0829326923076923
4 0.6670673076923077 0.7920673076923077 0.03365384615384615 0.09134615384615384
1 0.7956730769230769 0.8810096153846154 0.018028846153846152 0.08173076923076923
4 0.6045673076923077 0.9002403846153846 0.026442307692307692 0.1045673076923077
1 0.7788461538461539 0.9579326923076923 0.02403846153846154 0.07932692307692307