1 0.4951923076923077 0.04807692307692308 0.01201923076923077 0.07091346153846154
2 0.3942307692307692 0.1310096153846154 0.016826923076923076 0.042067307692307696
4 0.20552884615384615 0.1658653846153846 0.020432692307692308 0.04927884615384615
0 0.30649038461538464 0.19110576923076922 0.03485576923076923 0.038461538461538464
2 0.4266826923076923 0.1935096153846154 0.016826923076923076 0.046875
3 0.21754807692307693 0.203125 0.019230769230769232 0.06610576923076923
4 0.24759615384615385 0.3173076923076923 0.019230769230769232 0.07692307692307693
4 0.5384615384615384 0.20673076923076922 0.040865384615384616 0.08052884615384616
2 0.6454326923076923 0.21394230769230768 0.02403846153846154 0.08653846153846154
1 0.9543269230769231 0.2800480769230769 0.025240384615384616 0.09495192307692307
2 0.7067307692307693 0.3269230769230769 0.028846153846153848 0.057692307692307696
0 0.5336538461538461 0.34975961538461536 0.03365384615384615 0.01201923076923077
1 0.6899038461538461 0.03365384615384615 0.02403846153846154 0.0673076923076923
4 0.6310096153846154 0.03245192307692308 0.026442307692307692 0.06490384615384616
1 0.05889423076923077 0.41346153846153844 0.03245192307692308 0.07091346153846154
2 0.0985576923076923 0.5408653846153846 0.02283653846153846 0.09615384615384616
1 0.40024038461538464 0.546875 0.026442307692307692 0.09134615384615384
0 0.008413461538461538 0.6322115384615384 0.016826923076923076 0.07692307692307693
2 0.10697115384615384 0.6995192307692307 0.030048076923076924 0.09014423076923077
1 0.1310096153846154 0.8834134615384616 0.030048076923076924 0.12259615384615384
1 0.014423076923076924 0.9423076923076923 0.028846153846153848 0.09615384615384616
1 0.7668269230769231 0.5408653846153846 0.018028846153846152 0.0829326923076923
1 0.8858173076923077 0.7271634615384616 0.025240384615384616 0.08413461538461539
1 0.7524038461538461 0.8064903846153846 0.027644230769230768 0.06971153846153846
1 0.7596153846153846 0.8822115384615384 0.03245192307692308 0.09495192307692307
4 0.9735576923076923 0.9375 0.04326923076923077 0.10817307692307693