1 0.2439903846153846 0.010817307692307692 0.026442307692307692 0.021634615384615384
2 0.03485576923076923 0.040865384615384616 0.040865384615384616 0.08173076923076923
2 0.09134615384615384 0.11057692307692307 0.02283653846153846 0.1141826923076923
1 0.3798076923076923 0.19471153846153846 0.014423076923076924 0.10576923076923077
2 0.08653846153846154 0.25240384615384615 0.026442307692307692 0.10096153846153846
4 0.6490384615384616 0.11057692307692307 0.038461538461538464 0.09735576923076923
1 0.8088942307692307 0.15144230769230768 0.020432692307692308 0.11899038461538461
4 0.5889423076923077 0.15625 0.04326923076923077 0.10336538461538461
1 0.8822115384615384 0.35216346153846156 0.03125 0.12860576923076922
1 0.014423076923076924 0.5733173076923077 0.028846153846153848 0.09375
2 0.11057692307692307 0.6598557692307693 0.027644230769230768 0.09975961538461539
2 0.16947115384615385 0.7668269230769231 0.03245192307692308 0.08413461538461539
2 0.19591346153846154 0.8545673076923077 0.03245192307692308 0.08533653846153846
4 0.7079326923076923 0.4831730769230769 0.03125 0.04807692307692308
0 0.6622596153846154 0.6550480769230769 0.03125 0.042067307692307696
3 0.7920673076923077 0.6706730769230769 0.016826923076923076 0.09615384615384616
4 0.6875 0.7584134615384616 0.020432692307692308 0.0673076923076923
4 0.6346153846153846 0.8774038461538461 0.025240384615384616 0.0829326923076923
2 0.5889423076923077 0.8918269230769231 0.019230769230769232 0.08052884615384616
4 0.6754807692307693 0.9651442307692307 0.028846153846153848 0.06490384615384616
1 0.4675480769230769 0.9627403846153846 0.021634615384615384 0.06971153846153846