2 0.21995192307692307 0.019230769230769232 0.03125 0.038461538461538464
2 0.20793269230769232 0.12379807692307693 0.025240384615384616 0.11538461538461539
2 0.23197115384615385 0.2776442307692308 0.02403846153846154 0.09134615384615384
2 0.36778846153846156 0.33774038461538464 0.019230769230769232 0.055288461538461536
4 0.7115384615384616 0.010817307692307692 0.03365384615384615 0.021634615384615384
1 0.41466346153846156 0.052884615384615384 0.036057692307692304 0.10576923076923077
4 0.6778846153846154 0.06009615384615385 0.038461538461538464 0.1201923076923077
1 0.47115384615384615 0.19591346153846154 0.038461538461538464 0.11899038461538461
4 0.6418269230769231 0.23197115384615385 0.037259615384615384 0.14302884615384615
4 0.265625 0.4110576923076923 0.040865384615384616 0.08653846153846154
1 0.014423076923076924 0.42788461538461536 0.028846153846153848 0.10096153846153846
4 0.3173076923076923 0.4891826923076923 0.037259615384615384 0.11538461538461539
2 0.20552884615384615 0.49038461538461536 0.040865384615384616 0.06129807692307692
2 0.03125 0.625 0.02403846153846154 0.109375
2 0.11778846153846154 0.6274038461538461 0.026442307692307692 0.10336538461538461
2 0.18269230769230768 0.6514423076923077 0.056490384615384616 0.08774038461538461
0 0.2439903846153846 0.6634615384615384 0.04326923076923077 0.08413461538461539
1 0.16706730769230768 0.8221153846153846 0.03365384615384615 0.10697115384615384
1 0.5360576923076923 0.5 0.027644230769230768 0.11899038461538461
1 0.9350961538461539 0.5360576923076923 0.030048076923076924 0.11057692307692307
2 0.6598557692307693 0.5805288461538461 0.042067307692307696 0.11538461538461539
4 0.4266826923076923 0.6105769230769231 0.046875 0.09134615384615384
2 0.71875 0.7283653846153846 0.036057692307692304 0.09014423076923077
0 0.5012019230769231 0.7932692307692307 0.04807692307692308 0.051682692307692304
2 0.7367788461538461 0.8557692307692307 0.055288461538461536 0.1310096153846154
4 0.53125 0.9459134615384616 0.04807692307692308 0.10697115384615384
4 0.6646634615384616 0.9603365384615384 0.040865384615384616 0.07451923076923077