2 0.390625 0.02403846153846154 0.040865384615384616 0.04807692307692308
3 0.1310096153846154 0.09735576923076923 0.039663461538461536 0.13581730769230768
2 0.4879807692307692 0.10576923076923077 0.03245192307692308 0.12139423076923077
0 0.29086538461538464 0.12379807692307693 0.027644230769230768 0.0625
4 0.08052884615384616 0.1778846153846154 0.03125 0.11177884615384616
2 0.4735576923076923 0.19951923076923078 0.028846153846153848 0.15745192307692307
4 0.23076923076923078 0.25841346153846156 0.03365384615384615 0.140625
4 0.15745192307692307 0.3269230769230769 0.03245192307692308 0.1310096153846154
1 0.3112980769230769 0.33052884615384615 0.027644230769230768 0.15384615384615385
4 0.7620192307692307 0.11899038461538461 0.040865384615384616 0.13942307692307693
0 0.9014423076923077 0.2283653846153846 0.040865384615384616 0.07451923076923077
3 0.6995192307692307 0.24519230769230768 0.03485576923076923 0.18028846153846154
4 0.7379807692307693 0.2980769230769231 0.038461538461538464 0.16346153846153846
4 0.9675480769230769 0.32091346153846156 0.020432692307692308 0.171875
1 0.8509615384615384 0.04326923076923077 0.03365384615384615 0.08653846153846154
1 0.02283653846153846 0.6646634615384616 0.021634615384615384 0.09375
1 0.3137019230769231 0.7319711538461539 0.02403846153846154 0.10336538461538461
4 0.4951923076923077 0.7319711538461539 0.028846153846153848 0.10336538461538461
4 0.47596153846153844 0.8617788461538461 0.039663461538461536 0.10697115384615384
1 0.3293269230769231 0.8737980769230769 0.03125 0.0985576923076923
3 0.6442307692307693 0.6358173076923077 0.019230769230769232 0.036057692307692304
0 0.7524038461538461 0.6574519230769231 0.028846153846153848 0.046875
2 0.7548076923076923 0.7644230769230769 0.03485576923076923 0.08173076923076923
4 0.6598557692307693 0.7944711538461539 0.02283653846153846 0.07932692307692307
1 0.734375 0.8040865384615384 0.019230769230769232 0.07932692307692307
4 0.6117788461538461 0.9579326923076923 0.036057692307692304 0.07932692307692307
1 0.6802884615384616 0.9543269230769231 0.019230769230769232 0.08653846153846154