2 0.006009615384615385 0.03365384615384615 0.01201923076923077 0.0673076923076923
4 0.3004807692307692 0.039663461538461536 0.019230769230769232 0.07932692307692307
3 0.2980769230769231 0.09375 0.020432692307692308 0.08413461538461539
0 0.15745192307692307 0.1141826923076923 0.026442307692307692 0.06610576923076923
2 0.008413461538461538 0.13942307692307693 0.016826923076923076 0.11538461538461539
2 0.3076923076923077 0.18629807692307693 0.026442307692307692 0.08413461538461539
2 0.11658653846153846 0.24639423076923078 0.027644230769230768 0.11177884615384616
4 0.16947115384615385 0.41947115384615385 0.04567307692307692 0.055288461538461536
1 0.11658653846153846 0.421875 0.03125 0.05048076923076923
4 0.6466346153846154 0.06850961538461539 0.021634615384615384 0.08413461538461539
1 0.5480769230769231 0.07932692307692307 0.02283653846153846 0.07692307692307693
4 0.6502403846153846 0.21514423076923078 0.028846153846153848 0.08653846153846154
4 0.7259615384615384 0.3473557692307692 0.030048076923076924 0.08413461538461539
2 0.5108173076923077 0.359375 0.026442307692307692 0.09014423076923077
3 0.8353365384615384 0.40024038461538464 0.026442307692307692 0.09375
4 0.9206730769230769 0.40024038461538464 0.03365384615384615 0.09375
2 0.5216346153846154 0.41466346153846156 0.03365384615384615 0.06490384615384616
0 0.6862980769230769 0.42427884615384615 0.03125 0.04567307692307692
2 0.3485576923076923 0.5012019230769231 0.026442307692307692 0.09254807692307693
1 0.08653846153846154 0.6081730769230769 0.027644230769230768 0.09375
1 0.36538461538461536 0.8677884615384616 0.028846153846153848 0.10576923076923077
1 0.7800480769230769 0.45552884615384615 0.016826923076923076 0.01201923076923077
4 0.84375 0.4675480769230769 0.021634615384615384 0.030048076923076924
2 0.7644230769230769 0.515625 0.015625 0.05889423076923077
4 0.9891826923076923 0.5168269230769231 0.016826923076923076 0.04807692307692308
1 0.6141826923076923 0.5192307692307693 0.015625 0.06971153846153846
3 0.9326923076923077 0.5216346153846154 0.014423076923076924 0.06370192307692307
0 0.8509615384615384 0.5384615384615384 0.020432692307692308 0.03365384615384615
2 0.78125 0.5925480769230769 0.019230769230769232 0.06370192307692307
4 0.9350961538461539 0.6358173076923077 0.019230769230769232 0.055288461538461536
1 0.6418269230769231 0.6971153846153846 0.019230769230769232 0.06490384615384616
4 0.9591346153846154 0.7860576923076923 0.030048076923076924 0.05048076923076923
1 0.84375 0.8197115384615384 0.019230769230769232 0.06490384615384616
4 0.984375 0.9314903846153846 0.026442307692307692 0.06490384615384616
1 0.8870192307692307 0.9471153846153846 0.014423076923076924 0.0733173076923077