4 0.20432692307692307 0.13341346153846154 0.027644230769230768 0.06370192307692307
4 0.2283653846153846 0.1971153846153846 0.038461538461538464 0.038461538461538464
1 0.5456730769230769 0.010817307692307692 0.028846153846153848 0.021634615384615384
4 0.41466346153846156 0.02283653846153846 0.03125 0.04567307692307692
1 0.7067307692307693 0.06129807692307692 0.025240384615384616 0.10817307692307693
1 0.22956730769230768 0.31009615384615385 0.027644230769230768 0.09375
4 0.08774038461538461 0.3293269230769231 0.026442307692307692 0.09615384615384616
2 0.21634615384615385 0.3918269230769231 0.03365384615384615 0.11658653846153846
2 0.18028846153846154 0.4543269230769231 0.037259615384615384 0.09375
0 0.1502403846153846 0.5084134615384616 0.03485576923076923 0.042067307692307696
3 0.009615384615384616 0.5228365384615384 0.016826923076923076 0.11899038461538461
4 0.03245192307692308 0.6009615384615384 0.026442307692307692 0.11298076923076923
4 0.1935096153846154 0.7752403846153846 0.04567307692307692 0.11298076923076923
4 0.23918269230769232 0.8149038461538461 0.028846153846153848 0.11298076923076923
1 0.13341346153846154 0.24158653846153846 0.021634615384615384 0.04567307692307692
4 0.027644230769230768 0.24879807692307693 0.03125 0.06009615384615385
1 0.8209134615384616 0.24879807692307693 0.016826923076923076 0.06009615384615385
4 0.9483173076923077 0.24879807692307693 0.026442307692307692 0.06009615384615385
4 0.9338942307692307 0.3293269230769231 0.03125 0.08413461538461539
1 0.5072115384615384 0.35336538461538464 0.010817307692307692 0.10216346153846154
2 0.7391826923076923 0.359375 0.021634615384615384 0.09375
2 0.8028846153846154 0.41586538461538464 0.021634615384615384 0.06610576923076923
0 0.8221153846153846 0.5048076923076923 0.021634615384615384 0.042067307692307696
3 0.9735576923076923 0.5216346153846154 0.02403846153846154 0.10096153846153846
2 0.6370192307692307 0.6057692307692307 0.025240384615384616 0.07932692307692307
2 0.7367788461538461 0.6225961538461539 0.038461538461538464 0.06610576923076923
1 0.5192307692307693 0.6838942307692307 0.03125 0.08774038461538461
4 0.8401442307692307 0.7079326923076923 0.03125 0.10697115384615384
4 0.7548076923076923 0.7403846153846154 0.03245192307692308 0.1045673076923077
1 0.6141826923076923 0.8930288461538461 0.027644230769230768 0.10336538461538461
4 0.7175480769230769 0.9098557692307693 0.03485576923076923 0.09735576923076923