4 0.15625 0.018028846153846152 0.04807692307692308 0.036057692307692304
2 0.009615384615384616 0.057692307692307696 0.019230769230769232 0.11538461538461539
3 0.2776442307692308 0.13221153846153846 0.038461538461538464 0.0673076923076923
4 0.3942307692307692 0.14302884615384615 0.037259615384615384 0.0889423076923077
0 0.23918269230769232 0.17067307692307693 0.040865384615384616 0.08173076923076923
2 0.03245192307692308 0.171875 0.028846153846153848 0.12740384615384615
2 0.078125 0.2824519230769231 0.028846153846153848 0.12379807692307693
1 0.15625 0.3293269230769231 0.02403846153846154 0.13942307692307693
1 0.27524038461538464 0.4387019230769231 0.030048076923076924 0.13221153846153846
4 0.7800480769230769 0.039663461538461536 0.021634615384615384 0.07932692307692307
4 0.7632211538461539 0.15745192307692307 0.038461538461538464 0.09615384615384616
1 0.8497596153846154 0.17548076923076922 0.02403846153846154 0.10697115384615384
4 0.6478365384615384 0.3918269230769231 0.04326923076923077 0.10697115384615384
1 0.9134615384615384 0.49278846153846156 0.026442307692307692 0.13581730769230768
4 0.027644230769230768 0.6430288461538461 0.026442307692307692 0.026442307692307692
0 0.17668269230769232 0.6598557692307693 0.040865384615384616 0.06009615384615385
3 0.052884615384615384 0.6814903846153846 0.027644230769230768 0.09735576923076923
1 0.4579326923076923 0.7367788461538461 0.039663461538461536 0.09615384615384616
2 0.4026442307692308 0.7620192307692307 0.027644230769230768 0.10817307692307693
4 0.21754807692307693 0.8245192307692307 0.02403846153846154 0.1045673076923077
4 0.29447115384615385 0.8665865384615384 0.03245192307692308 0.10817307692307693
4 0.25961538461538464 0.9122596153846154 0.04807692307692308 0.11298076923076923
1 0.78125 0.6418269230769231 0.02403846153846154 0.02403846153846154
1 0.9302884615384616 0.65625 0.028846153846153848 0.052884615384615384
2 0.7067307692307693 0.7079326923076923 0.028846153846153848 0.09615384615384616
2 0.7740384615384616 0.8329326923076923 0.027644230769230768 0.09375
0 0.5925480769230769 0.8497596153846154 0.030048076923076924 0.078125
2 0.7175480769230769 0.9627403846153846 0.026442307692307692 0.06971153846153846