4 0.3954326923076923 0.06610576923076923 0.028846153846153848 0.07572115384615384
1 0.20552884615384615 0.07932692307692307 0.019230769230769232 0.078125
4 0.4110576923076923 0.16706730769230768 0.03365384615384615 0.07451923076923077
2 0.2620192307692308 0.20793269230769232 0.02403846153846154 0.09735576923076923
1 0.036057692307692304 0.234375 0.020432692307692308 0.0829326923076923
2 0.3161057692307692 0.32211538461538464 0.03125 0.07091346153846154
0 0.4795673076923077 0.3389423076923077 0.028846153846153848 0.052884615384615384
2 0.3762019230769231 0.38461538461538464 0.026442307692307692 0.0625
1 0.7752403846153846 0.08774038461538461 0.015625 0.09975961538461539
4 0.9026442307692307 0.0985576923076923 0.02403846153846154 0.07932692307692307
4 0.8882211538461539 0.18990384615384615 0.03125 0.08413461538461539
2 0.6935096153846154 0.21995192307692307 0.021634615384615384 0.09375
2 0.7572115384615384 0.2764423076923077 0.021634615384615384 0.06610576923076923
0 0.7764423076923077 0.36538461538461536 0.021634615384615384 0.042067307692307696
3 0.9290865384615384 0.3737980769230769 0.026442307692307692 0.08413461538461539
2 0.1141826923076923 0.4266826923076923 0.026442307692307692 0.016826923076923076
4 0.3713942307692308 0.4338942307692308 0.026442307692307692 0.03125
0 0.22115384615384615 0.4326923076923077 0.028846153846153848 0.028846153846153848
3 0.34134615384615385 0.44711538461538464 0.02403846153846154 0.057692307692307696
2 0.07091346153846154 0.46634615384615385 0.021634615384615384 0.08653846153846154
1 0.025240384615384616 0.609375 0.020432692307692308 0.09254807692307693
4 0.18389423076923078 0.7127403846153846 0.02403846153846154 0.08413461538461539
4 0.09014423076923077 0.8954326923076923 0.03245192307692308 0.08653846153846154
4 0.6923076923076923 0.47596153846153844 0.026442307692307692 0.0733173076923077
1 0.5985576923076923 0.47836538461538464 0.02403846153846154 0.06850961538461539
4 0.7127403846153846 0.5997596153846154 0.026442307692307692 0.078125
1 0.5576923076923077 0.6225961538461539 0.02283653846153846 0.09975961538461539
4 0.7644230769230769 0.6995192307692307 0.037259615384615384 0.037259615384615384
4 0.8894230769230769 0.7247596153846154 0.016826923076923076 0.07932692307692307
2 0.5985576923076923 0.7403846153846154 0.020432692307692308 0.10336538461538461
0 0.7560096153846154 0.7764423076923077 0.02403846153846154 0.05889423076923077
3 0.9098557692307693 0.7992788461538461 0.020432692307692308 0.09375
2 0.6274038461538461 0.8317307692307693 0.02283653846153846 0.09735576923076923
4 0.9074519230769231 0.984375 0.021634615384615384 0.026442307692307692