4 0.09735576923076923 0.056490384615384616 0.021634615384615384 0.11298076923076923
3 0.32572115384615385 0.06370192307692307 0.03365384615384615 0.0829326923076923
4 0.203125 0.08413461538461539 0.04326923076923077 0.07932692307692307
0 0.3641826923076923 0.0985576923076923 0.026442307692307692 0.07692307692307693
4 0.3737980769230769 0.21995192307692307 0.007211538461538462 0.13221153846153846
4 0.27403846153846156 0.27163461538461536 0.04807692307692308 0.12139423076923077
4 0.17548076923076922 0.4110576923076923 0.051682692307692304 0.12259615384615384
4 0.4735576923076923 0.01201923076923077 0.03365384615384615 0.02403846153846154
1 0.6622596153846154 0.018028846153846152 0.03125 0.036057692307692304
4 0.4483173076923077 0.05889423076923077 0.03125 0.06850961538461539
1 0.8737980769230769 0.06490384615384616 0.025240384615384616 0.0829326923076923
2 0.6310096153846154 0.09134615384615384 0.020432692307692308 0.06971153846153846
2 0.5132211538461539 0.16706730769230768 0.019230769230769232 0.09254807692307693
0 0.44711538461538464 0.22115384615384615 0.027644230769230768 0.06490384615384616
2 0.49158653846153844 0.2776442307692308 0.027644230769230768 0.07451923076923077
1 0.7692307692307693 0.38461538461538464 0.02283653846153846 0.09975961538461539
4 0.3942307692307692 0.3942307692307692 0.028846153846153848 0.08653846153846154
1 0.4639423076923077 0.4266826923076923 0.026442307692307692 0.078125
2 0.003605769230769231 0.578125 0.007211538461538462 0.07932692307692307
1 0.8329326923076923 0.6394230769230769 0.019230769230769232 0.0829326923076923
1 0.6105769230769231 0.6586538461538461 0.018028846153846152 0.078125
4 0.9879807692307693 0.6742788461538461 0.019230769230769232 0.07451923076923077
1 0.9567307692307693 0.8762019230769231 0.020432692307692308 0.08774038461538461