2 0.2980769230769231 0.0625 0.04326923076923077 0.125
2 0.3173076923076923 0.19110576923076922 0.05889423076923077 0.1622596153846154
2 0.25 0.3125 0.037259615384615384 0.10697115384615384
4 0.43028846153846156 0.390625 0.052884615384615384 0.13221153846153846
1 0.16947115384615385 0.484375 0.055288461538461536 0.12259615384615384
4 0.3317307692307692 0.4951923076923077 0.04326923076923077 0.10096153846153846
2 0.8870192307692307 0.055288461538461536 0.028846153846153848 0.07451923076923077
2 0.7632211538461539 0.10216346153846154 0.026442307692307692 0.09975961538461539
0 0.9242788461538461 0.20072115384615385 0.026442307692307692 0.06610576923076923
2 0.7692307692307693 0.22596153846153846 0.026442307692307692 0.11177884615384616
2 0.8834134615384616 0.3329326923076923 0.027644230769230768 0.11177884615384616
4 0.9362980769230769 0.5120192307692307 0.04567307692307692 0.0673076923076923
1 0.8834134615384616 0.5144230769230769 0.03125 0.0625
1 0.19110576923076922 0.5625 0.026442307692307692 0.028846153846153848
2 0.44350961538461536 0.5889423076923077 0.026442307692307692 0.08173076923076923
2 0.39783653846153844 0.6887019230769231 0.027644230769230768 0.11057692307692307
1 0.2980769230769231 0.859375 0.025240384615384616 0.13581730769230768
2 0.6057692307692307 0.5817307692307693 0.03365384615384615 0.0673076923076923
1 0.7151442307692307 0.7439903846153846 0.03125 0.12740384615384615
1 0.6105769230769231 0.8942307692307693 0.027644230769230768 0.13581730769230768