2 0.390625 0.140625 0.028846153846153848 0.0625
1 0.2956730769230769 0.14903846153846154 0.025240384615384616 0.0985576923076923
4 0.47475961538461536 0.18990384615384615 0.03365384615384615 0.07091346153846154
2 0.28365384615384615 0.25 0.02403846153846154 0.06850961538461539
3 0.4519230769230769 0.2956730769230769 0.027644230769230768 0.07091346153846154
0 0.4170673076923077 0.3088942307692308 0.027644230769230768 0.05889423076923077
2 0.26802884615384615 0.35096153846153844 0.02403846153846154 0.10697115384615384
2 0.3701923076923077 0.4206730769230769 0.03245192307692308 0.07932692307692307
1 0.3125 0.7307692307692307 0.03365384615384615 0.10096153846153846
4 0.3954326923076923 0.7319711538461539 0.046875 0.09615384615384616
1 0.875 0.019230769230769232 0.019230769230769232 0.038461538461538464
4 0.6754807692307693 0.02283653846153846 0.038461538461538464 0.04567307692307692
2 0.7427884615384616 0.037259615384615384 0.019230769230769232 0.07451923076923077
4 0.6105769230769231 0.07572115384615384 0.028846153846153848 0.078125
4 0.5120192307692307 0.10336538461538461 0.02403846153846154 0.08653846153846154
2 0.8461538461538461 0.15865384615384615 0.019230769230769232 0.11658653846153846
3 0.5036057692307693 0.18509615384615385 0.007211538461538462 0.11057692307692307
0 0.6598557692307693 0.23076923076923078 0.04447115384615385 0.08533653846153846
2 0.8269230769230769 0.3076923076923077 0.020432692307692308 0.12379807692307693
1 0.9867788461538461 0.4266826923076923 0.019230769230769232 0.11899038461538461
4 0.5528846153846154 0.6802884615384616 0.03365384615384615 0.12259615384615384
1 0.65625 0.6923076923076923 0.02283653846153846 0.13221153846153846
2 0.42788461538461536 0.8341346153846154 0.028846153846153848 0.07211538461538461
1 0.1658653846153846 0.9302884615384616 0.027644230769230768 0.09375
1 0.6899038461538461 0.8605769230769231 0.03365384615384615 0.125