1 0.17548076923076922 0.051682692307692304 0.02283653846153846 0.06370192307692307
4 0.36177884615384615 0.07932692307692307 0.02403846153846154 0.07692307692307693
1 0.25240384615384615 0.18870192307692307 0.025240384615384616 0.07091346153846154
4 0.32211538461538464 0.21514423076923078 0.03125 0.07932692307692307
2 0.12740384615384615 0.328125 0.020432692307692308 0.08533653846153846
4 0.32572115384615385 0.3605769230769231 0.018028846153846152 0.051682692307692304
0 0.20432692307692307 0.3762019230769231 0.027644230769230768 0.042067307692307696
3 0.32091346153846156 0.40384615384615385 0.016826923076923076 0.08533653846153846
2 0.0733173076923077 0.4074519230769231 0.028846153846153848 0.07932692307692307
1 0.006009615384615385 0.5480769230769231 0.01201923076923077 0.07692307692307693
4 0.1346153846153846 0.5625 0.028846153846153848 0.04807692307692308
2 0.7211538461538461 0.028846153846153848 0.019230769230769232 0.057692307692307696
0 0.9110576923076923 0.10576923076923077 0.03485576923076923 0.06009615384615385
2 0.765625 0.14182692307692307 0.021634615384615384 0.08653846153846154
4 0.9879807692307693 0.3449519230769231 0.019230769230769232 0.10336538461538461
2 0.8377403846153846 0.35216346153846156 0.025240384615384616 0.0985576923076923
4 0.8497596153846154 0.5432692307692307 0.040865384615384616 0.08653846153846154
3 0.1814903846153846 0.6322115384615384 0.016826923076923076 0.08653846153846154
0 0.3293269230769231 0.6682692307692307 0.038461538461538464 0.0673076923076923
4 0.15865384615384615 0.7391826923076923 0.026442307692307692 0.08653846153846154
2 0.3401442307692308 0.8317307692307693 0.02283653846153846 0.09495192307692307
4 0.20552884615384615 0.9591346153846154 0.040865384615384616 0.07692307692307693
1 0.5252403846153846 0.9639423076923077 0.021634615384615384 0.0673076923076923
4 0.6526442307692307 0.6346153846153846 0.036057692307692304 0.09134615384615384
4 0.7355769230769231 0.6706730769230769 0.02403846153846154 0.10336538461538461
2 0.5516826923076923 0.7067307692307693 0.02403846153846154 0.09975961538461539
4 0.78125 0.7379807692307693 0.04326923076923077 0.10216346153846154
2 0.5817307692307693 0.7728365384615384 0.030048076923076924 0.10697115384615384
4 0.9939903846153846 0.8269230769230769 0.007211538461538462 0.052884615384615384
2 0.6442307692307693 0.9026442307692307 0.026442307692307692 0.10817307692307693
0 0.8545673076923077 0.9375 0.03485576923076923 0.09254807692307693