4 0.22716346153846154 0.019230769230769232 0.026442307692307692 0.038461538461538464
1 0.17427884615384615 0.026442307692307692 0.021634615384615384 0.052884615384615384
2 0.19591346153846154 0.09375 0.025240384615384616 0.05889423076923077
4 0.3701923076923077 0.11177884615384616 0.014423076923076924 0.040865384615384616
3 0.3701923076923077 0.16346153846153846 0.014423076923076924 0.08653846153846154
0 0.27524038461538464 0.19110576923076922 0.025240384615384616 0.05048076923076923
2 0.12860576923076922 0.1971153846153846 0.02403846153846154 0.08413461538461539
2 0.15745192307692307 0.3329326923076923 0.02403846153846154 0.07692307692307693
4 0.35096153846153844 0.36899038461538464 0.028846153846153848 0.07451923076923077
1 0.06610576923076923 0.4639423076923077 0.019230769230769232 0.08533653846153846
2 0.25240384615384615 0.5192307692307693 0.028846153846153848 0.07211538461538461
2 0.8882211538461539 0.18509615384615385 0.026442307692307692 0.09615384615384616
0 0.7572115384615384 0.20432692307692307 0.03365384615384615 0.0625
3 0.6213942307692307 0.2127403846153846 0.020432692307692308 0.09014423076923077
2 0.9170673076923077 0.2439903846153846 0.021634615384615384 0.09375
4 0.6358173076923077 0.2920673076923077 0.02283653846153846 0.08533653846153846
2 0.8870192307692307 0.3293269230769231 0.02283653846153846 0.09615384615384616
4 0.7259615384615384 0.33653846153846156 0.027644230769230768 0.09735576923076923
4 0.7103365384615384 0.39903846153846156 0.019230769230769232 0.11057692307692307
4 0.7680288461538461 0.4014423076923077 0.042067307692307696 0.07091346153846154
1 0.10817307692307693 0.6141826923076923 0.015625 0.078125
1 0.07932692307692307 0.7307692307692307 0.02283653846153846 0.06370192307692307
4 0.016826923076923076 0.7355769230769231 0.025240384615384616 0.0673076923076923
2 0.0733173076923077 0.7920673076923077 0.02403846153846154 0.055288461538461536
0 0.055288461538461536 0.8978365384615384 0.027644230769230768 0.051682692307692304
1 0.7644230769230769 0.6225961538461539 0.01201923076923077 0.06490384615384616
1 0.5528846153846154 0.6358173076923077 0.010817307692307692 0.07692307692307693
4 0.9134615384615384 0.6430288461538461 0.027644230769230768 0.078125
2 0.6550480769230769 0.703125 0.019230769230769232 0.08052884615384616
4 0.8137019230769231 0.7223557692307693 0.027644230769230768 0.08774038461538461
2 0.6129807692307693 0.7932692307692307 0.020432692307692308 0.07091346153846154
2 0.5360576923076923 0.8533653846153846 0.020432692307692308 0.08413461538461539
0 0.6754807692307693 0.8641826923076923 0.028846153846153848 0.052884615384615384
4 0.8209134615384616 0.8701923076923077 0.03125 0.08413461538461539
3 0.7824519230769231 0.8918269230769231 0.02403846153846154 0.10576923076923077
2 0.47475961538461536 0.9206730769230769 0.021634615384615384 0.0889423076923077
4 0.7620192307692307 0.9206730769230769 0.027644230769230768 0.0829326923076923
4 0.5480769230769231 0.9759615384615384 0.04326923076923077 0.04326923076923077