4 0.2692307692307692 0.03365384615384615 0.038461538461538464 0.0673076923076923
4 0.25721153846153844 0.13221153846153846 0.03365384615384615 0.0889423076923077
0 0.12139423076923077 0.2403846153846154 0.03485576923076923 0.04927884615384615
3 0.16346153846153846 0.2800480769230769 0.02403846153846154 0.10336538461538461
4 0.3870192307692308 0.3557692307692308 0.03365384615384615 0.10096153846153846
4 0.10576923076923077 0.390625 0.04326923076923077 0.03125
2 0.59375 0.039663461538461536 0.028846153846153848 0.07932692307692307
3 0.4266826923076923 0.0889423076923077 0.016826923076923076 0.07211538461538461
0 0.4567307692307692 0.11538461538461539 0.03245192307692308 0.07091346153846154
2 0.6358173076923077 0.11778846153846154 0.030048076923076924 0.07091346153846154
2 0.6490384615384616 0.2127403846153846 0.02283653846153846 0.07932692307692307
4 0.4639423076923077 0.28365384615384615 0.03365384615384615 0.09735576923076923
1 0.6490384615384616 0.30528846153846156 0.016826923076923076 0.11057692307692307
2 0.23677884615384615 0.4807692307692308 0.03245192307692308 0.1141826923076923
2 0.12740384615384615 0.5913461538461539 0.036057692307692304 0.08533653846153846
0 0.018028846153846152 0.6454326923076923 0.036057692307692304 0.0889423076923077
2 0.203125 0.6862980769230769 0.036057692307692304 0.11899038461538461
1 0.26802884615384615 0.8293269230769231 0.042067307692307696 0.14302884615384615
1 0.921875 0.49038461538461536 0.018028846153846152 0.07211538461538461
1 0.6322115384615384 0.6334134615384616 0.016826923076923076 0.09134615384615384
2 0.9158653846153846 0.6538461538461539 0.02403846153846154 0.0829326923076923
2 0.9074519230769231 0.7524038461538461 0.019230769230769232 0.09134615384615384
1 0.7439903846153846 0.8557692307692307 0.028846153846153848 0.109375
2 0.9771634615384616 0.8966346153846154 0.019230769230769232 0.10096153846153846
1 0.8774038461538461 0.9759615384615384 0.02403846153846154 0.04326923076923077