1 0.29086538461538464 0.036057692307692304 0.028846153846153848 0.07211538461538461
1 0.4831730769230769 0.11538461538461539 0.018028846153846152 0.10336538461538461
4 0.6057692307692307 0.11538461538461539 0.038461538461538464 0.08533653846153846
1 0.23918269230769232 0.12740384615384615 0.016826923076923076 0.12379807692307693
4 0.5637019230769231 0.140625 0.03245192307692308 0.0673076923076923
4 0.625 0.21634615384615385 0.027644230769230768 0.09375
2 0.35216346153846156 0.2439903846153846 0.03125 0.10336538461538461
1 0.04326923076923077 0.2644230769230769 0.026442307692307692 0.10817307692307693
3 0.7055288461538461 0.3137019230769231 0.025240384615384616 0.1141826923076923
0 0.5432692307692307 0.33052884615384615 0.03485576923076923 0.07692307692307693
2 0.35336538461538464 0.35336538461538464 0.03365384615384615 0.0673076923076923
3 0.9254807692307693 0.26322115384615385 0.025240384615384616 0.0625
4 0.9206730769230769 0.328125 0.025240384615384616 0.08173076923076923
4 0.16826923076923078 0.4567307692307692 0.02403846153846154 0.07091346153846154
1 0.3737980769230769 0.46153846153846156 0.02283653846153846 0.08413461538461539
4 0.1141826923076923 0.5336538461538461 0.019230769230769232 0.08653846153846154
2 0.28125 0.6105769230769231 0.02283653846153846 0.09495192307692307
1 0.5120192307692307 0.625 0.027644230769230768 0.07572115384615384
0 0.09134615384615384 0.7139423076923077 0.03125 0.07932692307692307
2 0.24278846153846154 0.75 0.02283653846153846 0.10096153846153846
2 0.12379807692307693 0.828125 0.028846153846153848 0.0889423076923077
1 0.21754807692307693 0.9122596153846154 0.026442307692307692 0.09735576923076923
4 0.015625 0.9158653846153846 0.03125 0.0673076923076923
4 0.4651442307692308 0.9591346153846154 0.03125 0.07692307692307693
1 0.7884615384615384 0.5180288461538461 0.021634615384615384 0.09975961538461539
3 0.9903846153846154 0.5264423076923077 0.014423076923076924 0.052884615384615384
4 0.9735576923076923 0.8004807692307693 0.03245192307692308 0.09615384615384616
4 0.9278846153846154 0.8257211538461539 0.03365384615384615 0.10216346153846154