3 0.203125 0.009615384615384616 0.016826923076923076 0.019230769230769232
0 0.35216346153846156 0.02403846153846154 0.040865384615384616 0.04807692307692308
4 0.18028846153846154 0.0829326923076923 0.026442307692307692 0.08653846153846154
2 0.36177884615384615 0.17548076923076922 0.02283653846153846 0.09495192307692307
4 0.22716346153846154 0.3004807692307692 0.040865384615384616 0.07211538461538461
4 0.65625 0.014423076923076924 0.028846153846153848 0.028846153846153848
1 0.7043269230769231 0.020432692307692308 0.02403846153846154 0.040865384615384616
4 0.6033653846153846 0.09615384615384616 0.026442307692307692 0.07451923076923077
1 0.6646634615384616 0.09615384615384616 0.02283653846153846 0.036057692307692304
2 0.6706730769230769 0.14182692307692307 0.02283653846153846 0.07932692307692307
3 0.4855769230769231 0.21634615384615385 0.02403846153846154 0.0829326923076923
0 0.6009615384615384 0.24639423076923078 0.027644230769230768 0.052884615384615384
4 0.5264423076923077 0.30528846153846156 0.03365384615384615 0.0625
2 0.6201923076923077 0.3137019230769231 0.02403846153846154 0.04567307692307692
1 0.16105769230769232 0.47115384615384615 0.019230769230769232 0.08653846153846154
1 0.3858173076923077 0.5901442307692307 0.021634615384615384 0.07932692307692307
2 0.3173076923076923 0.7836538461538461 0.020432692307692308 0.0829326923076923
2 0.328125 0.8858173076923077 0.027644230769230768 0.07091346153846154
2 0.34615384615384615 0.9567307692307693 0.028846153846153848 0.08173076923076923
1 0.7728365384615384 0.43028846153846156 0.015625 0.08653846153846154
4 0.5709134615384616 0.4855769230769231 0.040865384615384616 0.09375
2 0.6237980769230769 0.5540865384615384 0.030048076923076924 0.10336538461538461
4 0.5096153846153846 0.6057692307692307 0.026442307692307692 0.07932692307692307
1 0.9194711538461539 0.6165865384615384 0.019230769230769232 0.10336538461538461
2 0.7403846153846154 0.6911057692307693 0.015625 0.1141826923076923
3 0.5240384615384616 0.6911057692307693 0.026442307692307692 0.06971153846153846
0 0.5588942307692307 0.7115384615384616 0.028846153846153848 0.06370192307692307
2 0.7175480769230769 0.8040865384615384 0.018028846153846152 0.09975961538461539
2 0.5757211538461539 0.8533653846153846 0.03125 0.10697115384615384
1 0.9867788461538461 0.9615384615384616 0.021634615384615384 0.07211538461538461
4 0.4831730769230769 0.9783653846153846 0.03365384615384615 0.038461538461538464