4 0.5600961538461539 0.08052884615384616 0.019230769230769232 0.0889423076923077
1 0.38822115384615385 0.11899038461538461 0.018028846153846152 0.10697115384615384
2 0.4050480769230769 0.3233173076923077 0.021634615384615384 0.11177884615384616
2 0.421875 0.34375 0.015625 0.11177884615384616
0 0.5829326923076923 0.35336538461538464 0.007211538461538462 0.0673076923076923
1 0.4735576923076923 0.5132211538461539 0.02403846153846154 0.08413461538461539
1 0.16706730769230768 0.5384615384615384 0.026442307692307692 0.03365384615384615
4 0.7704326923076923 0.02403846153846154 0.021634615384615384 0.04807692307692308
1 0.9879807692307693 0.020432692307692308 0.019230769230769232 0.040865384615384616
4 0.7956730769230769 0.11899038461538461 0.027644230769230768 0.0829326923076923
2 0.9375 0.12980769230769232 0.02283653846153846 0.07451923076923077
2 0.8485576923076923 0.15985576923076922 0.027644230769230768 0.07572115384615384
3 0.7019230769230769 0.27283653846153844 0.02403846153846154 0.09735576923076923
0 0.8209134615384616 0.2776442307692308 0.027644230769230768 0.04927884615384615
4 0.8665865384615384 0.38221153846153844 0.027644230769230768 0.07932692307692307
4 0.8245192307692307 0.4519230769230769 0.021634615384615384 0.09495192307692307
4 0.7980769230769231 0.49278846153846156 0.028846153846153848 0.08653846153846154
2 0.2704326923076923 0.625 0.03485576923076923 0.07932692307692307
2 0.15625 0.6430288461538461 0.03125 0.06971153846153846
4 0.32211538461538464 0.671875 0.027644230769230768 0.06610576923076923
2 0.10336538461538461 0.734375 0.03125 0.09254807692307693
3 0.30528846153846156 0.7403846153846154 0.03485576923076923 0.08173076923076923
0 0.265625 0.7487980769230769 0.03245192307692308 0.06009615384615385
4 0.5084134615384616 0.7920673076923077 0.03125 0.10576923076923077
2 0.17307692307692307 0.8665865384615384 0.046875 0.09254807692307693
4 0.24759615384615385 0.8713942307692307 0.025240384615384616 0.0733173076923077
1 0.026442307692307692 0.8846153846153846 0.027644230769230768 0.09254807692307693
4 0.27163461538461536 0.8942307692307693 0.03125 0.08173076923076923
4 0.25841346153846156 0.9375 0.026442307692307692 0.1201923076923077
1 0.0829326923076923 0.9483173076923077 0.03125 0.0985576923076923
4 0.7728365384615384 0.8341346153846154 0.02283653846153846 0.07211538461538461
3 0.8004807692307693 0.8605769230769231 0.026442307692307692 0.08653846153846154
0 0.6995192307692307 0.9002403846153846 0.03485576923076923 0.06370192307692307
2 0.6009615384615384 0.9579326923076923 0.02403846153846154 0.07932692307692307
4 0.8665865384615384 0.9807692307692307 0.026442307692307692 0.03365384615384615
1 0.6826923076923077 0.9891826923076923 0.028846153846153848 0.016826923076923076