1 0.5673076923076923 0.015625 0.019230769230769232 0.03125
1 0.4519230769230769 0.0673076923076923 0.018028846153846152 0.07932692307692307
4 0.5673076923076923 0.12620192307692307 0.016826923076923076 0.078125
1 0.3641826923076923 0.15865384615384615 0.014423076923076924 0.0673076923076923
2 0.4387019230769231 0.17668269230769232 0.018028846153846152 0.07692307692307693
2 0.3737980769230769 0.2644230769230769 0.025240384615384616 0.07451923076923077
4 0.6081730769230769 0.2860576923076923 0.014423076923076924 0.07211538461538461
0 0.4699519230769231 0.28966346153846156 0.020432692307692308 0.042067307692307696
3 0.5637019230769231 0.31490384615384615 0.016826923076923076 0.09134615384615384
2 0.33052884615384615 0.36899038461538464 0.027644230769230768 0.05889423076923077
1 0.23557692307692307 0.4098557692307692 0.025240384615384616 0.07451923076923077
4 0.4206730769230769 0.46153846153846156 0.02403846153846154 0.08173076923076923
1 0.21754807692307693 0.5300480769230769 0.021634615384615384 0.0829326923076923
4 0.31490384615384615 0.5480769230769231 0.019230769230769232 0.07692307692307693
1 0.9543269230769231 0.21514423076923078 0.02403846153846154 0.11538461538461539
2 0.9927884615384616 0.2439903846153846 0.009615384615384616 0.0889423076923077
2 0.8713942307692307 0.39903846153846156 0.03365384615384615 0.10817307692307693
2 0.8461538461538461 0.5168269230769231 0.038461538461538464 0.13942307692307693
1 0.7596153846153846 0.5745192307692307 0.028846153846153848 0.02403846153846154
4 0.4795673076923077 0.6370192307692307 0.040865384615384616 0.09615384615384616
2 0.33413461538461536 0.6454326923076923 0.028846153846153848 0.11298076923076923
1 0.3004807692307692 0.7079326923076923 0.02403846153846154 0.09975961538461539
4 0.44711538461538464 0.75 0.04326923076923077 0.1045673076923077
1 0.38822115384615385 0.7872596153846154 0.03125 0.10697115384615384
4 0.7259615384615384 0.7403846153846154 0.026442307692307692 0.0733173076923077
1 0.6322115384615384 0.7427884615384616 0.02403846153846154 0.06850961538461539
4 0.7463942307692307 0.8641826923076923 0.026442307692307692 0.078125
4 0.7980769230769231 0.9639423076923077 0.037259615384615384 0.037259615384615384
4 0.9230769230769231 0.9735576923076923 0.019230769230769232 0.04807692307692308
2 0.6322115384615384 0.9747596153846154 0.02403846153846154 0.04567307692307692