4 0.2620192307692308 0.0733173076923077 0.03485576923076923 0.08533653846153846
1 0.10096153846153846 0.08173076923076923 0.02403846153846154 0.0829326923076923
4 0.3088942307692308 0.10817307692307693 0.02403846153846154 0.0829326923076923
1 0.057692307692307696 0.18389423076923078 0.021634615384615384 0.11778846153846154
3 0.515625 0.32091346153846156 0.025240384615384616 0.11177884615384616
2 0.16105769230769232 0.33052884615384615 0.019230769230769232 0.11538461538461539
0 0.33052884615384615 0.3762019230769231 0.040865384615384616 0.08173076923076923
4 0.5300480769230769 0.38100961538461536 0.01201923076923077 0.11298076923076923
2 0.16706730769230768 0.453125 0.026442307692307692 0.10336538461538461
1 0.23918269230769232 0.625 0.02403846153846154 0.13341346153846154
4 0.4879807692307692 0.625 0.04807692307692308 0.1045673076923077
1 0.9855769230769231 0.06129807692307692 0.015625 0.10096153846153846
4 0.7884615384615384 0.12379807692307693 0.030048076923076924 0.027644230769230768
1 0.921875 0.1310096153846154 0.019230769230769232 0.09615384615384616
4 0.7944711538461539 0.16826923076923078 0.03485576923076923 0.05048076923076923
3 0.7668269230769231 0.24158653846153846 0.027644230769230768 0.06610576923076923
4 0.5661057692307693 0.24278846153846154 0.027644230769230768 0.09495192307692307
2 0.9411057692307693 0.24639423076923078 0.021634615384615384 0.0829326923076923
0 0.796875 0.2692307692307692 0.027644230769230768 0.07091346153846154
2 0.9338942307692307 0.33653846153846156 0.026442307692307692 0.09014423076923077
4 0.7319711538461539 0.4543269230769231 0.020432692307692308 0.09254807692307693
2 0.8401442307692307 0.47115384615384615 0.021634615384615384 0.1045673076923077
4 0.6911057692307693 0.484375 0.03485576923076923 0.08533653846153846
1 0.3473557692307692 0.9375 0.016826923076923076 0.0829326923076923
4 0.765625 0.8413461538461539 0.030048076923076924 0.07091346153846154
1 0.8473557692307693 0.8533653846153846 0.03245192307692308 0.09615384615384616