2 0.03125 0.11298076923076923 0.03485576923076923 0.07692307692307693
1 0.4519230769230769 0.18269230769230768 0.02403846153846154 0.11057692307692307
2 0.018028846153846152 0.18990384615384615 0.03485576923076923 0.0829326923076923
1 0.6862980769230769 0.013221153846153846 0.026442307692307692 0.026442307692307692
2 0.5793269230769231 0.038461538461538464 0.02283653846153846 0.07451923076923077
2 0.6670673076923077 0.30408653846153844 0.02403846153846154 0.07932692307692307
1 0.8641826923076923 0.32211538461538464 0.02403846153846154 0.09375
2 0.6682692307692307 0.3942307692307692 0.015625 0.11177884615384616
4 0.5096153846153846 0.48197115384615385 0.014423076923076924 0.04567307692307692
1 0.24639423076923078 0.4951923076923077 0.026442307692307692 0.07211538461538461
2 0.39903846153846156 0.6177884615384616 0.02283653846153846 0.08533653846153846
2 0.35216346153846156 0.6802884615384616 0.03245192307692308 0.06850961538461539
0 0.46875 0.6814903846153846 0.038461538461538464 0.06850961538461539
1 0.32211538461538464 0.7776442307692307 0.02403846153846154 0.10576923076923077
4 0.4723557692307692 0.8233173076923077 0.037259615384615384 0.07692307692307693
1 0.21754807692307693 0.8689903846153846 0.025240384615384616 0.12259615384615384
2 0.5228365384615384 0.47716346153846156 0.007211538461538462 0.036057692307692304
2 0.6153846153846154 0.5360576923076923 0.025240384615384616 0.0673076923076923
2 0.6165865384615384 0.6057692307692307 0.028846153846153848 0.08653846153846154
1 0.9663461538461539 0.6526442307692307 0.02283653846153846 0.09495192307692307
1 0.7331730769230769 0.7620192307692307 0.026442307692307692 0.10576923076923077
1 0.5901442307692307 0.8810096153846154 0.027644230769230768 0.109375