2 0.46153846153846156 0.014423076923076924 0.02403846153846154 0.028846153846153848
4 0.2247596153846154 0.039663461538461536 0.02283653846153846 0.037259615384615384
2 0.4567307692307692 0.08413461538461539 0.016826923076923076 0.07932692307692307
1 0.6358173076923077 0.0889423076923077 0.021634615384615384 0.08653846153846154
3 0.2247596153846154 0.10697115384615384 0.013221153846153846 0.09735576923076923
0 0.3329326923076923 0.12259615384615384 0.025240384615384616 0.04807692307692308
2 0.41466346153846156 0.16947115384615385 0.016826923076923076 0.06610576923076923
4 0.2980769230769231 0.2764423076923077 0.025240384615384616 0.078125
1 0.5348557692307693 0.30528846153846156 0.015625 0.08774038461538461
4 0.24519230769230768 0.3870192307692308 0.027644230769230768 0.08052884615384616
1 0.46875 0.40384615384615385 0.019230769230769232 0.04326923076923077
2 0.3641826923076923 0.45913461538461536 0.04567307692307692 0.0625
3 0.6274038461538461 0.5276442307692307 0.025240384615384616 0.125
0 0.4579326923076923 0.5588942307692307 0.030048076923076924 0.06009615384615385
2 0.25961538461538464 0.6081730769230769 0.03125 0.11177884615384616
4 0.5276442307692307 0.6622596153846154 0.03365384615384615 0.07211538461538461
4 0.578125 0.6814903846153846 0.05048076923076923 0.0829326923076923
2 0.31971153846153844 0.6887019230769231 0.038461538461538464 0.11177884615384616
2 0.4963942307692308 0.7055288461538461 0.028846153846153848 0.10336538461538461
1 0.5865384615384616 0.9483173076923077 0.03365384615384615 0.0985576923076923
1 0.6574519230769231 0.65625 0.016826923076923076 0.125
1 0.9519230769230769 0.9627403846153846 0.03365384615384615 0.06971153846153846