1 0.03365384615384615 0.11057692307692307 0.014423076923076924 0.08533653846153846
2 0.2403846153846154 0.13581730769230768 0.02283653846153846 0.08774038461538461
0 0.36778846153846156 0.19230769230769232 0.019230769230769232 0.0625
2 0.23557692307692307 0.22355769230769232 0.025240384615384616 0.06370192307692307
2 0.2776442307692308 0.38100961538461536 0.028846153846153848 0.10336538461538461
1 0.06129807692307692 0.47596153846153844 0.027644230769230768 0.09134615384615384
1 0.16466346153846154 0.6129807692307693 0.03125 0.08653846153846154
4 0.6706730769230769 0.07692307692307693 0.03125 0.07091346153846154
1 0.49158653846153844 0.08413461538461539 0.021634615384615384 0.07211538461538461
4 0.7367788461538461 0.21514423076923078 0.028846153846153848 0.07091346153846154
2 0.5144230769230769 0.2932692307692308 0.025240384615384616 0.08413461538461539
2 0.5264423076923077 0.43509615384615385 0.019230769230769232 0.07451923076923077
3 0.8713942307692307 0.43990384615384615 0.02403846153846154 0.09495192307692307
0 0.7379807692307693 0.4807692307692308 0.030048076923076924 0.05889423076923077
4 0.9242788461538461 0.49759615384615385 0.027644230769230768 0.08774038461538461
2 0.5961538461538461 0.5540865384615384 0.019230769230769232 0.09495192307692307
4 0.8461538461538461 0.5564903846153846 0.025240384615384616 0.07932692307692307
2 0.7235576923076923 0.5829326923076923 0.019230769230769232 0.08413461538461539
1 0.46274038461538464 0.6213942307692307 0.026442307692307692 0.06971153846153846
4 0.28125 0.7091346153846154 0.038461538461538464 0.10096153846153846
4 0.21514423076923078 0.7980769230769231 0.04567307692307692 0.10336538461538461
1 0.09975961538461539 0.8581730769230769 0.026442307692307692 0.0829326923076923
4 0.18870192307692307 0.8713942307692307 0.030048076923076924 0.06610576923076923
2 0.5204326923076923 0.6730769230769231 0.026442307692307692 0.028846153846153848
2 0.5036057692307693 0.7319711538461539 0.02403846153846154 0.0829326923076923
0 0.40024038461538464 0.7524038461538461 0.030048076923076924 0.04807692307692308
1 0.7367788461538461 0.8425480769230769 0.028846153846153848 0.11658653846153846
2 0.4855769230769231 0.8786057692307693 0.020432692307692308 0.11057692307692307