1 0.29447115384615385 0.07932692307692307 0.019230769230769232 0.07692307692307693
2 0.038461538461538464 0.11899038461538461 0.03365384615384615 0.055288461538461536
2 0.11298076923076923 0.19591346153846154 0.02403846153846154 0.07932692307692307
0 0.003605769230769231 0.24519230769230768 0.007211538461538462 0.0625
2 0.14543269230769232 0.2860576923076923 0.021634615384615384 0.09134615384615384
2 0.019230769230769232 0.36778846153846156 0.03245192307692308 0.07932692307692307
1 0.4579326923076923 0.4639423076923077 0.018028846153846152 0.0829326923076923
3 0.6682692307692307 0.05889423076923077 0.01201923076923077 0.08533653846153846
0 0.7896634615384616 0.10096153846153846 0.03365384615384615 0.0673076923076923
2 0.9326923076923077 0.18389423076923078 0.020432692307692308 0.09134615384615384
4 0.7475961538461539 0.19230769230769232 0.02283653846153846 0.08653846153846154
4 0.6911057692307693 0.31490384615384615 0.030048076923076924 0.07451923076923077
1 0.9711538461538461 0.375 0.025240384615384616 0.08653846153846154
4 0.6201923076923077 0.5480769230769231 0.036057692307692304 0.08653846153846154
4 0.890625 0.5757211538461539 0.03125 0.06009615384615385
4 0.21995192307692307 0.640625 0.03125 0.06490384615384616
2 0.9002403846153846 0.6322115384615384 0.036057692307692304 0.04807692307692308
4 0.6923076923076923 0.8786057692307693 0.03245192307692308 0.09615384615384616
1 0.8100961538461539 0.8822115384615384 0.025240384615384616 0.11899038461538461
4 0.6490384615384616 0.9122596153846154 0.040865384615384616 0.09975961538461539
1 0.9134615384615384 0.9819711538461539 0.028846153846153848 0.03125