2 0.3317307692307692 0.09134615384615384 0.026442307692307692 0.09014423076923077
4 0.15264423076923078 0.18509615384615385 0.027644230769230768 0.08413461538461539
1 0.4855769230769231 0.18629807692307693 0.018028846153846152 0.08413461538461539
4 0.15865384615384615 0.32211538461538464 0.02283653846153846 0.0829326923076923
1 0.25961538461538464 0.3485576923076923 0.027644230769230768 0.09014423076923077
4 0.14423076923076922 0.4338942307692308 0.025240384615384616 0.07932692307692307
1 0.4230769230769231 0.4735576923076923 0.02403846153846154 0.09495192307692307
1 0.7740384615384616 0.12860576923076922 0.016826923076923076 0.04807692307692308
4 0.9459134615384616 0.13341346153846154 0.028846153846153848 0.07091346153846154
2 0.8557692307692307 0.17307692307692307 0.021634615384615384 0.09134615384615384
4 0.9050480769230769 0.18269230769230768 0.026442307692307692 0.11057692307692307
2 0.7776442307692307 0.2091346153846154 0.020432692307692308 0.09975961538461539
4 0.9447115384615384 0.21634615384615385 0.026442307692307692 0.09014423076923077
1 0.6009615384615384 0.33653846153846156 0.02403846153846154 0.10576923076923077
2 0.75 0.3701923076923077 0.019230769230769232 0.11057692307692307
0 0.90625 0.41586538461538464 0.03125 0.0733173076923077
2 0.7800480769230769 0.5060096153846154 0.019230769230769232 0.11899038461538461
4 0.9314903846153846 0.5649038461538461 0.05048076923076923 0.08173076923076923
1 0.8016826923076923 0.5673076923076923 0.021634615384615384 0.07692307692307693
2 0.45552884615384615 0.6189903846153846 0.026442307692307692 0.021634615384615384
4 0.2548076923076923 0.6502403846153846 0.02403846153846154 0.08413461538461539
2 0.4567307692307692 0.6778846153846154 0.015625 0.11177884615384616
4 0.2283653846153846 0.6850961538461539 0.028846153846153848 0.08653846153846154
1 0.5372596153846154 0.8930288461538461 0.020432692307692308 0.11538461538461539
4 0.24158653846153846 0.9399038461538461 0.028846153846153848 0.09615384615384616
2 0.8533653846153846 0.7920673076923077 0.02403846153846154 0.054086538461538464
4 0.9206730769230769 0.796875 0.025240384615384616 0.10216346153846154
2 0.8052884615384616 0.8954326923076923 0.02403846153846154 0.07692307692307693
0 0.8485576923076923 0.9254807692307693 0.030048076923076924 0.028846153846153848
2 0.7908653846153846 0.9266826923076923 0.030048076923076924 0.056490384615384616
3 0.9879807692307693 0.9399038461538461 0.019230769230769232 0.10576923076923077
1 0.7331730769230769 0.71875 0.016826923076923076 0.08774038461538461