1 0.3762019230769231 0.02283653846153846 0.026442307692307692 0.04567307692307692
4 0.5072115384615384 0.039663461538461536 0.038461538461538464 0.07932692307692307
4 0.1935096153846154 0.17067307692307693 0.03485576923076923 0.11899038461538461
3 0.9519230769230769 0.27163461538461536 0.02403846153846154 0.11057692307692307
0 0.8076923076923077 0.30288461538461536 0.04807692307692308 0.04807692307692308
4 0.7379807692307693 0.037259615384615384 0.03365384615384615 0.07451923076923077
4 0.2668269230769231 0.3401442307692308 0.04807692307692308 0.021634615384615384
1 0.15865384615384615 0.35336538461538464 0.03365384615384615 0.04807692307692308
4 0.29086538461538464 0.46033653846153844 0.03485576923076923 0.10216346153846154
1 0.20793269230769232 0.4795673076923077 0.025240384615384616 0.10216346153846154
2 0.2692307692307692 0.5456730769230769 0.04927884615384615 0.07932692307692307
3 0.53125 0.6430288461538461 0.037259615384615384 0.11899038461538461
0 0.35697115384615385 0.6766826923076923 0.03485576923076923 0.08533653846153846
2 0.18509615384615385 0.6802884615384616 0.027644230769230768 0.13221153846153846
4 0.5793269230769231 0.6814903846153846 0.03125 0.13581730769230768
4 0.48677884615384615 0.7908653846153846 0.03365384615384615 0.11538461538461539
1 0.3112980769230769 0.8112980769230769 0.027644230769230768 0.12980769230769232
2 0.3605769230769231 0.8245192307692307 0.039663461538461536 0.10336538461538461
4 0.47596153846153844 0.8846153846153846 0.046875 0.11538461538461539
1 0.38100961538461536 0.9074519230769231 0.03365384615384615 0.10336538461538461
1 0.984375 0.3701923076923077 0.021634615384615384 0.08173076923076923
2 0.8149038461538461 0.4254807692307692 0.02403846153846154 0.10697115384615384
2 0.8028846153846154 0.5649038461538461 0.020432692307692308 0.13581730769230768
2 0.7295673076923077 0.6262019230769231 0.025240384615384616 0.12980769230769232
1 0.7608173076923077 0.7980769230769231 0.027644230769230768 0.1310096153846154