2 0.10576923076923077 0.15144230769230768 0.026442307692307692 0.09495192307692307
1 0.3245192307692308 0.15264423076923078 0.019230769230769232 0.09254807692307693
2 0.15745192307692307 0.21995192307692307 0.028846153846153848 0.09134615384615384
1 0.2824519230769231 0.5072115384615384 0.028846153846153848 0.11538461538461539
4 0.140625 0.5216346153846154 0.042067307692307696 0.09975961538461539
4 0.6490384615384616 0.051682692307692304 0.019230769230769232 0.06009615384615385
1 0.5649038461538461 0.054086538461538464 0.013221153846153846 0.06610576923076923
4 0.6466346153846154 0.1201923076923077 0.03485576923076923 0.07211538461538461
2 0.6081730769230769 0.16706730769230768 0.009615384615384616 0.07451923076923077
1 0.4723557692307692 0.1971153846153846 0.013221153846153846 0.055288461538461536
4 0.6983173076923077 0.1971153846153846 0.026442307692307692 0.051682692307692304
2 0.5516826923076923 0.21153846153846154 0.018028846153846152 0.038461538461538464
4 0.8401442307692307 0.24759615384615385 0.019230769230769232 0.08052884615384616
3 0.7740384615384616 0.25 0.021634615384615384 0.08413461538461539
0 0.6766826923076923 0.27524038461538464 0.019230769230769232 0.04567307692307692
2 0.5588942307692307 0.27524038461538464 0.013221153846153846 0.06610576923076923
2 0.6802884615384616 0.3545673076923077 0.019230769230769232 0.07932692307692307
1 0.4831730769230769 0.4050480769230769 0.019230769230769232 0.06129807692307692
4 0.7872596153846154 0.5829326923076923 0.016826923076923076 0.06490384615384616
1 0.7271634615384616 0.5877403846153846 0.021634615384615384 0.055288461538461536
1 0.18028846153846154 0.6742788461538461 0.018028846153846152 0.08173076923076923
1 0.16346153846153846 0.765625 0.02283653846153846 0.10576923076923077
4 0.7319711538461539 0.6442307692307693 0.036057692307692304 0.052884615384615384
4 0.7800480769230769 0.6586538461538461 0.036057692307692304 0.08173076923076923
2 0.8461538461538461 0.6622596153846154 0.02403846153846154 0.0889423076923077
4 0.7524038461538461 0.7548076923076923 0.03365384615384615 0.09735576923076923
1 0.9290865384615384 0.765625 0.025240384615384616 0.10336538461538461