3 0.05889423076923077 0.054086538461538464 0.026442307692307692 0.10817307692307693
0 0.2247596153846154 0.0985576923076923 0.04447115384615385 0.08533653846153846
4 0.11899038461538461 0.5012019230769231 0.036057692307692304 0.03125
1 0.53125 0.234375 0.021634615384615384 0.0889423076923077
2 0.5901442307692307 0.28846153846153844 0.016826923076923076 0.09134615384615384
3 0.9110576923076923 0.2980769230769231 0.019230769230769232 0.06129807692307692
0 0.7680288461538461 0.35216346153846156 0.036057692307692304 0.052884615384615384
2 0.6105769230769231 0.3629807692307692 0.014423076923076924 0.09735576923076923
4 0.3894230769230769 0.4675480769230769 0.019230769230769232 0.09375
4 0.8052884615384616 0.47836538461538464 0.038461538461538464 0.07692307692307693
4 0.8076923076923077 0.009615384615384616 0.028846153846153848 0.019230769230769232
1 0.6526442307692307 0.03485576923076923 0.021634615384615384 0.06971153846153846
4 0.8365384615384616 0.11778846153846154 0.030048076923076924 0.0889423076923077
1 0.6971153846153846 0.11899038461538461 0.016826923076923076 0.09735576923076923
1 0.28125 0.6117788461538461 0.02283653846153846 0.0733173076923077
4 0.14423076923076922 0.7463942307692307 0.020432692307692308 0.08533653846153846
1 0.23197115384615385 0.7680288461538461 0.02283653846153846 0.09254807692307693
2 0.25721153846153844 0.9615384615384616 0.028846153846153848 0.07211538461538461
0 0.09735576923076923 0.9735576923076923 0.03125 0.04807692307692308
4 0.21514423076923078 0.5985576923076923 0.028846153846153848 0.09134615384615384
1 0.4254807692307692 0.6045673076923077 0.027644230769230768 0.0625
2 0.43990384615384615 0.6850961538461539 0.02403846153846154 0.078125
2 0.4483173076923077 0.7752403846153846 0.020432692307692308 0.09615384615384616
1 0.7211538461538461 0.9338942307692307 0.020432692307692308 0.09975961538461539
1 0.3858173076923077 0.9375 0.01201923076923077 0.10576923076923077