1 0.3329326923076923 0.24519230769230768 0.027644230769230768 0.07692307692307693
4 0.44711538461538464 0.25 0.027644230769230768 0.09615384615384616
4 0.42908653846153844 0.32572115384615385 0.039663461538461536 0.040865384615384616
1 0.20793269230769232 0.33774038461538464 0.02403846153846154 0.10697115384615384
2 0.25961538461538464 0.35336538461538464 0.026442307692307692 0.07451923076923077
3 0.5817307692307693 0.45072115384615385 0.009615384615384616 0.12740384615384615
2 0.2764423076923077 0.4651442307692308 0.021634615384615384 0.08653846153846154
0 0.43149038461538464 0.4855769230769231 0.039663461538461536 0.0829326923076923
1 0.7596153846153846 0.16346153846153846 0.028846153846153848 0.10697115384615384
1 0.9795673076923077 0.48197115384615385 0.02283653846153846 0.10336538461538461
1 0.47596153846153844 0.5673076923076923 0.019230769230769232 0.057692307692307696
2 0.21153846153846154 0.6081730769230769 0.02403846153846154 0.09375
0 0.08173076923076923 0.6153846153846154 0.038461538461538464 0.054086538461538464
1 0.015625 0.8497596153846154 0.03125 0.09014423076923077
1 0.23798076923076922 0.984375 0.02403846153846154 0.026442307692307692
4 0.9050480769230769 0.5540865384615384 0.040865384615384616 0.03125
3 0.7211538461538461 0.6983173076923077 0.02283653846153846 0.11778846153846154
4 0.6742788461538461 0.7043269230769231 0.027644230769230768 0.10096153846153846
0 0.8581730769230769 0.7223557692307693 0.03125 0.056490384615384616
4 0.7632211538461539 0.8004807692307693 0.030048076923076924 0.09014423076923077
4 0.7752403846153846 0.9579326923076923 0.04567307692307692 0.07932692307692307
2 0.9855769230769231 0.9591346153846154 0.02403846153846154 0.07692307692307693