2 0.0829326923076923 0.016826923076923076 0.026442307692307692 0.03365384615384615
1 0.055288461538461536 0.11899038461538461 0.018028846153846152 0.09975961538461539
1 0.078125 0.4675480769230769 0.02283653846153846 0.09975961538461539
1 0.7223557692307693 0.009615384615384616 0.021634615384615384 0.019230769230769232
2 0.8677884615384616 0.028846153846153848 0.019230769230769232 0.057692307692307696
0 0.9855769230769231 0.03485576923076923 0.02403846153846154 0.04567307692307692
2 0.890625 0.06490384615384616 0.01201923076923077 0.06370192307692307
1 0.9651442307692307 0.23798076923076922 0.019230769230769232 0.0829326923076923
1 0.7427884615384616 0.25721153846153844 0.018028846153846152 0.078125
2 0.3894230769230769 0.5997596153846154 0.02403846153846154 0.040865384615384616
1 0.13822115384615385 0.8173076923076923 0.018028846153846152 0.11057692307692307
1 0.4831730769230769 0.8269230769230769 0.020432692307692308 0.11658653846153846
2 0.43028846153846156 0.9627403846153846 0.028846153846153848 0.06971153846153846
2 0.7319711538461539 0.6021634615384616 0.03125 0.04567307692307692
4 0.5072115384615384 0.6225961538461539 0.014423076923076924 0.08653846153846154
2 0.6237980769230769 0.625 0.026442307692307692 0.09134615384615384
1 0.8028846153846154 0.7163461538461539 0.026442307692307692 0.11057692307692307