2 0.21634615384615385 0.1622596153846154 0.03365384615384615 0.1201923076923077
3 0.014423076923076924 0.23798076923076922 0.028846153846153848 0.11538461538461539
0 0.06129807692307692 0.24158653846153846 0.038461538461538464 0.0625
2 0.23677884615384615 0.3293269230769231 0.036057692307692304 0.125
4 0.06009615384615385 0.3762019230769231 0.052884615384615384 0.040865384615384616
2 0.9483173076923077 0.0889423076923077 0.018028846153846152 0.11298076923076923
2 0.9747596153846154 0.14302884615384615 0.02403846153846154 0.11658653846153846
0 0.7728365384615384 0.14903846153846154 0.042067307692307696 0.07451923076923077
3 0.7367788461538461 0.15264423076923078 0.03485576923076923 0.12860576923076922
4 0.515625 0.203125 0.02283653846153846 0.10817307692307693
4 0.8317307692307693 0.24519230769230768 0.026442307692307692 0.07932692307692307
4 0.7884615384615384 0.2608173076923077 0.036057692307692304 0.0733173076923077
2 0.9735576923076923 0.2608173076923077 0.03365384615384615 0.11658653846153846
4 0.8125 0.3317307692307692 0.03365384615384615 0.09375
4 0.16826923076923078 0.5060096153846154 0.03245192307692308 0.11538461538461539
3 0.25240384615384615 0.5853365384615384 0.025240384615384616 0.13581730769230768
4 0.2247596153846154 0.6370192307692307 0.02403846153846154 0.10576923076923077
4 0.8882211538461539 0.5444711538461539 0.025240384615384616 0.09134615384615384
1 0.8257211538461539 0.5480769230769231 0.02283653846153846 0.09014423076923077
2 0.7548076923076923 0.7163461538461539 0.021634615384615384 0.06850961538461539
0 0.8918269230769231 0.7776442307692307 0.04807692307692308 0.06610576923076923
1 0.5036057692307693 0.9459134615384616 0.021634615384615384 0.10336538461538461
1 0.8485576923076923 0.9483173076923077 0.02403846153846154 0.0985576923076923
4 0.9170673076923077 0.9567307692307693 0.040865384615384616 0.08173076923076923
1 0.6514423076923077 0.46033653846153844 0.016826923076923076 0.09735576923076923
4 0.9038461538461539 0.4699519230769231 0.03485576923076923 0.10216346153846154