4 0.328125 0.1935096153846154 0.026442307692307692 0.08774038461538461
3 0.18028846153846154 0.23197115384615385 0.026442307692307692 0.055288461538461536
0 0.15625 0.25600961538461536 0.03485576923076923 0.05889423076923077
2 0.006009615384615385 0.3076923076923077 0.01201923076923077 0.11057692307692307
4 0.21394230769230768 0.3713942307692308 0.03365384615384615 0.057692307692307696
2 0.028846153846153848 0.3701923076923077 0.028846153846153848 0.07211538461538461
4 0.24639423076923078 0.390625 0.03125 0.03125
1 0.8930288461538461 0.054086538461538464 0.036057692307692304 0.10817307692307693
2 0.9158653846153846 0.15865384615384615 0.03365384615384615 0.08173076923076923
4 0.6706730769230769 0.1814903846153846 0.036057692307692304 0.109375
2 0.9399038461538461 0.2283653846153846 0.03125 0.11177884615384616
4 0.5913461538461539 0.25 0.03485576923076923 0.11177884615384616
0 0.7776442307692307 0.2644230769230769 0.037259615384615384 0.055288461538461536
3 0.6117788461538461 0.2920673076923077 0.026442307692307692 0.15384615384615385
4 0.140625 0.5757211538461539 0.020432692307692308 0.03365384615384615
4 0.046875 0.5961538461538461 0.02403846153846154 0.037259615384615384
2 0.2920673076923077 0.6177884615384616 0.020432692307692308 0.0829326923076923
3 0.04326923076923077 0.6574519230769231 0.02283653846153846 0.0829326923076923
0 0.13822115384615385 0.7007211538461539 0.030048076923076924 0.07091346153846154
2 0.24879807692307693 0.7355769230769231 0.030048076923076924 0.07451923076923077
4 0.016826923076923076 0.9026442307692307 0.03245192307692308 0.07932692307692307
1 0.08774038461538461 0.9326923076923077 0.027644230769230768 0.0733173076923077
1 0.43149038461538464 0.9603365384615384 0.036057692307692304 0.07451923076923077
4 0.203125 0.5168269230769231 0.02283653846153846 0.0625
1 0.2620192307692308 0.5192307692307693 0.02283653846153846 0.0625
4 0.5084134615384616 0.4375 0.016826923076923076 0.057692307692307696
4 0.5492788461538461 0.4519230769230769 0.036057692307692304 0.08653846153846154
1 0.7920673076923077 0.4639423076923077 0.026442307692307692 0.11057692307692307
1 0.6298076923076923 0.46875 0.027644230769230768 0.10697115384615384
2 0.7319711538461539 0.5901442307692307 0.030048076923076924 0.13581730769230768
1 0.9879807692307693 0.6298076923076923 0.019230769230769232 0.1346153846153846
0 0.5372596153846154 0.6430288461538461 0.03125 0.08653846153846154
2 0.7127403846153846 0.65625 0.03245192307692308 0.109375
2 0.8233173076923077 0.7475961538461539 0.018028846153846152 0.11177884615384616
4 0.5072115384615384 0.7584134615384616 0.014423076923076924 0.0889423076923077
1 0.7043269230769231 0.84375 0.040865384615384616 0.13942307692307693