2 0.45913461538461536 0.026442307692307692 0.028846153846153848 0.052884615384615384
4 0.013221153846153846 0.05048076923076923 0.021634615384615384 0.10096153846153846
3 0.24158653846153846 0.051682692307692304 0.03365384615384615 0.0829326923076923
4 0.11899038461538461 0.07211538461538461 0.04326923076923077 0.07932692307692307
0 0.2824519230769231 0.08653846153846154 0.03125 0.07572115384615384
2 0.4543269230769231 0.11899038461538461 0.020432692307692308 0.13822115384615385
4 0.296875 0.20673076923076922 0.019230769230769232 0.12980769230769232
4 0.18990384615384615 0.25961538461538464 0.04807692307692308 0.12139423076923077
1 0.46033653846153844 0.390625 0.02403846153846154 0.140625
4 0.09134615384615384 0.39903846153846156 0.051682692307692304 0.12259615384615384
4 0.7199519230769231 0.14903846153846154 0.018028846153846152 0.07932692307692307
1 0.5697115384615384 0.1778846153846154 0.027644230769230768 0.09975961538461539
4 0.7944711538461539 0.2536057692307692 0.021634615384615384 0.08653846153846154
1 0.5240384615384616 0.30528846153846156 0.019230769230769232 0.1045673076923077
4 0.8677884615384616 0.39783653846153844 0.038461538461538464 0.026442307692307692
2 0.6850961538461539 0.4579326923076923 0.038461538461538464 0.055288461538461536
0 0.8966346153846154 0.4795673076923077 0.028846153846153848 0.01201923076923077
0 0.26802884615384615 0.5084134615384616 0.026442307692307692 0.040865384615384616
1 0.4855769230769231 0.5661057692307693 0.02403846153846154 0.0829326923076923
4 0.2247596153846154 0.640625 0.03365384615384615 0.09134615384615384
1 0.35336538461538464 0.7295673076923077 0.018028846153846152 0.08173076923076923
4 0.1622596153846154 0.7487980769230769 0.026442307692307692 0.1045673076923077
1 0.33653846153846156 0.8209134615384616 0.02283653846153846 0.10576923076923077
4 0.11899038461538461 0.9230769230769231 0.04326923076923077 0.11899038461538461
4 0.8978365384615384 0.5480769230769231 0.02283653846153846 0.08173076923076923
3 0.9399038461538461 0.5841346153846154 0.018028846153846152 0.09975961538461539
0 0.7944711538461539 0.6165865384615384 0.028846153846153848 0.056490384615384616
2 0.6730769230769231 0.6189903846153846 0.021634615384615384 0.09375
1 0.5721153846153846 0.7824519230769231 0.030048076923076924 0.09615384615384616
4 0.8942307692307693 0.7956730769230769 0.025240384615384616 0.09014423076923077
1 0.8161057692307693 0.8473557692307693 0.021634615384615384 0.1045673076923077
4 0.9026442307692307 0.9591346153846154 0.036057692307692304 0.07692307692307693
1 0.8557692307692307 0.9615384615384616 0.02403846153846154 0.07211538461538461