2 0.47836538461538464 0.03365384615384615 0.028846153846153848 0.0673076923076923
4 0.5096153846153846 0.125 0.014423076923076924 0.11538461538461539
2 0.5096153846153846 0.2512019230769231 0.014423076923076924 0.12259615384615384
1 0.47836538461538464 0.4735576923076923 0.04807692307692308 0.1310096153846154
1 0.625 0.020432692307692308 0.03365384615384615 0.040865384615384616
4 0.7043269230769231 0.0889423076923077 0.05048076923076923 0.051682692307692304
0 0.6225961538461539 0.19110576923076922 0.042067307692307696 0.06610576923076923
3 0.6622596153846154 0.21995192307692307 0.03125 0.140625
4 0.9110576923076923 0.28966346153846156 0.040865384615384616 0.1310096153846154
4 0.6442307692307693 0.33413461538461536 0.03485576923076923 0.13221153846153846
4 0.5733173076923077 0.3425480769230769 0.037259615384615384 0.1310096153846154
4 0.6129807692307693 0.3870192307692308 0.03125 0.125
2 0.390625 0.6189903846153846 0.03125 0.040865384615384616
2 0.3557692307692308 0.6538461538461539 0.04807692307692308 0.11057692307692307
2 0.09375 0.6694711538461539 0.04326923076923077 0.14182692307692307
3 0.3076923076923077 0.65625 0.039663461538461536 0.09134615384615384
4 0.4795673076923077 0.7175480769230769 0.078125 0.13221153846153846
4 0.4170673076923077 0.7427884615384616 0.07091346153846154 0.09735576923076923
2 0.11298076923076923 0.8064903846153846 0.05889423076923077 0.1622596153846154
0 0.2932692307692308 0.8341346153846154 0.057692307692307696 0.051682692307692304
3 0.3425480769230769 0.8629807692307693 0.052884615384615384 0.14783653846153846
2 0.04567307692307692 0.9278846153846154 0.037259615384615384 0.10697115384615384
4 0.23557692307692307 0.96875 0.07211538461538461 0.057692307692307696
4 0.7548076923076923 0.7175480769230769 0.009615384615384616 0.06610576923076923
4 0.7884615384615384 0.7259615384615384 0.014423076923076924 0.056490384615384616
1 0.8245192307692307 0.7319711538461539 0.016826923076923076 0.05889423076923077
1 0.96875 0.7439903846153846 0.019230769230769232 0.06610576923076923
2 0.8954326923076923 0.796875 0.021634615384615384 0.0625
4 0.8786057692307693 0.8689903846153846 0.02283653846153846 0.06971153846153846
3 0.6778846153846154 0.8701923076923077 0.025240384615384616 0.08413461538461539
0 0.7776442307692307 0.8822115384615384 0.027644230769230768 0.06129807692307692
4 0.6610576923076923 0.90625 0.019230769230769232 0.07451923076923077