4 0.33413461538461536 0.016826923076923076 0.028846153846153848 0.03365384615384615
4 0.28846153846153844 0.10817307692307693 0.02403846153846154 0.07451923076923077
4 0.056490384615384616 0.3076923076923077 0.03125 0.11899038461538461
2 0.3762019230769231 0.3557692307692308 0.021634615384615384 0.08653846153846154
3 0.10216346153846154 0.3473557692307692 0.026442307692307692 0.13701923076923078
0 0.27163461538461536 0.390625 0.04326923076923077 0.05048076923076923
2 0.5528846153846154 0.04447115384615385 0.028846153846153848 0.0889423076923077
4 0.7824519230769231 0.056490384615384616 0.02283653846153846 0.04807692307692308
3 0.7824519230769231 0.11538461538461539 0.036057692307692304 0.09014423076923077
0 0.6622596153846154 0.13942307692307693 0.030048076923076924 0.0625
2 0.6033653846153846 0.1875 0.026442307692307692 0.08533653846153846
1 0.65625 0.30649038461538464 0.036057692307692304 0.10216346153846154
1 0.15264423076923078 0.49158653846153844 0.027644230769230768 0.08774038461538461
1 0.3737980769230769 0.7283653846153846 0.026442307692307692 0.125
1 0.15625 0.9543269230769231 0.019230769230769232 0.08653846153846154
1 0.7608173076923077 0.4362980769230769 0.03125 0.036057692307692304
4 0.875 0.44350961538461536 0.028846153846153848 0.05048076923076923
4 0.8569711538461539 0.49399038461538464 0.039663461538461536 0.040865384615384616
1 0.6358173076923077 0.5060096153846154 0.02403846153846154 0.10697115384615384
2 0.6875 0.5216346153846154 0.026442307692307692 0.07451923076923077
2 0.7043269230769231 0.6334134615384616 0.021634615384615384 0.08653846153846154
0 0.859375 0.6538461538461539 0.039663461538461536 0.0829326923076923
2 0.7548076923076923 0.7512019230769231 0.025240384615384616 0.10336538461538461
4 0.9519230769230769 0.8665865384615384 0.04326923076923077 0.11057692307692307
1 0.8737980769230769 0.9014423076923077 0.03245192307692308 0.12259615384615384