1 0.13221153846153846 0.03485576923076923 0.019230769230769232 0.06971153846153846
1 0.2439903846153846 0.24519230769230768 0.028846153846153848 0.109375
4 0.8028846153846154 0.016826923076923076 0.028846153846153848 0.03365384615384615
2 0.5877403846153846 0.014423076923076924 0.026442307692307692 0.028846153846153848
3 0.8497596153846154 0.026442307692307692 0.026442307692307692 0.052884615384615384
0 0.7211538461538461 0.026442307692307692 0.028846153846153848 0.052884615384615384
2 0.5985576923076923 0.07932692307692307 0.027644230769230768 0.09134615384615384
1 0.6189903846153846 0.24639423076923078 0.02403846153846154 0.10336538461538461
4 0.8004807692307693 0.24639423076923078 0.028846153846153848 0.10336538461538461
4 0.78125 0.3762019230769231 0.039663461538461536 0.10697115384615384
1 0.6346153846153846 0.38822115384615385 0.03125 0.0985576923076923
1 0.34134615384615385 0.6742788461538461 0.009615384615384616 0.10817307692307693
4 0.0829326923076923 0.6911057692307693 0.037259615384615384 0.09495192307692307
2 0.16826923076923078 0.7848557692307693 0.027644230769230768 0.11538461538461539
4 0.07692307692307693 0.8377403846153846 0.037259615384615384 0.07572115384615384
3 0.039663461538461536 0.9278846153846154 0.027644230769230768 0.0829326923076923
2 0.30649038461538464 0.9314903846153846 0.021634615384615384 0.13221153846153846
0 0.078125 0.9639423076923077 0.036057692307692304 0.0673076923076923
2 0.8112980769230769 0.6622596153846154 0.03125 0.0889423076923077
3 0.640625 0.6730769230769231 0.036057692307692304 0.06850961538461539
4 0.4483173076923077 0.6887019230769231 0.028846153846153848 0.09495192307692307
0 0.6694711538461539 0.7067307692307693 0.03365384615384615 0.08173076923076923
2 0.8149038461538461 0.7680288461538461 0.028846153846153848 0.1045673076923077
4 0.6430288461538461 0.84375 0.026442307692307692 0.109375
1 0.7235576923076923 0.8713942307692307 0.025240384615384616 0.12379807692307693
4 0.6069711538461539 0.8942307692307693 0.03365384615384615 0.10336538461538461
1 0.9519230769230769 0.9459134615384616 0.038461538461538464 0.10336538461538461