2 0.3329326923076923 0.09014423076923077 0.007211538461538462 0.09375
4 0.10817307692307693 0.09254807692307693 0.03245192307692308 0.07572115384615384
4 0.007211538461538462 0.1141826923076923 0.014423076923076924 0.06490384615384616
0 0.1622596153846154 0.1935096153846154 0.030048076923076924 0.06971153846153846
2 0.21033653846153846 0.34375 0.026442307692307692 0.10697115384615384
4 0.09735576923076923 0.34975961538461536 0.03125 0.11298076923076923
4 0.016826923076923076 0.36538461538461536 0.028846153846153848 0.08173076923076923
2 0.7439903846153846 0.04927884615384615 0.021634615384615384 0.0985576923076923
2 0.7295673076923077 0.13221153846153846 0.02283653846153846 0.09495192307692307
3 0.5612980769230769 0.14182692307692307 0.02403846153846154 0.07211538461538461
0 0.5889423076923077 0.14423076923076922 0.027644230769230768 0.054086538461538464
4 0.46875 0.17908653846153846 0.028846153846153848 0.07211538461538461
4 0.359375 0.18509615384615385 0.02283653846153846 0.109375
2 0.7704326923076923 0.18870192307692307 0.027644230769230768 0.09134615384615384
4 0.5805288461538461 0.26322115384615385 0.02403846153846154 0.09014423076923077
1 0.6875 0.2860576923076923 0.040865384615384616 0.09495192307692307
2 0.08533653846153846 0.42427884615384615 0.021634615384615384 0.03125
2 0.07091346153846154 0.4735576923076923 0.02283653846153846 0.09495192307692307
2 0.11177884615384616 0.5300480769230769 0.027644230769230768 0.09134615384615384
1 0.028846153846153848 0.6274038461538461 0.040865384615384616 0.09495192307692307
4 0.025240384615384616 0.7944711538461539 0.03365384615384615 0.09375
1 0.15264423076923078 0.796875 0.027644230769230768 0.10096153846153846
1 0.8701923076923077 0.44711538461538464 0.021634615384615384 0.0625
4 0.9435096153846154 0.5372596153846154 0.02283653846153846 0.046875
2 0.7920673076923077 0.5841346153846154 0.02403846153846154 0.0673076923076923
1 0.5709134615384616 0.5901442307692307 0.02283653846153846 0.07451923076923077
0 0.9362980769230769 0.6081730769230769 0.02283653846153846 0.028846153846153848
2 0.7728365384615384 0.6610576923076923 0.026442307692307692 0.078125
4 0.9831730769230769 0.7019230769230769 0.025240384615384616 0.0829326923076923
1 0.5192307692307693 0.7788461538461539 0.030048076923076924 0.07211538461538461
1 0.7680288461538461 0.7800480769230769 0.03485576923076923 0.08774038461538461
4 0.8557692307692307 0.8798076923076923 0.037259615384615384 0.08774038461538461
1 0.5048076923076923 0.9723557692307693 0.028846153846153848 0.05048076923076923