1 0.3076923076923077 0.3942307692307692 0.02403846153846154 0.08653846153846154
1 0.5276442307692307 0.25841346153846156 0.027644230769230768 0.09615384615384616
1 0.4326923076923077 0.46274038461538464 0.02403846153846154 0.04567307692307692
1 0.4014423076923077 0.6610576923076923 0.02283653846153846 0.0985576923076923
2 0.4338942307692308 0.7295673076923077 0.036057692307692304 0.042067307692307696
2 0.43028846153846156 0.7860576923076923 0.038461538461538464 0.06490384615384616
2 0.2668269230769231 0.8605769230769231 0.027644230769230768 0.10096153846153846
0 0.4375 0.9158653846153846 0.026442307692307692 0.04447115384615385
4 0.421875 0.9747596153846154 0.03125 0.04567307692307692
1 0.5985576923076923 0.5889423076923077 0.02403846153846154 0.10576923076923077
4 0.7632211538461539 0.6334134615384616 0.027644230769230768 0.07091346153846154
4 0.8185096153846154 0.6430288461538461 0.037259615384615384 0.06490384615384616
2 0.6550480769230769 0.6875 0.025240384615384616 0.1045673076923077
3 0.8545673076923077 0.7992788461538461 0.03365384615384615 0.0625
0 0.8185096153846154 0.8305288461538461 0.037259615384615384 0.0889423076923077
2 0.6526442307692307 0.8533653846153846 0.027644230769230768 0.1141826923076923
4 0.9795673076923077 0.9711538461538461 0.036057692307692304 0.052884615384615384
2 0.8365384615384616 0.9699519230769231 0.028846153846153848 0.055288461538461536