4 0.3137019230769231 0.25600961538461536 0.007211538461538462 0.10336538461538461
4 0.2439903846153846 0.33774038461538464 0.019230769230769232 0.05889423076923077
4 0.9098557692307693 0.008413461538461538 0.026442307692307692 0.016826923076923076
2 0.6201923076923077 0.015625 0.028846153846153848 0.03125
0 0.7608173076923077 0.03125 0.03125 0.05048076923076923
3 0.9002403846153846 0.04927884615384615 0.026442307692307692 0.0985576923076923
2 0.5829326923076923 0.07091346153846154 0.02403846153846154 0.10817307692307693
2 0.6550480769230769 0.12620192307692307 0.027644230769230768 0.1045673076923077
4 0.7572115384615384 0.18629807692307693 0.026442307692307692 0.09254807692307693
1 0.578125 0.203125 0.019230769230769232 0.09975961538461539
4 0.7043269230769231 0.22355769230769232 0.02283653846153846 0.09375
4 0.7307692307692307 0.2776442307692308 0.021634615384615384 0.09975961538461539
1 0.4855769230769231 0.28365384615384615 0.026442307692307692 0.11057692307692307
2 0.29927884615384615 0.4362980769230769 0.03125 0.07451923076923077
1 0.07091346153846154 0.45072115384615385 0.025240384615384616 0.08774038461538461
2 0.30528846153846156 0.5132211538461539 0.025240384615384616 0.06610576923076923
2 0.30528846153846156 0.6105769230769231 0.025240384615384616 0.09014423076923077
1 0.25961538461538464 0.7788461538461539 0.030048076923076924 0.09014423076923077
4 0.640625 0.4423076923076923 0.03365384615384615 0.08533653846153846
1 0.34375 0.4831730769230769 0.020432692307692308 0.09615384615384616
2 0.6225961538461539 0.5661057692307693 0.030048076923076924 0.06971153846153846
4 0.7163461538461539 0.5901442307692307 0.040865384615384616 0.03125
4 0.8966346153846154 0.5997596153846154 0.027644230769230768 0.08533653846153846
2 0.6502403846153846 0.6189903846153846 0.038461538461538464 0.0733173076923077
3 0.9266826923076923 0.6370192307692307 0.025240384615384616 0.09735576923076923
1 0.3269230769230769 0.65625 0.014423076923076924 0.10576923076923077
0 0.7620192307692307 0.6947115384615384 0.038461538461538464 0.04807692307692308
2 0.5661057692307693 0.7427884615384616 0.03125 0.09735576923076923
4 0.8485576923076923 0.8221153846153846 0.054086538461538464 0.06610576923076923
2 0.8100961538461539 0.8641826923076923 0.03485576923076923 0.10216346153846154
4 0.9423076923076923 0.8894230769230769 0.037259615384615384 0.09495192307692307
1 0.43509615384615385 0.8978365384615384 0.026442307692307692 0.11177884615384616
1 0.6334134615384616 0.9735576923076923 0.03125 0.04807692307692308