1 0.07572115384615384 0.20072115384615385 0.028846153846153848 0.03245192307692308
4 0.03365384615384615 0.22956730769230768 0.03125 0.09134615384615384
2 0.09615384615384616 0.25600961538461536 0.03245192307692308 0.09735576923076923
2 0.20432692307692307 0.2800480769230769 0.025240384615384616 0.09375
2 0.22716346153846154 0.3641826923076923 0.03365384615384615 0.08774038461538461
0 0.06850961538461539 0.38341346153846156 0.040865384615384616 0.037259615384615384
2 0.25721153846153844 0.5576923076923077 0.025240384615384616 0.09735576923076923
4 0.046875 0.5997596153846154 0.021634615384615384 0.12379807692307693
1 0.49158653846153844 0.24278846153846154 0.027644230769230768 0.08413461538461539
2 0.9699519230769231 0.2548076923076923 0.03485576923076923 0.07932692307692307
2 0.8557692307692307 0.27283653846153844 0.03125 0.06971153846153846
2 0.8028846153846154 0.3641826923076923 0.03125 0.09254807692307693
3 0.9915865384615384 0.3713942307692308 0.01201923076923077 0.08413461538461539
0 0.9651442307692307 0.3786057692307692 0.03245192307692308 0.06009615384615385
2 0.8725961538461539 0.4963942307692308 0.046875 0.09254807692307693
4 0.9471153846153846 0.5012019230769231 0.025240384615384616 0.0733173076923077
1 0.7259615384615384 0.5144230769230769 0.027644230769230768 0.09254807692307693
4 0.9711538461538461 0.5240384615384616 0.03125 0.08173076923076923
4 0.9579326923076923 0.5793269230769231 0.02403846153846154 0.140625
1 0.78125 0.5805288461538461 0.028846153846153848 0.10336538461538461
4 0.1658653846153846 0.8786057692307693 0.03245192307692308 0.11538461538461539
3 0.25 0.9435096153846154 0.028846153846153848 0.10817307692307693
0 0.4074519230769231 0.9735576923076923 0.016826923076923076 0.04807692307692308
4 0.22235576923076922 0.9771634615384616 0.026442307692307692 0.040865384615384616
2 0.6286057692307693 0.7103365384615384 0.026442307692307692 0.08413461538461539
1 0.703125 0.7307692307692307 0.020432692307692308 0.10576923076923077