4 0.06490384615384616 0.038461538461538464 0.03365384615384615 0.07692307692307693
1 0.13942307692307693 0.04326923076923077 0.03365384615384615 0.08653846153846154
4 0.06129807692307692 0.2247596153846154 0.036057692307692304 0.10216346153846154
2 0.11298076923076923 0.33774038461538464 0.04927884615384615 0.08173076923076923
2 0.22596153846153846 0.42908653846153844 0.03485576923076923 0.09495192307692307
3 0.003605769230769231 0.49038461538461536 0.007211538461538462 0.07692307692307693
0 0.039663461538461536 0.5024038461538461 0.038461538461538464 0.07091346153846154
2 0.2403846153846154 0.5216346153846154 0.03365384615384615 0.04807692307692308
2 0.6574519230769231 0.078125 0.027644230769230768 0.0673076923076923
4 0.5048076923076923 0.11778846153846154 0.03365384615384615 0.019230769230769232
1 0.8786057692307693 0.1310096153846154 0.020432692307692308 0.1045673076923077
0 0.5228365384615384 0.1971153846153846 0.028846153846153848 0.05889423076923077
2 0.7139423076923077 0.2536057692307692 0.030048076923076924 0.1045673076923077
1 0.9242788461538461 0.39783653846153844 0.025240384615384616 0.125
1 0.6742788461538461 0.42427884615384615 0.02403846153846154 0.11177884615384616
2 0.07692307692307693 0.6153846153846154 0.03365384615384615 0.1346153846153846
4 0.21634615384615385 0.78125 0.06370192307692307 0.1622596153846154
4 0.31009615384615385 0.9110576923076923 0.05889423076923077 0.15745192307692307
1 0.13822115384615385 0.9302884615384616 0.05048076923076923 0.1346153846153846
4 0.6009615384615384 0.5865384615384616 0.026442307692307692 0.0733173076923077
1 0.5072115384615384 0.5889423076923077 0.02403846153846154 0.06850961538461539
4 0.6213942307692307 0.7103365384615384 0.026442307692307692 0.078125
4 0.6730769230769231 0.8100961538461539 0.037259615384615384 0.037259615384615384
4 0.7980769230769231 0.8353365384615384 0.016826923076923076 0.07932692307692307
2 0.5072115384615384 0.8509615384615384 0.020432692307692308 0.10336538461538461
0 0.6646634615384616 0.8870192307692307 0.02403846153846154 0.05889423076923077
3 0.8185096153846154 0.9098557692307693 0.020432692307692308 0.09375
2 0.5360576923076923 0.9423076923076923 0.02283653846153846 0.09735576923076923