4 0.12620192307692307 0.02283653846153846 0.03125 0.04567307692307692
2 0.2848557692307692 0.030048076923076924 0.026442307692307692 0.06009615384615385
1 0.48197115384615385 0.042067307692307696 0.026442307692307692 0.08413461538461539
4 0.08413461538461539 0.07451923076923077 0.021634615384615384 0.09495192307692307
2 0.2860576923076923 0.10817307692307693 0.015625 0.11177884615384616
4 0.057692307692307696 0.11538461538461539 0.028846153846153848 0.08653846153846154
1 0.36658653846153844 0.3233173076923077 0.020432692307692308 0.11538461538461539
4 0.07091346153846154 0.3701923076923077 0.028846153846153848 0.09615384615384616
4 0.7944711538461539 0.06370192307692307 0.03365384615384615 0.07932692307692307
4 0.7415865384615384 0.12980769230769232 0.02283653846153846 0.09014423076923077
4 0.7908653846153846 0.19471153846153846 0.03125 0.08774038461538461
0 0.703125 0.35216346153846156 0.026442307692307692 0.06971153846153846
3 0.8293269230769231 0.35216346153846156 0.021634615384615384 0.11057692307692307
4 0.8209134615384616 0.4110576923076923 0.03125 0.052884615384615384
1 0.2848557692307692 0.5985576923076923 0.02403846153846154 0.0625
1 0.40024038461538464 0.5985576923076923 0.020432692307692308 0.07451923076923077
4 0.1045673076923077 0.6262019230769231 0.02403846153846154 0.06129807692307692
1 0.49278846153846156 0.6586538461538461 0.020432692307692308 0.07091346153846154
4 0.15745192307692307 0.6670673076923077 0.025240384615384616 0.06490384615384616
2 0.296875 0.6742788461538461 0.026442307692307692 0.07932692307692307
4 0.2091346153846154 0.6983173076923077 0.027644230769230768 0.078125
2 0.42427884615384615 0.7824519230769231 0.03365384615384615 0.09975961538461539
0 0.31850961538461536 0.8293269230769231 0.036057692307692304 0.05889423076923077
2 0.49158653846153844 0.8509615384615384 0.02403846153846154 0.08413461538461539
3 0.19951923076923078 0.8665865384615384 0.025240384615384616 0.1045673076923077
4 0.234375 0.9074519230769231 0.02403846153846154 0.10817307692307693
1 0.5564903846153846 0.9783653846153846 0.026442307692307692 0.038461538461538464
4 0.4963942307692308 0.9819711538461539 0.036057692307692304 0.03125
2 0.9326923076923077 0.703125 0.03125 0.06971153846153846
2 0.8798076923076923 0.7944711538461539 0.03125 0.09254807692307693
2 0.9495192307692307 0.9266826923076923 0.046875 0.09254807692307693
1 0.8028846153846154 0.9447115384615384 0.027644230769230768 0.09254807692307693
1 0.859375 0.9783653846153846 0.03125 0.038461538461538464