1 0.2668269230769231 0.23798076923076922 0.02403846153846154 0.09615384615384616
2 0.44471153846153844 0.2764423076923077 0.028846153846153848 0.019230769230769232
4 0.6814903846153846 0.039663461538461536 0.036057692307692304 0.07932692307692307
1 0.9795673076923077 0.04326923076923077 0.03125 0.08653846153846154
2 0.7007211538461539 0.18629807692307693 0.036057692307692304 0.0985576923076923
1 0.18629807692307693 0.37740384615384615 0.027644230769230768 0.09375
4 0.04447115384615385 0.39663461538461536 0.026442307692307692 0.09615384615384616
1 0.36658653846153844 0.4387019230769231 0.027644230769230768 0.08774038461538461
2 0.17307692307692307 0.45913461538461536 0.03365384615384615 0.11658653846153846
2 0.13701923076923078 0.5216346153846154 0.037259615384615384 0.09375
0 0.10697115384615384 0.5757211538461539 0.03485576923076923 0.042067307692307696
4 0.1502403846153846 0.8425480769230769 0.04567307692307692 0.11298076923076923
4 0.19591346153846154 0.8822115384615384 0.028846153846153848 0.11298076923076923
1 0.36899038461538464 0.9194711538461539 0.016826923076923076 0.11899038461538461
1 0.09014423076923077 0.31009615384615385 0.021634615384615384 0.04326923076923077
4 0.890625 0.34134615384615385 0.018028846153846152 0.06490384615384616
3 0.7427884615384616 0.3641826923076923 0.025240384615384616 0.09375
0 0.8545673076923077 0.40865384615384615 0.03125 0.056490384615384616
4 0.7043269230769231 0.4254807692307692 0.028846153846153848 0.09615384615384616
4 0.6959134615384616 0.5841346153846154 0.03245192307692308 0.09615384615384616
1 0.9086538461538461 0.6201923076923077 0.028846153846153848 0.11538461538461539
4 0.5865384615384616 0.7872596153846154 0.039663461538461536 0.11177884615384616
1 0.7127403846153846 0.8233173076923077 0.030048076923076924 0.12139423076923077