1 0.2776442307692308 0.19951923076923078 0.016826923076923076 0.09375
1 0.039663461538461536 0.2548076923076923 0.02283653846153846 0.09375
4 0.7475961538461539 0.0625 0.03125 0.07091346153846154
1 0.5685096153846154 0.06971153846153846 0.021634615384615384 0.07211538461538461
4 0.8137019230769231 0.20072115384615385 0.028846153846153848 0.07091346153846154
2 0.5913461538461539 0.27884615384615385 0.025240384615384616 0.08413461538461539
1 0.014423076923076924 0.5204326923076923 0.028846153846153848 0.0985576923076923
1 0.16826923076923078 0.5925480769230769 0.028846153846153848 0.10096153846153846
2 0.006009615384615385 0.7668269230769231 0.01201923076923077 0.12980769230769232
1 0.21995192307692307 0.9194711538461539 0.018028846153846152 0.12980769230769232
2 0.014423076923076924 0.921875 0.028846153846153848 0.11298076923076923
1 0.7716346153846154 0.39783653846153844 0.028846153846153848 0.07932692307692307
4 0.8894230769230769 0.40384615384615385 0.038461538461538464 0.09134615384615384
4 0.9459134615384616 0.484375 0.030048076923076924 0.040865384615384616
2 0.7608173076923077 0.49399038461538464 0.019230769230769232 0.109375
4 0.9314903846153846 0.5084134615384616 0.03485576923076923 0.03245192307692308
1 0.5132211538461539 0.53125 0.03245192307692308 0.11538461538461539
3 0.984375 0.5841346153846154 0.025240384615384616 0.05889423076923077
2 0.7992788461538461 0.6069711538461539 0.03125 0.10096153846153846
0 0.9495192307692307 0.6177884615384616 0.03365384615384615 0.05889423076923077
2 0.8317307692307693 0.6814903846153846 0.028846153846153848 0.11298076923076923
2 0.9375 0.7319711538461539 0.025240384615384616 0.11538461538461539
1 0.42908653846153844 0.7475961538461539 0.027644230769230768 0.14423076923076922
1 0.9651442307692307 0.8413461538461539 0.03245192307692308 0.1045673076923077