1 0.20552884615384615 0.01201923076923077 0.021634615384615384 0.02403846153846154
1 0.08052884615384616 0.12139423076923077 0.03125 0.0829326923076923
4 0.028846153846153848 0.4266826923076923 0.026442307692307692 0.11538461538461539
4 0.7992788461538461 0.006009615384615385 0.04567307692307692 0.01201923076923077
1 0.5997596153846154 0.021634615384615384 0.03125 0.04326923076923077
1 0.31971153846153844 0.10576923076923077 0.02403846153846154 0.11538461538461539
3 0.828125 0.10576923076923077 0.027644230769230768 0.054086538461538464
4 0.9242788461538461 0.11057692307692307 0.03365384615384615 0.11899038461538461
2 0.6057692307692307 0.1310096153846154 0.025240384615384616 0.12139423076923077
0 0.7932692307692307 0.13221153846153846 0.039663461538461536 0.09735576923076923
2 0.6370192307692307 0.22716346153846154 0.027644230769230768 0.11177884615384616
2 0.6466346153846154 0.33653846153846156 0.025240384615384616 0.13581730769230768
4 0.9182692307692307 0.43149038461538464 0.038461538461538464 0.1045673076923077
1 0.8365384615384616 0.47475961538461536 0.036057692307692304 0.11538461538461539
1 0.19110576923076922 0.9314903846153846 0.016826923076923076 0.0829326923076923
1 0.5745192307692307 0.6129807692307693 0.028846153846153848 0.0673076923076923
4 0.39302884615384615 0.6189903846153846 0.05048076923076923 0.07932692307692307
1 0.9735576923076923 0.6298076923076923 0.03365384615384615 0.10096153846153846
2 0.6983173076923077 0.6670673076923077 0.042067307692307696 0.11538461538461539
4 0.4651442307692308 0.6971153846153846 0.046875 0.09134615384615384
2 0.7572115384615384 0.8149038461538461 0.036057692307692304 0.09014423076923077
4 0.34134615384615385 0.8569711538461539 0.03245192307692308 0.13221153846153846
0 0.5396634615384616 0.8798076923076923 0.04807692307692308 0.051682692307692304
3 0.38461538461538464 0.9170673076923077 0.046875 0.1502403846153846
2 0.7764423076923077 0.9362980769230769 0.057692307692307696 0.12259615384615384