1 0.28846153846153844 0.04447115384615385 0.028846153846153848 0.0889423076923077
2 0.1141826923076923 0.20432692307692307 0.03125 0.12620192307692307
1 0.2247596153846154 0.39783653846153844 0.03125 0.12740384615384615
1 0.1201923076923077 0.5024038461538461 0.028846153846153848 0.04807692307692308
4 0.6526442307692307 0.042067307692307696 0.04567307692307692 0.08413461538461539
1 0.7367788461538461 0.04447115384615385 0.036057692307692304 0.0889423076923077
1 0.9495192307692307 0.15264423076923078 0.02283653846153846 0.14182692307692307
4 0.5625 0.15865384615384615 0.037259615384615384 0.07932692307692307
3 0.5637019230769231 0.23798076923076922 0.038461538461538464 0.06490384615384616
0 0.609375 0.2608173076923077 0.030048076923076924 0.07091346153846154
2 0.828125 0.2620192307692308 0.046875 0.11899038461538461
2 0.7896634615384616 0.33533653846153844 0.038461538461538464 0.15264423076923078
4 0.4735576923076923 0.4735576923076923 0.040865384615384616 0.10817307692307693
1 0.5973557692307693 0.4723557692307692 0.040865384615384616 0.10817307692307693
3 0.33653846153846156 0.6466346153846154 0.02403846153846154 0.055288461538461536
4 0.11057692307692307 0.65625 0.030048076923076924 0.109375
4 0.32211538461538464 0.7848557692307693 0.030048076923076924 0.08653846153846154
4 0.2800480769230769 0.8100961538461539 0.04326923076923077 0.08413461538461539
4 0.8353365384615384 0.5925480769230769 0.028846153846153848 0.08653846153846154
1 0.53125 0.5949519230769231 0.026442307692307692 0.08533653846153846
4 0.9110576923076923 0.7247596153846154 0.030048076923076924 0.08413461538461539
2 0.6959134615384616 0.7367788461538461 0.026442307692307692 0.09014423076923077
1 0.42908653846153844 0.8028846153846154 0.026442307692307692 0.0985576923076923
2 0.7055288461538461 0.8076923076923077 0.03125 0.09615384615384616
0 0.8713942307692307 0.8197115384615384 0.030048076923076924 0.07932692307692307
2 0.7199519230769231 0.9098557692307693 0.03365384615384615 0.1045673076923077
4 0.8545673076923077 0.9230769230769231 0.03245192307692308 0.09735576923076923