1 0.33653846153846156 0.125 0.026442307692307692 0.12620192307692307
4 0.5913461538461539 0.15384615384615385 0.009615384615384616 0.1201923076923077
1 0.0829326923076923 0.2956730769230769 0.027644230769230768 0.1310096153846154
2 0.4206730769230769 0.36658653846153844 0.02403846153846154 0.040865384615384616
4 0.7223557692307693 0.33533653846153844 0.021634615384615384 0.10336538461538461
3 0.9507211538461539 0.35697115384615385 0.036057692307692304 0.06009615384615385
4 0.828125 0.36778846153846156 0.04567307692307692 0.038461538461538464
4 0.06370192307692307 0.5853365384615384 0.026442307692307692 0.042067307692307696
1 0.265625 0.6117788461538461 0.015625 0.1045673076923077
4 0.054086538461538464 0.6502403846153846 0.021634615384615384 0.09615384615384616
1 0.3701923076923077 0.7295673076923077 0.02403846153846154 0.1141826923076923
2 0.28125 0.7355769230769231 0.02283653846153846 0.1045673076923077
0 0.0985576923076923 0.8040865384615384 0.03485576923076923 0.07091346153846154
2 0.21394230769230768 0.84375 0.026442307692307692 0.11658653846153846
4 0.020432692307692308 0.8774038461538461 0.020432692307692308 0.08533653846153846
1 0.21153846153846154 0.9519230769230769 0.03365384615384615 0.09134615384615384
4 0.037259615384615384 0.9663461538461539 0.03125 0.0625
1 0.6322115384615384 0.4338942307692308 0.028846153846153848 0.0889423076923077
1 0.9735576923076923 0.4579326923076923 0.025240384615384616 0.11057692307692307
2 0.6838942307692307 0.5324519230769231 0.020432692307692308 0.0829326923076923
2 0.703125 0.6454326923076923 0.02403846153846154 0.1141826923076923
1 0.6081730769230769 0.9146634615384616 0.019230769230769232 0.08413461538461539