2 0.45552884615384615 0.028846153846153848 0.021634615384615384 0.057692307692307696
2 0.31850961538461536 0.09495192307692307 0.02403846153846154 0.11177884615384616
1 0.11778846153846154 0.24158653846153846 0.03125 0.1201923076923077
1 0.48677884615384615 0.1201923076923077 0.03365384615384615 0.10096153846153846
2 0.6033653846153846 0.24278846153846154 0.030048076923076924 0.10336538461538461
2 0.5865384615384616 0.296875 0.038461538461538464 0.040865384615384616
1 0.31009615384615385 0.47716346153846156 0.02403846153846154 0.08173076923076923
4 0.23076923076923078 0.49038461538461536 0.03125 0.07572115384615384
2 0.46153846153846156 0.7211538461538461 0.009615384615384616 0.09615384615384616
3 0.3016826923076923 0.7307692307692307 0.02403846153846154 0.07211538461538461
0 0.3293269230769231 0.7331730769230769 0.027644230769230768 0.054086538461538464
4 0.2091346153846154 0.7680288461538461 0.028846153846153848 0.07211538461538461
4 0.09975961538461539 0.7740384615384616 0.02283653846153846 0.109375
4 0.32091346153846156 0.8521634615384616 0.02403846153846154 0.09014423076923077
1 0.42788461538461536 0.875 0.040865384615384616 0.09495192307692307
4 0.9399038461538461 0.3557692307692308 0.04326923076923077 0.07211538461538461
1 0.6189903846153846 0.3641826923076923 0.026442307692307692 0.0889423076923077
4 0.9110576923076923 0.39302884615384615 0.04447115384615385 0.11057692307692307
2 0.7572115384615384 0.46153846153846156 0.030048076923076924 0.13341346153846154
0 0.9855769230769231 0.5853365384615384 0.02403846153846154 0.08413461538461539
2 0.7872596153846154 0.5853365384615384 0.028846153846153848 0.12740384615384615
2 0.8329326923076923 0.6959134615384616 0.028846153846153848 0.12379807692307693
1 0.9110576923076923 0.7427884615384616 0.02403846153846154 0.13942307692307693