4 0.4110576923076923 0.07572115384615384 0.02283653846153846 0.08774038461538461
1 0.33533653846153844 0.0829326923076923 0.03485576923076923 0.08774038461538461
2 0.35697115384615385 0.10096153846153846 0.030048076923076924 0.054086538461538464
4 0.5805288461538461 0.16346153846153846 0.015625 0.09495192307692307
2 0.37259615384615385 0.20072115384615385 0.027644230769230768 0.07932692307692307
3 0.6045673076923077 0.20552884615384615 0.021634615384615384 0.10697115384615384
1 0.25721153846153844 0.2127403846153846 0.02283653846153846 0.08653846153846154
0 0.45913461538461536 0.25240384615384615 0.03485576923076923 0.05048076923076923
4 0.43149038461538464 0.31009615384615385 0.03125 0.09134615384615384
4 0.5576923076923077 0.3233173076923077 0.03365384615384615 0.06490384615384616
4 0.4567307692307692 0.3425480769230769 0.03365384615384615 0.026442307692307692
4 0.8137019230769231 0.16105769230769232 0.04326923076923077 0.09134615384615384
1 0.6634615384615384 0.23677884615384615 0.02283653846153846 0.10096153846153846
4 0.9639423076923077 0.31971153846153844 0.04807692307692308 0.07211538461538461
1 0.8317307692307693 0.3389423076923077 0.028846153846153848 0.03365384615384615
0 0.5925480769230769 0.5324519230769231 0.021634615384615384 0.021634615384615384
2 0.35336538461538464 0.5925480769230769 0.03125 0.14182692307692307
4 0.4699519230769231 0.6045673076923077 0.036057692307692304 0.13341346153846154
1 0.08533653846153846 0.6237980769230769 0.026442307692307692 0.13942307692307693
4 0.5649038461538461 0.6634615384615384 0.038461538461538464 0.13341346153846154
1 0.23197115384615385 0.7223557692307693 0.026442307692307692 0.14182692307692307
4 0.4651442307692308 0.7524038461538461 0.038461538461538464 0.15504807692307693
1 0.016826923076923076 0.8762019230769231 0.03365384615384615 0.16105769230769232
4 0.3173076923076923 0.9242788461538461 0.04807692307692308 0.1466346153846154
1 0.6057692307692307 0.41586538461538464 0.019230769230769232 0.07692307692307693
1 0.2860576923076923 0.46153846153846156 0.03245192307692308 0.11899038461538461
2 0.4795673076923077 0.484375 0.019230769230769232 0.10336538461538461
4 0.7379807692307693 0.6322115384615384 0.025240384615384616 0.07692307692307693
1 0.828125 0.6346153846153846 0.03245192307692308 0.07091346153846154
4 0.7247596153846154 0.7175480769230769 0.030048076923076924 0.04807692307692308
2 0.8677884615384616 0.7620192307692307 0.02283653846153846 0.09615384615384616
3 0.625 0.8269230769230769 0.014423076923076924 0.12980769230769232
0 0.7680288461538461 0.8533653846153846 0.03485576923076923 0.07451923076923077
2 0.8762019230769231 0.9206730769230769 0.030048076923076924 0.09014423076923077
4 0.7932692307692307 0.4362980769230769 0.03245192307692308 0.07451923076923077
1 0.8677884615384616 0.44471153846153844 0.027644230769230768 0.08173076923076923