1 0.5264423076923077 0.03125 0.019230769230769232 0.0625
0 0.0673076923076923 0.037259615384615384 0.027644230769230768 0.051682692307692304
4 0.06490384615384616 0.18028846153846154 0.027644230769230768 0.07932692307692307
1 0.14302884615384615 0.18389423076923078 0.02403846153846154 0.0889423076923077
4 0.0985576923076923 0.2956730769230769 0.030048076923076924 0.0829326923076923
1 0.17908653846153846 0.30408653846153844 0.020432692307692308 0.08653846153846154
4 0.10216346153846154 0.4579326923076923 0.03125 0.09495192307692307
1 0.18028846153846154 0.46875 0.026442307692307692 0.08653846153846154
4 0.5588942307692307 0.07572115384615384 0.03365384615384615 0.07692307692307693
4 0.5745192307692307 0.15144230769230768 0.025240384615384616 0.07932692307692307
2 0.5576923076923077 0.22716346153846154 0.03125 0.08173076923076923
4 0.78125 0.24639423076923078 0.019230769230769232 0.08173076923076923
3 0.8040865384615384 0.2764423076923077 0.021634615384615384 0.1045673076923077
0 0.6550480769230769 0.31971153846153844 0.027644230769230768 0.054086538461538464
4 0.8341346153846154 0.5528846153846154 0.038461538461538464 0.028846153846153848
2 0.30649038461538464 0.5961538461538461 0.026442307692307692 0.052884615384615384
1 0.05889423076923077 0.6009615384615384 0.026442307692307692 0.0625
0 0.48197115384615385 0.640625 0.036057692307692304 0.08173076923076923
2 0.33533653846153844 0.6670673076923077 0.03245192307692308 0.11298076923076923
4 0.5252403846153846 0.8497596153846154 0.021634615384615384 0.12740384615384615
1 0.4543269230769231 0.9591346153846154 0.028846153846153848 0.07692307692307693
2 0.5444711538461539 0.6069711538461539 0.01201923076923077 0.040865384615384616
2 0.6850961538461539 0.6971153846153846 0.026442307692307692 0.09495192307692307
1 0.9038461538461539 0.6983173076923077 0.019230769230769232 0.09254807692307693
0 0.5564903846153846 0.7331730769230769 0.027644230769230768 0.03485576923076923
2 0.7367788461538461 0.765625 0.028846153846153848 0.09134615384615384