1 0.4411057692307692 0.12259615384615384 0.026442307692307692 0.09014423076923077
4 0.2548076923076923 0.17427884615384615 0.028846153846153848 0.0673076923076923
2 0.39302884615384615 0.21754807692307693 0.025240384615384616 0.08533653846153846
4 0.125 0.2536057692307692 0.026442307692307692 0.08173076923076923
0 0.29447115384615385 0.30408653846153844 0.03365384615384615 0.0673076923076923
3 0.15144230769230768 0.3137019230769231 0.028846153846153848 0.1141826923076923
4 0.2980769230769231 0.4326923076923077 0.036057692307692304 0.1045673076923077
2 0.47836538461538464 0.4338942307692308 0.027644230769230768 0.09375
2 0.44711538461538464 0.5432692307692307 0.037259615384615384 0.10096153846153846
4 0.31490384615384615 0.5432692307692307 0.03125 0.09375
4 0.2920673076923077 0.5997596153846154 0.040865384615384616 0.07451923076923077
1 0.515625 0.5973557692307693 0.026442307692307692 0.07932692307692307
1 0.7884615384615384 0.12139423076923077 0.030048076923076924 0.09134615384615384
1 0.7355769230769231 0.40384615384615385 0.018028846153846152 0.10697115384615384
2 0.1971153846153846 0.6610576923076923 0.028846153846153848 0.04326923076923077
3 0.05048076923076923 0.7560096153846154 0.02403846153846154 0.09735576923076923
0 0.16947115384615385 0.7608173076923077 0.027644230769230768 0.04927884615384615
4 0.21514423076923078 0.8653846153846154 0.027644230769230768 0.07932692307692307
2 0.3737980769230769 0.8786057692307693 0.02403846153846154 0.07932692307692307
1 0.5709134615384616 0.8966346153846154 0.02403846153846154 0.09375
4 0.17307692307692307 0.9350961538461539 0.021634615384615384 0.09495192307692307
2 0.375 0.9543269230769231 0.019230769230769232 0.08653846153846154
4 0.14783653846153846 0.9651442307692307 0.03125 0.06490384615384616
4 0.78125 0.7019230769230769 0.026442307692307692 0.07572115384615384
1 0.6550480769230769 0.7415865384615384 0.01201923076923077 0.0889423076923077
4 0.7584134615384616 0.7632211538461539 0.030048076923076924 0.08533653846153846
2 0.6526442307692307 0.8581730769230769 0.007211538461538462 0.10096153846153846
4 0.921875 0.9110576923076923 0.015625 0.06009615384615385
2 0.6574519230769231 0.9615384615384616 0.016826923076923076 0.0673076923076923
3 0.921875 0.96875 0.021634615384615384 0.057692307692307696
0 0.7920673076923077 0.9879807692307693 0.03125 0.019230769230769232