1 0.13942307692307693 0.020432692307692308 0.014423076923076924 0.040865384615384616
2 0.37259615384615385 0.021634615384615384 0.02403846153846154 0.04326923076923077
2 0.2692307692307692 0.2403846153846154 0.025240384615384616 0.07932692307692307
2 0.36899038461538464 0.25721153846153844 0.038461538461538464 0.06610576923076923
1 0.15144230769230768 0.31850961538461536 0.03125 0.08774038461538461
4 0.3870192307692308 0.375 0.03245192307692308 0.1045673076923077
1 0.24639423076923078 0.5276442307692307 0.027644230769230768 0.10336538461538461
4 0.34975961538461536 0.5444711538461539 0.03485576923076923 0.09735576923076923
3 0.5384615384615384 0.0829326923076923 0.02283653846153846 0.11778846153846154
4 0.49158653846153844 0.0889423076923077 0.027644230769230768 0.10096153846153846
2 0.8401442307692307 0.0985576923076923 0.027644230769230768 0.0829326923076923
0 0.6754807692307693 0.10697115384615384 0.03125 0.056490384615384616
4 0.5805288461538461 0.18509615384615385 0.030048076923076924 0.09014423076923077
2 0.8269230769230769 0.18870192307692307 0.030048076923076924 0.09735576923076923
4 0.5925480769230769 0.3485576923076923 0.042067307692307696 0.0889423076923077
2 0.8040865384615384 0.3629807692307692 0.026442307692307692 0.11538461538461539
4 0.4891826923076923 0.5372596153846154 0.04326923076923077 0.0985576923076923
1 0.9158653846153846 0.5949519230769231 0.03365384615384615 0.06490384615384616
1 0.24639423076923078 0.9110576923076923 0.021634615384615384 0.08653846153846154
3 0.8701923076923077 0.6466346153846154 0.019230769230769232 0.03365384615384615
2 0.6358173076923077 0.6694711538461539 0.027644230769230768 0.05889423076923077
1 0.5408653846153846 0.7103365384615384 0.025240384615384616 0.07451923076923077
4 0.7259615384615384 0.7620192307692307 0.02403846153846154 0.08173076923076923
1 0.5228365384615384 0.8305288461538461 0.021634615384615384 0.0829326923076923
4 0.6201923076923077 0.8533653846153846 0.018028846153846152 0.08653846153846154