4 0.4375 0.06610576923076923 0.03485576923076923 0.08533653846153846
1 0.2764423076923077 0.07451923076923077 0.02403846153846154 0.0829326923076923
1 0.23317307692307693 0.17668269230769232 0.021634615384615384 0.11778846153846154
2 0.33653846153846156 0.3233173076923077 0.019230769230769232 0.11538461538461539
2 0.34375 0.43990384615384615 0.028846153846153848 0.09134615384615384
4 0.9423076923076923 0.1814903846153846 0.036057692307692304 0.10576923076923077
1 0.4807692307692308 0.24519230769230768 0.025240384615384616 0.10576923076923077
2 0.7980769230769231 0.3449519230769231 0.021634615384615384 0.10576923076923077
0 0.9507211538461539 0.3786057692307692 0.03245192307692308 0.05048076923076923
2 0.8076923076923077 0.4387019230769231 0.028846153846153848 0.09375
2 0.890625 0.45552884615384615 0.026442307692307692 0.06009615384615385
4 0.9242788461538461 0.09615384615384616 0.03125 0.09134615384615384
1 0.7836538461538461 0.10216346153846154 0.019230769230769232 0.09134615384615384
2 0.0889423076923077 0.5300480769230769 0.02403846153846154 0.08413461538461539
3 0.3425480769230769 0.5576923076923077 0.025240384615384616 0.09495192307692307
0 0.22115384615384615 0.5841346153846154 0.028846153846153848 0.06129807692307692
4 0.3581730769230769 0.6081730769230769 0.027644230769230768 0.0889423076923077
2 0.08413461538461539 0.6153846153846154 0.025240384615384616 0.06370192307692307
4 0.27884615384615385 0.6658653846153846 0.028846153846153848 0.0889423076923077
2 0.12620192307692307 0.7728365384615384 0.028846153846153848 0.10336538461538461
4 0.2692307692307692 0.828125 0.039663461538461536 0.0985576923076923
1 0.014423076923076924 0.9795673076923077 0.028846153846153848 0.036057692307692304
4 0.31490384615384615 0.9771634615384616 0.04326923076923077 0.040865384615384616
2 0.9014423076923077 0.5012019230769231 0.028846153846153848 0.026442307692307692
4 0.75 0.4963942307692308 0.03365384615384615 0.016826923076923076
4 0.49038461538461536 0.5396634615384616 0.03125 0.10336538461538461
3 0.5925480769230769 0.5673076923076923 0.02403846153846154 0.11538461538461539
2 0.90625 0.5709134615384616 0.03125 0.09975961538461539
0 0.7319711538461539 0.6081730769230769 0.03485576923076923 0.057692307692307696
2 0.8521634615384616 0.6670673076923077 0.027644230769230768 0.09975961538461539
4 0.5024038461538461 0.9350961538461539 0.038461538461538464 0.09975961538461539
1 0.5865384615384616 0.9519230769230769 0.028846153846153848 0.09134615384615384