1 0.2608173076923077 0.014423076923076924 0.026442307692307692 0.028846153846153848
1 0.2403846153846154 0.018028846153846152 0.028846153846153848 0.036057692307692304
4 0.0889423076923077 0.014423076923076924 0.03365384615384615 0.028846153846153848
4 0.11057692307692307 0.04807692307692308 0.018028846153846152 0.06971153846153846
2 0.2439903846153846 0.06971153846153846 0.025240384615384616 0.09254807692307693
3 0.06129807692307692 0.09375 0.025240384615384616 0.054086538461538464
0 0.08653846153846154 0.12620192307692307 0.02403846153846154 0.06850961538461539
2 0.2668269230769231 0.12740384615384615 0.027644230769230768 0.09735576923076923
2 0.004807692307692308 0.15625 0.009615384615384616 0.11057692307692307
2 0.19831730769230768 0.21033653846153846 0.019230769230769232 0.10336538461538461
4 0.859375 0.18028846153846154 0.025240384615384616 0.038461538461538464
4 0.6358173076923077 0.25721153846153844 0.025240384615384616 0.08413461538461539
3 0.8209134615384616 0.25721153846153844 0.02283653846153846 0.056490384615384616
4 0.7199519230769231 0.27283653846153844 0.027644230769230768 0.057692307692307696
0 0.8509615384615384 0.296875 0.03485576923076923 0.06370192307692307
2 0.9915865384615384 0.3233173076923077 0.01201923076923077 0.08413461538461539
4 0.7836538461538461 0.34615384615384615 0.02403846153846154 0.038461538461538464
3 0.16826923076923078 0.41346153846153844 0.02403846153846154 0.09134615384615384
2 0.43509615384615385 0.41346153846153844 0.014423076923076924 0.09014423076923077
0 0.27884615384615385 0.4423076923076923 0.028846153846153848 0.05889423076923077
4 0.23076923076923078 0.5372596153846154 0.026442307692307692 0.057692307692307696
2 0.4110576923076923 0.5384615384615384 0.016826923076923076 0.09375
2 0.2764423076923077 0.5649038461538461 0.026442307692307692 0.07932692307692307
4 0.20793269230769232 0.5673076923076923 0.026442307692307692 0.06850961538461539
4 0.13942307692307693 0.6682692307692307 0.03485576923076923 0.08653846153846154
1 0.3389423076923077 0.9026442307692307 0.02283653846153846 0.1141826923076923
4 0.08052884615384616 0.9278846153846154 0.030048076923076924 0.09495192307692307
1 0.6742788461538461 0.5841346153846154 0.027644230769230768 0.07692307692307693
4 0.7884615384615384 0.5889423076923077 0.027644230769230768 0.09615384615384616
4 0.7704326923076923 0.6646634615384616 0.039663461538461536 0.040865384615384616
1 0.5492788461538461 0.6766826923076923 0.02403846153846154 0.10697115384615384
2 0.6009615384615384 0.6923076923076923 0.026442307692307692 0.07451923076923077
3 0.9290865384615384 0.7896634615384616 0.019230769230769232 0.125
2 0.6177884615384616 0.8040865384615384 0.021634615384615384 0.08653846153846154
0 0.7728365384615384 0.8245192307692307 0.039663461538461536 0.0829326923076923
4 0.9507211538461539 0.8521634615384616 0.021634615384615384 0.12379807692307693
2 0.6682692307692307 0.921875 0.025240384615384616 0.10336538461538461