1 0.4170673076923077 0.038461538461538464 0.021634615384615384 0.07692307692307693
2 0.16105769230769232 0.07572115384615384 0.03365384615384615 0.055288461538461536
4 0.018028846153846152 0.12620192307692307 0.021634615384615384 0.08774038461538461
2 0.23557692307692307 0.15264423076923078 0.02403846153846154 0.07932692307692307
3 0.08533653846153846 0.17908653846153846 0.028846153846153848 0.04447115384615385
0 0.1141826923076923 0.20192307692307693 0.027644230769230768 0.06009615384615385
2 0.26802884615384615 0.24278846153846154 0.021634615384615384 0.09134615384615384
4 0.08653846153846154 0.30528846153846156 0.030048076923076924 0.06009615384615385
2 0.14182692307692307 0.3245192307692308 0.03245192307692308 0.07932692307692307
1 0.3485576923076923 0.6033653846153846 0.019230769230769232 0.04807692307692308
1 0.8737980769230769 0.19951923076923078 0.036057692307692304 0.08173076923076923
4 0.9651442307692307 0.24879807692307693 0.042067307692307696 0.12379807692307693
2 0.8233173076923077 0.32572115384615385 0.03125 0.13942307692307693
2 0.6694711538461539 0.39903846153846156 0.03485576923076923 0.1201923076923077
0 0.8798076923076923 0.44471153846153844 0.055288461538461536 0.07692307692307693
2 0.6490384615384616 0.5576923076923077 0.020432692307692308 0.140625
4 0.8858173076923077 0.5865384615384616 0.040865384615384616 0.08173076923076923
1 0.5745192307692307 0.6009615384615384 0.03365384615384615 0.052884615384615384
1 0.7271634615384616 0.6081730769230769 0.036057692307692304 0.038461538461538464
4 0.1935096153846154 0.6574519230769231 0.03125 0.055288461538461536
2 0.37259615384615385 0.6622596153846154 0.019230769230769232 0.06490384615384616
2 0.42908653846153844 0.7740384615384616 0.025240384615384616 0.09014423076923077
4 0.10697115384615384 0.7848557692307693 0.02283653846153846 0.025240384615384616
3 0.09495192307692307 0.8221153846153846 0.02403846153846154 0.03485576923076923
0 0.23197115384615385 0.8617788461538461 0.03365384615384615 0.06610576923076923
4 0.08774038461538461 0.8966346153846154 0.026442307692307692 0.09014423076923077
2 0.4543269230769231 0.9014423076923077 0.02283653846153846 0.10817307692307693
2 0.7475961538461539 0.6862980769230769 0.02403846153846154 0.11298076923076923
4 0.984375 0.6923076923076923 0.026442307692307692 0.10096153846153846
4 0.9795673076923077 0.75 0.036057692307692304 0.1201923076923077
4 0.8858173076923077 0.7536057692307693 0.039663461538461536 0.11658653846153846
1 0.7379807692307693 0.8197115384615384 0.027644230769230768 0.12740384615384615
1 0.7043269230769231 0.9302884615384616 0.03365384615384615 0.1346153846153846