2 0.3786057692307692 0.03485576923076923 0.040865384615384616 0.06971153846153846
3 0.11899038461538461 0.11899038461538461 0.039663461538461536 0.13581730769230768
2 0.47596153846153844 0.12740384615384615 0.03245192307692308 0.12139423076923077
0 0.27884615384615385 0.14543269230769232 0.027644230769230768 0.0625
4 0.06850961538461539 0.19951923076923078 0.03125 0.11177884615384616
2 0.46153846153846156 0.22115384615384615 0.028846153846153848 0.15745192307692307
4 0.21875 0.2800480769230769 0.03365384615384615 0.140625
4 0.14543269230769232 0.3485576923076923 0.03245192307692308 0.1310096153846154
1 0.29927884615384615 0.35216346153846156 0.027644230769230768 0.15384615384615385
1 0.5336538461538461 0.4338942307692308 0.025240384615384616 0.14543269230769232
4 0.9074519230769231 0.06370192307692307 0.038461538461538464 0.11298076923076923
2 0.9771634615384616 0.1310096153846154 0.040865384615384616 0.08413461538461539
3 0.8461538461538461 0.3112980769230769 0.04447115384615385 0.08774038461538461
0 0.8990384615384616 0.3269230769230769 0.03485576923076923 0.06490384615384616
4 0.8004807692307693 0.5180288461538461 0.039663461538461536 0.09735576923076923
2 0.8942307692307693 0.546875 0.03365384615384615 0.0985576923076923
4 0.8173076923076923 0.5661057692307693 0.04326923076923077 0.06009615384615385
2 0.2956730769230769 0.6394230769230769 0.028846153846153848 0.08173076923076923
3 0.5060096153846154 0.6418269230769231 0.04567307692307692 0.08653846153846154
0 0.46875 0.640625 0.056490384615384616 0.054086538461538464
4 0.6322115384615384 0.671875 0.055288461538461536 0.08774038461538461
1 0.09254807692307693 0.7235576923076923 0.038461538461538464 0.13942307692307693
2 0.2704326923076923 0.7439903846153846 0.039663461538461536 0.10817307692307693
4 0.5108173076923077 0.7764423076923077 0.046875 0.10697115384615384
4 0.41466346153846156 0.796875 0.042067307692307696 0.13942307692307693
1 0.28365384615384615 0.8449519230769231 0.03485576923076923 0.1466346153846154
1 0.10576923076923077 0.8701923076923077 0.03245192307692308 0.14423076923076922
2 0.9555288461538461 0.6983173076923077 0.016826923076923076 0.055288461538461536
1 0.7980769230769231 0.7067307692307693 0.016826923076923076 0.0625
2 0.9338942307692307 0.7764423076923077 0.013221153846153846 0.05048076923076923
0 0.9951923076923077 0.7920673076923077 0.004807692307692308 0.036057692307692304
1 0.7728365384615384 0.90625 0.01201923076923077 0.055288461538461536
4 0.9362980769230769 0.9555288461538461 0.020432692307692308 0.06850961538461539
1 0.7367788461538461 0.9711538461538461 0.016826923076923076 0.052884615384615384