4 0.027644230769230768 0.12259615384615384 0.037259615384615384 0.0829326923076923
1 0.18629807692307693 0.15264423076923078 0.020432692307692308 0.0829326923076923
2 0.0985576923076923 0.43990384615384615 0.03485576923076923 0.07692307692307693
2 0.08533653846153846 0.5168269230769231 0.03485576923076923 0.0829326923076923
1 0.6887019230769231 0.04807692307692308 0.03125 0.09615384615384616
0 0.9663461538461539 0.15264423076923078 0.040865384615384616 0.04807692307692308
2 0.7403846153846154 0.15985576923076922 0.02403846153846154 0.12860576923076922
1 0.39783653846153844 0.23197115384615385 0.036057692307692304 0.13701923076923078
2 0.8521634615384616 0.24519230769230768 0.042067307692307696 0.12379807692307693
2 0.7608173076923077 0.3173076923076923 0.025240384615384616 0.13221153846153846
4 0.8533653846153846 0.3870192307692308 0.04447115384615385 0.1310096153846154
1 0.4795673076923077 0.4639423076923077 0.026442307692307692 0.15384615384615385
4 0.8112980769230769 0.5288461538461539 0.04567307692307692 0.09615384615384616
4 0.34375 0.6310096153846154 0.027644230769230768 0.0829326923076923
1 0.14543269230769232 0.6454326923076923 0.015625 0.0829326923076923
4 0.36177884615384615 0.7295673076923077 0.03125 0.0889423076923077
1 0.23197115384615385 0.765625 0.020432692307692308 0.09134615384615384
1 0.0733173076923077 0.7956730769230769 0.027644230769230768 0.0829326923076923
2 0.2980769230769231 0.9002403846153846 0.02403846153846154 0.0829326923076923
4 0.6742788461538461 0.5961538461538461 0.026442307692307692 0.03365384615384615
1 0.9362980769230769 0.6334134615384616 0.02403846153846154 0.08774038461538461
4 0.6153846153846154 0.7475961538461539 0.02403846153846154 0.10096153846153846
1 0.75 0.7800480769230769 0.02403846153846154 0.109375
4 0.5372596153846154 0.8305288461538461 0.019230769230769232 0.05889423076923077
2 0.6923076923076923 0.84375 0.025240384615384616 0.10336538461538461
2 0.6274038461538461 0.8605769230769231 0.040865384615384616 0.08653846153846154
3 0.3942307692307692 0.9483173076923077 0.02403846153846154 0.0985576923076923
0 0.5492788461538461 0.984375 0.036057692307692304 0.026442307692307692