4 0.09375 0.12379807692307693 0.02283653846153846 0.06370192307692307
1 0.3894230769230769 0.1658653846153846 0.027644230769230768 0.11177884615384616
4 0.11658653846153846 0.1778846153846154 0.028846153846153848 0.10697115384615384
4 0.0733173076923077 0.19471153846153846 0.040865384615384616 0.05048076923076923
1 0.25 0.1971153846153846 0.02283653846153846 0.12379807692307693
2 0.1778846153846154 0.2127403846153846 0.040865384615384616 0.1045673076923077
2 0.29927884615384615 0.27403846153846156 0.037259615384615384 0.1310096153846154
0 0.06850961538461539 0.375 0.03125 0.08052884615384616
2 0.22956730769230768 0.4699519230769231 0.036057692307692304 0.13221153846153846
2 0.016826923076923076 0.5588942307692307 0.03365384615384615 0.09375
1 0.46274038461538464 0.5576923076923077 0.021634615384615384 0.09615384615384616
3 0.7307692307692307 0.03245192307692308 0.03365384615384615 0.06490384615384616
0 0.8762019230769231 0.042067307692307696 0.03485576923076923 0.06490384615384616
1 0.9855769230769231 0.19230769230769232 0.02403846153846154 0.10096153846153846
4 0.7800480769230769 0.26802884615384615 0.03485576923076923 0.0985576923076923
4 0.7716346153846154 0.46033653846153844 0.037259615384615384 0.09735576923076923
1 0.9699519230769231 0.515625 0.025240384615384616 0.12379807692307693
4 0.26322115384615385 0.65625 0.027644230769230768 0.07932692307692307
2 0.421875 0.6694711538461539 0.02403846153846154 0.07932692307692307
4 0.22115384615384615 0.7259615384615384 0.021634615384615384 0.09495192307692307
2 0.4230769230769231 0.7596153846153846 0.015625 0.11177884615384616
4 0.19471153846153846 0.7668269230769231 0.028846153846153848 0.08653846153846154
1 0.5036057692307693 0.9567307692307693 0.021634615384615384 0.08173076923076923
4 0.20793269230769232 0.9855769230769231 0.03125 0.02403846153846154
4 0.9254807692307693 0.6189903846153846 0.03365384615384615 0.021634615384615384
2 0.78125 0.625 0.028846153846153848 0.03365384615384615
4 0.9663461538461539 0.6682692307692307 0.030048076923076924 0.06850961538461539
1 0.8389423076923077 0.6706730769230769 0.02403846153846154 0.08173076923076923
1 0.7355769230769231 0.7644230769230769 0.030048076923076924 0.09014423076923077