2 0.07211538461538461 0.027644230769230768 0.02403846153846154 0.055288461538461536
0 0.22596153846153846 0.028846153846153848 0.03365384615384615 0.057692307692307696
4 0.24879807692307693 0.234375 0.03245192307692308 0.09375
1 0.038461538461538464 0.2536057692307692 0.030048076923076924 0.08533653846153846
2 0.6850961538461539 0.06490384615384616 0.03125 0.1045673076923077
4 0.7944711538461539 0.06850961538461539 0.052884615384615384 0.046875
1 0.4855769230769231 0.07211538461538461 0.027644230769230768 0.13341346153846154
2 0.6622596153846154 0.08774038461538461 0.036057692307692304 0.11298076923076923
4 0.7896634615384616 0.10817307692307693 0.04567307692307692 0.042067307692307696
3 0.8305288461538461 0.21754807692307693 0.03485576923076923 0.07692307692307693
2 0.5925480769230769 0.23197115384615385 0.02403846153846154 0.13942307692307693
0 0.7860576923076923 0.24639423076923078 0.040865384615384616 0.10336538461538461
1 0.6141826923076923 0.3485576923076923 0.036057692307692304 0.15384615384615385
1 0.7355769230769231 0.37259615384615385 0.02403846153846154 0.10576923076923077
4 0.859375 0.3918269230769231 0.055288461538461536 0.0673076923076923
2 0.7800480769230769 0.3954326923076923 0.036057692307692304 0.06009615384615385
4 0.08173076923076923 0.45072115384615385 0.028846153846153848 0.04567307692307692
4 0.10697115384615384 0.5204326923076923 0.026442307692307692 0.06971153846153846
3 0.3112980769230769 0.6622596153846154 0.021634615384615384 0.08653846153846154
0 0.19230769230769232 0.6923076923076923 0.026442307692307692 0.056490384615384616
2 0.04927884615384615 0.7055288461538461 0.03125 0.0889423076923077
1 0.12259615384615384 0.7992788461538461 0.021634615384615384 0.10096153846153846
4 0.30528846153846156 0.8040865384615384 0.027644230769230768 0.0829326923076923
4 0.32091346153846156 0.9074519230769231 0.03125 0.10336538461538461
1 0.125 0.9615384615384616 0.028846153846153848 0.07211538461538461
4 0.5036057692307693 0.44350961538461536 0.026442307692307692 0.03125
1 0.6370192307692307 0.4519230769230769 0.019230769230769232 0.04807692307692308
4 0.5108173076923077 0.5817307692307693 0.02403846153846154 0.06971153846153846
3 0.4170673076923077 0.6502403846153846 0.021634615384615384 0.04927884615384615
1 0.8497596153846154 0.6586538461538461 0.020432692307692308 0.0829326923076923
0 0.4495192307692308 0.6742788461538461 0.02403846153846154 0.06129807692307692
2 0.6069711538461539 0.6766826923076923 0.02403846153846154 0.06971153846153846
4 0.36177884615384615 0.7355769230769231 0.019230769230769232 0.06129807692307692
4 0.4050480769230769 0.7608173076923077 0.027644230769230768 0.056490384615384616
2 0.5805288461538461 0.7668269230769231 0.03245192307692308 0.07692307692307693
4 0.45552884615384615 0.7728365384615384 0.02283653846153846 0.06610576923076923
1 0.46875 0.8545673076923077 0.018028846153846152 0.09735576923076923