4 0.31850961538461536 0.09014423076923077 0.03365384615384615 0.07692307692307693
1 0.21634615384615385 0.09735576923076923 0.019230769230769232 0.07091346153846154
4 0.33413461538461536 0.1658653846153846 0.025240384615384616 0.07932692307692307
2 0.3173076923076923 0.24158653846153846 0.03125 0.08173076923076923
4 0.5408653846153846 0.2608173076923077 0.019230769230769232 0.08173076923076923
2 0.20793269230769232 0.2800480769230769 0.02403846153846154 0.056490384615384616
3 0.5637019230769231 0.29086538461538464 0.021634615384615384 0.1045673076923077
0 0.41466346153846156 0.33413461538461536 0.027644230769230768 0.054086538461538464
2 0.25961538461538464 0.38822115384615385 0.027644230769230768 0.08653846153846154
3 0.7512019230769231 0.021634615384615384 0.026442307692307692 0.04326923076923077
4 0.6911057692307693 0.0733173076923077 0.027644230769230768 0.09134615384615384
4 0.7560096153846154 0.24639423076923078 0.03125 0.11778846153846154
4 0.8016826923076923 0.46875 0.04567307692307692 0.07692307692307693
1 0.7139423076923077 0.48677884615384615 0.038461538461538464 0.040865384615384616
2 0.34375 0.5504807692307693 0.028846153846153848 0.08173076923076923
4 0.5420673076923077 0.5877403846153846 0.027644230769230768 0.08413461538461539
1 0.21995192307692307 0.625 0.025240384615384616 0.09735576923076923
2 0.41586538461538464 0.6310096153846154 0.02283653846153846 0.11658653846153846
4 0.5757211538461539 0.6418269230769231 0.039663461538461536 0.109375
1 0.359375 0.9194711538461539 0.03245192307692308 0.10576923076923077
1 0.6286057692307693 0.5973557692307693 0.021634615384615384 0.07932692307692307
1 0.8701923076923077 0.7019230769230769 0.027644230769230768 0.06850961538461539
1 0.9567307692307693 0.9314903846153846 0.018028846153846152 0.08173076923076923