1 0.34134615384615385 0.026442307692307692 0.028846153846153848 0.052884615384615384
2 0.28725961538461536 0.14423076923076922 0.03485576923076923 0.07932692307692307
2 0.17307692307692307 0.1622596153846154 0.03125 0.06971153846153846
4 0.3389423076923077 0.19110576923076922 0.027644230769230768 0.06610576923076923
2 0.1201923076923077 0.2536057692307692 0.03125 0.09254807692307693
3 0.32211538461538464 0.25961538461538464 0.03485576923076923 0.08173076923076923
0 0.2824519230769231 0.26802884615384615 0.03245192307692308 0.06009615384615385
2 0.18990384615384615 0.3858173076923077 0.046875 0.09254807692307693
4 0.2644230769230769 0.390625 0.025240384615384616 0.0733173076923077
1 0.04326923076923077 0.40384615384615385 0.027644230769230768 0.09254807692307693
4 0.28846153846153844 0.41346153846153844 0.03125 0.08173076923076923
4 0.27524038461538464 0.46875 0.02403846153846154 0.140625
1 0.0985576923076923 0.4699519230769231 0.028846153846153848 0.10336538461538461
2 0.5264423076923077 0.10697115384615384 0.02403846153846154 0.10817307692307693
4 0.6923076923076923 0.12740384615384615 0.03245192307692308 0.07451923076923077
4 0.6586538461538461 0.14302884615384615 0.03485576923076923 0.036057692307692304
2 0.5588942307692307 0.21153846153846154 0.02403846153846154 0.09495192307692307
3 0.6850961538461539 0.22716346153846154 0.025240384615384616 0.08653846153846154
4 0.8461538461538461 0.23918269230769232 0.03485576923076923 0.09495192307692307
0 0.6490384615384616 0.2608173076923077 0.04326923076923077 0.06971153846153846
2 0.5324519230769231 0.3076923076923077 0.025240384615384616 0.1141826923076923
4 0.7055288461538461 0.5108173076923077 0.027644230769230768 0.052884615384615384
1 0.6165865384615384 0.5348557692307693 0.021634615384615384 0.10817307692307693
1 0.08413461538461539 0.8125 0.03125 0.09134615384615384
4 0.3473557692307692 0.8257211538461539 0.016826923076923076 0.08413461538461539
2 0.21153846153846154 0.9747596153846154 0.028846153846153848 0.04567307692307692
4 0.5817307692307693 0.7091346153846154 0.02403846153846154 0.0625
2 0.7872596153846154 0.7211538461538461 0.026442307692307692 0.08653846153846154
4 0.6141826923076923 0.7463942307692307 0.026442307692307692 0.08173076923076923
1 0.6766826923076923 0.7872596153846154 0.02403846153846154 0.08653846153846154