4 0.140625 0.025240384615384616 0.03125 0.05048076923076923
2 0.36177884615384615 0.03365384615384615 0.03125 0.0673076923076923
0 0.20432692307692307 0.09615384615384616 0.036057692307692304 0.07451923076923077
3 0.030048076923076924 0.0985576923076923 0.020432692307692308 0.10697115384615384
2 0.35697115384615385 0.14543269230769232 0.02403846153846154 0.09134615384615384
4 0.16947115384615385 0.22596153846153846 0.036057692307692304 0.078125
1 0.46153846153846156 0.40384615384615385 0.028846153846153848 0.08653846153846154
4 0.12379807692307693 0.41346153846153844 0.040865384615384616 0.0673076923076923
1 0.8425480769230769 0.008413461538461538 0.021634615384615384 0.016826923076923076
1 0.9867788461538461 0.2920673076923077 0.025240384615384616 0.10697115384615384
1 0.203125 0.6478365384615384 0.021634615384615384 0.10336538461538461
2 0.4182692307692308 0.6694711538461539 0.02403846153846154 0.10817307692307693
4 0.5841346153846154 0.6899038461538461 0.03245192307692308 0.07451923076923077
4 0.5504807692307693 0.7055288461538461 0.03485576923076923 0.036057692307692304
1 0.234375 0.7307692307692307 0.02403846153846154 0.1141826923076923
2 0.45072115384615385 0.7740384615384616 0.02403846153846154 0.09495192307692307
3 0.5769230769230769 0.7896634615384616 0.025240384615384616 0.08653846153846154
0 0.5408653846153846 0.8233173076923077 0.04326923076923077 0.06971153846153846
2 0.42427884615384615 0.8701923076923077 0.025240384615384616 0.1141826923076923
1 0.234375 0.9338942307692307 0.03245192307692308 0.1141826923076923
1 0.42427884615384615 0.49038461538461536 0.026442307692307692 0.08173076923076923
4 0.5264423076923077 0.49038461538461536 0.038461538461538464 0.08173076923076923
4 0.9002403846153846 0.6694711538461539 0.02283653846153846 0.06009615384615385
3 0.8125 0.7560096153846154 0.025240384615384616 0.0625
0 0.9459134615384616 0.7836538461538461 0.026442307692307692 0.06850961538461539
4 0.8076923076923077 0.8209134615384616 0.025240384615384616 0.08173076923076923
4 0.8870192307692307 0.9831730769230769 0.03365384615384615 0.028846153846153848
1 0.9939903846153846 0.5276442307692307 0.007211538461538462 0.05048076923076923
4 0.9471153846153846 0.5384615384615384 0.025240384615384616 0.07451923076923077
1 0.9951923076923077 0.5865384615384616 0.004807692307692308 0.04807692307692308