2 0.33052884615384615 0.052884615384615384 0.03125 0.10576923076923077
2 0.3713942307692308 0.15264423076923078 0.026442307692307692 0.11658653846153846
1 0.234375 0.1971153846153846 0.025240384615384616 0.12860576923076922
1 0.7355769230769231 0.1310096153846154 0.02403846153846154 0.09735576923076923
4 0.8245192307692307 0.13221153846153846 0.030048076923076924 0.09375
4 0.7956730769230769 0.265625 0.038461538461538464 0.10336538461538461
1 0.5420673076923077 0.2920673076923077 0.03125 0.0985576923076923
4 0.8485576923076923 0.3545673076923077 0.037259615384615384 0.11538461538461539
2 0.7367788461538461 0.3557692307692308 0.040865384615384616 0.06129807692307692
3 0.9302884615384616 0.4879807692307692 0.04447115384615385 0.06971153846153846
2 0.5637019230769231 0.4807692307692308 0.026442307692307692 0.09134615384615384
2 0.6490384615384616 0.4831730769230769 0.028846153846153848 0.08653846153846154
2 0.7139423076923077 0.4987980769230769 0.057692307692307696 0.055288461538461536
0 0.7752403846153846 0.5060096153846154 0.04567307692307692 0.040865384615384616
4 0.48197115384615385 0.5769230769230769 0.007211538461538462 0.08653846153846154
1 0.21153846153846154 0.6165865384615384 0.021634615384615384 0.09254807692307693
4 0.4483173076923077 0.7163461538461539 0.025240384615384616 0.08052884615384616
1 0.28966346153846156 0.7415865384615384 0.020432692307692308 0.0829326923076923
1 0.01201923076923077 0.8028846153846154 0.015625 0.0985576923076923
4 0.47475961538461536 0.8629807692307693 0.021634615384615384 0.08173076923076923
2 0.3389423076923077 0.9266826923076923 0.018028846153846152 0.09615384615384616
1 0.9302884615384616 0.5745192307692307 0.019230769230769232 0.09134615384615384
2 0.5300480769230769 0.6105769230769231 0.018028846153846152 0.09735576923076923
2 0.515625 0.6947115384615384 0.02283653846153846 0.09495192307692307
2 0.5564903846153846 0.7512019230769231 0.027644230769230768 0.09134615384615384
1 0.5973557692307693 0.9819711538461539 0.03125 0.03125