1 0.6370192307692307 0.10697115384615384 0.02403846153846154 0.08052884615384616
1 0.9939903846153846 0.17548076923076922 0.007211538461538462 0.10096153846153846
1 0.42788461538461536 0.5913461538461539 0.020432692307692308 0.10576923076923077
0 0.06009615384615385 0.6117788461538461 0.025240384615384616 0.06370192307692307
2 0.13581730769230768 0.6201923076923077 0.025240384615384616 0.08653846153846154
2 0.09495192307692307 0.6586538461538461 0.03245192307692308 0.09735576923076923
1 0.06850961538461539 0.7740384615384616 0.020432692307692308 0.10576923076923077
1 0.1658653846153846 0.8677884615384616 0.019230769230769232 0.11899038461538461
4 0.19110576923076922 0.3425480769230769 0.026442307692307692 0.06971153846153846
1 0.25240384615384615 0.3545673076923077 0.02403846153846154 0.06610576923076923
4 0.10216346153846154 0.4387019230769231 0.03125 0.078125
1 0.31971153846153844 0.46634615384615385 0.020432692307692308 0.11658653846153846
4 0.8329326923076923 0.38221153846153844 0.02283653846153846 0.0673076923076923
1 0.9663461538461539 0.39903846153846156 0.015625 0.06850961538461539
4 0.8401442307692307 0.5408653846153846 0.02403846153846154 0.06971153846153846
4 0.59375 0.5961538461538461 0.019230769230769232 0.07211538461538461
3 0.7463942307692307 0.609375 0.021634615384615384 0.04927884615384615
0 0.7788461538461539 0.6334134615384616 0.02403846153846154 0.06129807692307692
2 0.9362980769230769 0.6358173076923077 0.02403846153846154 0.06971153846153846
4 0.6911057692307693 0.6947115384615384 0.019230769230769232 0.06129807692307692
4 0.734375 0.7199519230769231 0.027644230769230768 0.056490384615384616
2 0.9098557692307693 0.7259615384615384 0.03245192307692308 0.07692307692307693
4 0.7848557692307693 0.7319711538461539 0.02283653846153846 0.06610576923076923
1 0.7980769230769231 0.8137019230769231 0.018028846153846152 0.09735576923076923
4 0.6370192307692307 0.9723557692307693 0.02403846153846154 0.05048076923076923
1 0.7271634615384616 0.984375 0.03125 0.026442307692307692