1 0.020432692307692308 0.109375 0.014423076923076924 0.06009615384615385
2 0.008413461538461538 0.14302884615384615 0.014423076923076924 0.051682692307692304
2 0.09375 0.20673076923076922 0.010817307692307692 0.0625
1 0.265625 0.20793269230769232 0.01201923076923077 0.06129807692307692
2 0.13341346153846154 0.29086538461538464 0.02283653846153846 0.06610576923076923
1 0.31850961538461536 0.3605769230769231 0.018028846153846152 0.07091346153846154
4 0.010817307692307692 0.4675480769230769 0.021634615384615384 0.06009615384615385
1 0.19591346153846154 0.5384615384615384 0.014423076923076924 0.0625
4 0.07211538461538461 0.5612980769230769 0.027644230769230768 0.07451923076923077
1 0.1935096153846154 0.6538461538461539 0.019230769230769232 0.07451923076923077
4 0.0985576923076923 0.6706730769230769 0.03125 0.05889423076923077
2 0.8786057692307693 0.1935096153846154 0.020432692307692308 0.0889423076923077
4 0.5588942307692307 0.24759615384615385 0.019230769230769232 0.08052884615384616
3 0.6165865384615384 0.25600961538461536 0.007211538461538462 0.09735576923076923
2 0.90625 0.2800480769230769 0.015625 0.09495192307692307
0 0.7319711538461539 0.2824519230769231 0.030048076923076924 0.06610576923076923
4 0.6802884615384616 0.38100961538461536 0.020432692307692308 0.1141826923076923
2 0.8317307692307693 0.4651442307692308 0.030048076923076924 0.08052884615384616
4 0.6490384615384616 0.5216346153846154 0.027644230769230768 0.09495192307692307
4 0.640625 0.7019230769230769 0.040865384615384616 0.028846153846153848
1 0.7596153846153846 0.7067307692307693 0.019230769230769232 0.019230769230769232
1 0.8221153846153846 0.018028846153846152 0.02403846153846154 0.036057692307692304
4 0.7524038461538461 0.020432692307692308 0.038461538461538464 0.040865384615384616
4 0.2848557692307692 0.7295673076923077 0.03125 0.021634615384615384
2 0.1346153846153846 0.7475961538461539 0.02403846153846154 0.057692307692307696
3 0.3713942307692308 0.8689903846153846 0.025240384615384616 0.09975961538461539
0 0.25841346153846156 0.8701923076923077 0.027644230769230768 0.04447115384615385
2 0.0829326923076923 0.9411057692307693 0.026442307692307692 0.07211538461538461
4 0.24519230769230768 0.9879807692307693 0.028846153846153848 0.019230769230769232
1 0.8978365384615384 0.7307692307692307 0.03125 0.02403846153846154
4 0.71875 0.8425480769230769 0.036057692307692304 0.08413461538461539
1 0.8257211538461539 0.8774038461538461 0.028846153846153848 0.0889423076923077
4 0.6105769230769231 0.9639423076923077 0.03245192307692308 0.042067307692307696
2 0.8125 0.9723557692307693 0.038461538461538464 0.05048076923076923
4 0.8401442307692307 0.7271634615384616 0.03125 0.016826923076923076