2 0.20432692307692307 0.04447115384615385 0.020432692307692308 0.06971153846153846
1 0.11177884615384616 0.04447115384615385 0.019230769230769232 0.06490384615384616
4 0.27884615384615385 0.051682692307692304 0.021634615384615384 0.037259615384615384
3 0.38461538461538464 0.10576923076923077 0.015625 0.07451923076923077
4 0.40865384615384615 0.11298076923076923 0.01201923076923077 0.0733173076923077
0 0.2764423076923077 0.14182692307692307 0.025240384615384616 0.040865384615384616
2 0.16947115384615385 0.15745192307692307 0.014423076923076924 0.07932692307692307
4 0.3713942307692308 0.30408653846153844 0.02403846153846154 0.07692307692307693
1 0.2956730769230769 0.3581730769230769 0.021634615384615384 0.08413461538461539
4 0.36538461538461536 0.4026442307692308 0.019230769230769232 0.08052884615384616
1 0.2091346153846154 0.4206730769230769 0.019230769230769232 0.078125
2 0.5264423076923077 0.21033653846153846 0.021634615384615384 0.078125
2 0.5024038461538461 0.34615384615384615 0.021634615384615384 0.09495192307692307
1 0.6262019230769231 0.3954326923076923 0.027644230769230768 0.09735576923076923
1 0.7980769230769231 0.47115384615384615 0.015625 0.0889423076923077
1 0.5180288461538461 0.04927884615384615 0.019230769230769232 0.078125
1 0.4735576923076923 0.8257211538461539 0.004807692307692308 0.0985576923076923
4 0.2776442307692308 0.6646634615384616 0.030048076923076924 0.10817307692307693
1 0.4014423076923077 0.7367788461538461 0.02403846153846154 0.10817307692307693
4 0.20793269230769232 0.7379807692307693 0.027644230769230768 0.0829326923076923
4 0.24519230769230768 0.7896634615384616 0.021634615384615384 0.08653846153846154
1 0.9483173076923077 0.5649038461538461 0.021634615384615384 0.07211538461538461
3 0.5649038461538461 0.6021634615384616 0.019230769230769232 0.13341346153846154
0 0.7067307692307693 0.6526442307692307 0.03125 0.06009615384615385
4 0.5324519230769231 0.65625 0.026442307692307692 0.09134615384615384
2 0.8737980769230769 0.6670673076923077 0.03245192307692308 0.10336538461538461
4 0.5733173076923077 0.7512019230769231 0.019230769230769232 0.1141826923076923
2 0.8209134615384616 0.7776442307692307 0.028846153846153848 0.1141826923076923
1 0.9807692307692307 0.8689903846153846 0.026442307692307692 0.11899038461538461
4 0.5564903846153846 0.8882211538461539 0.038461538461538464 0.09615384615384616
1 0.6430288461538461 0.90625 0.02403846153846154 0.10697115384615384