1 0.48197115384615385 0.07211538461538461 0.019230769230769232 0.0829326923076923
1 0.25961538461538464 0.09134615384615384 0.018028846153846152 0.078125
1 0.9399038461538461 0.20072115384615385 0.020432692307692308 0.09375
2 0.5300480769230769 0.28365384615384615 0.021634615384615384 0.08173076923076923
2 0.6754807692307693 0.3425480769230769 0.02403846153846154 0.07451923076923077
0 0.5300480769230769 0.4014423076923077 0.021634615384615384 0.04326923076923077
2 0.7283653846153846 0.4675480769230769 0.028846153846153848 0.07932692307692307
1 0.9771634615384616 0.4807692307692308 0.026442307692307692 0.052884615384615384
4 0.1310096153846154 0.5805288461538461 0.03485576923076923 0.12620192307692307
0 0.34615384615384615 0.5817307692307693 0.039663461538461536 0.04447115384615385
3 0.16947115384615385 0.6069711538461539 0.03365384615384615 0.14182692307692307
2 0.5108173076923077 0.6141826923076923 0.01201923076923077 0.11298076923076923
4 0.26322115384615385 0.6466346153846154 0.037259615384615384 0.13942307692307693
4 0.4543269230769231 0.734375 0.042067307692307696 0.1141826923076923
4 0.40625 0.8665865384615384 0.04447115384615385 0.125
0 0.9002403846153846 0.53125 0.03125 0.04326923076923077
2 0.7247596153846154 0.5997596153846154 0.026442307692307692 0.07211538461538461
1 0.5240384615384616 0.6394230769230769 0.009615384615384616 0.09134615384615384
4 0.8858173076923077 0.6754807692307693 0.026442307692307692 0.07451923076923077
1 0.6658653846153846 0.7439903846153846 0.025240384615384616 0.078125
4 0.8930288461538461 0.7836538461538461 0.030048076923076924 0.08413461538461539
1 0.5709134615384616 0.9242788461538461 0.028846153846153848 0.08413461538461539
4 0.8665865384615384 0.9615384615384616 0.036057692307692304 0.07211538461538461