1 0.421875 0.17668269230769232 0.013221153846153846 0.05048076923076923
4 0.46274038461538464 0.17908653846153846 0.007211538461538462 0.05048076923076923
2 0.42908653846153844 0.3112980769230769 0.021634615384615384 0.04447115384615385
1 0.1346153846153846 0.3545673076923077 0.014423076923076924 0.06490384615384616
2 0.36538461538461536 0.359375 0.02403846153846154 0.055288461538461536
1 0.5877403846153846 0.02403846153846154 0.03125 0.04807692307692308
4 0.53125 0.028846153846153848 0.03365384615384615 0.057692307692307696
2 0.6826923076923077 0.054086538461538464 0.02403846153846154 0.07932692307692307
1 0.9146634615384616 0.11057692307692307 0.025240384615384616 0.09134615384615384
0 0.59375 0.19591346153846154 0.03125 0.056490384615384616
2 0.7355769230769231 0.265625 0.026442307692307692 0.08653846153846154
1 0.9026442307692307 0.32091346153846156 0.02403846153846154 0.0985576923076923
4 0.5637019230769231 0.33533653846153844 0.03245192307692308 0.08653846153846154
4 0.6117788461538461 0.3485576923076923 0.036057692307692304 0.07692307692307693
2 0.6778846153846154 0.3545673076923077 0.02403846153846154 0.06490384615384616
4 0.40625 0.4639423076923077 0.03485576923076923 0.09134615384615384
3 0.18629807692307693 0.47836538461538464 0.027644230769230768 0.054086538461538464
4 0.2824519230769231 0.4831730769230769 0.03365384615384615 0.11899038461538461
0 0.15144230769230768 0.5048076923076923 0.039663461538461536 0.09735576923076923
2 0.004807692307692308 0.5997596153846154 0.009615384615384616 0.11298076923076923
2 0.009615384615384616 0.7091346153846154 0.019230769230769232 0.13942307692307693
4 0.2764423076923077 0.8040865384615384 0.038461538461538464 0.1045673076923077
1 0.19471153846153846 0.8473557692307693 0.036057692307692304 0.11538461538461539
4 0.96875 0.4423076923076923 0.014423076923076924 0.09134615384615384
1 0.7620192307692307 0.453125 0.020432692307692308 0.054086538461538464
1 0.7560096153846154 0.5985576923076923 0.019230769230769232 0.08774038461538461
4 0.9831730769230769 0.6045673076923077 0.028846153846153848 0.08413461538461539
1 0.5168269230769231 0.6418269230769231 0.018028846153846152 0.09975961538461539
4 0.9639423076923077 0.6899038461538461 0.027644230769230768 0.08413461538461539
2 0.7908653846153846 0.7536057692307693 0.018028846153846152 0.0889423076923077
2 0.9206730769230769 0.765625 0.03125 0.0625
0 0.9615384615384616 0.8798076923076923 0.025240384615384616 0.0625
2 0.8221153846153846 0.9375 0.020432692307692308 0.07692307692307693
1 0.5144230769230769 0.9651442307692307 0.019230769230769232 0.06490384615384616