1 0.19110576923076922 0.018028846153846152 0.021634615384615384 0.036057692307692304
4 0.49278846153846156 0.18389423076923078 0.014423076923076924 0.06850961538461539
1 0.4326923076923077 0.20432692307692307 0.019230769230769232 0.09134615384615384
2 0.9206730769230769 0.16947115384615385 0.03365384615384615 0.1201923076923077
3 0.7163461538461539 0.24519230769230768 0.03245192307692308 0.1141826923076923
0 0.765625 0.24879807692307693 0.038461538461538464 0.0625
2 0.9411057692307693 0.33653846153846156 0.036057692307692304 0.125
4 0.7644230769230769 0.3942307692307692 0.04927884615384615 0.0625
4 0.7704326923076923 0.4543269230769231 0.026442307692307692 0.0625
4 0.7403846153846154 0.46033653846153844 0.03365384615384615 0.05048076923076923
2 0.9074519230769231 0.4639423076923077 0.036057692307692304 0.04326923076923077
1 0.44591346153846156 0.5793269230769231 0.020432692307692308 0.1201923076923077
3 0.234375 0.6237980769230769 0.021634615384615384 0.07091346153846154
4 0.021634615384615384 0.6334134615384616 0.030048076923076924 0.08653846153846154
2 0.4266826923076923 0.6610576923076923 0.030048076923076924 0.055288461538461536
0 0.265625 0.6610576923076923 0.025240384615384616 0.07091346153846154
1 0.6706730769230769 0.6742788461538461 0.026442307692307692 0.12860576923076922
4 0.19110576923076922 0.7355769230769231 0.039663461538461536 0.04447115384615385
2 0.43990384615384615 0.7427884615384616 0.028846153846153848 0.11538461538461539
4 0.20793269230769232 0.7848557692307693 0.027644230769230768 0.11538461538461539
2 0.3329326923076923 0.8004807692307693 0.02403846153846154 0.09134615384615384
4 0.11899038461538461 0.8221153846153846 0.038461538461538464 0.09134615384615384
1 0.5120192307692307 0.8942307692307693 0.026442307692307692 0.11057692307692307
1 0.7283653846153846 0.6538461538461539 0.018028846153846152 0.09735576923076923
1 0.7752403846153846 0.9074519230769231 0.028846153846153848 0.11658653846153846