1 0.05889423076923077 0.020432692307692308 0.016826923076923076 0.040865384615384616
2 0.30649038461538464 0.03125 0.016826923076923076 0.0625
0 0.40865384615384615 0.054086538461538464 0.020432692307692308 0.05048076923076923
2 0.2932692307692308 0.0673076923076923 0.01201923076923077 0.0733173076923077
2 0.3641826923076923 0.13942307692307693 0.019230769230769232 0.07091346153846154
1 0.22596153846153846 0.22956730769230768 0.015625 0.07692307692307693
4 0.421875 0.2980769230769231 0.007211538461538462 0.07692307692307693
1 0.23798076923076922 0.40625 0.020432692307692308 0.08413461538461539
4 0.375 0.41947115384615385 0.03485576923076923 0.0889423076923077
4 0.6021634615384616 0.14423076923076922 0.030048076923076924 0.042067307692307696
1 0.9939903846153846 0.18028846153846154 0.007211538461538462 0.09134615384615384
2 0.7524038461538461 0.1971153846153846 0.021634615384615384 0.08052884615384616
4 0.43509615384615385 0.22716346153846154 0.014423076923076924 0.08052884615384616
3 0.5192307692307693 0.23557692307692307 0.02403846153846154 0.09134615384615384
0 0.6117788461538461 0.2692307692307692 0.030048076923076924 0.046875
2 0.7475961538461539 0.2932692307692308 0.025240384615384616 0.0889423076923077
1 0.9447115384615384 0.47475961538461536 0.019230769230769232 0.09134615384615384
4 0.5360576923076923 0.4831730769230769 0.026442307692307692 0.09134615384615384
1 0.6826923076923077 0.5084134615384616 0.025240384615384616 0.10336538461538461
1 0.16826923076923078 0.8100961538461539 0.021634615384615384 0.12620192307692307
2 0.040865384615384616 0.9423076923076923 0.026442307692307692 0.06370192307692307
2 0.036057692307692304 0.984375 0.02403846153846154 0.026442307692307692
2 0.546875 0.6694711538461539 0.026442307692307692 0.040865384615384616
1 0.7439903846153846 0.6814903846153846 0.026442307692307692 0.06490384615384616
2 0.5480769230769231 0.7379807692307693 0.015625 0.11177884615384616
1 0.6286057692307693 0.9459134615384616 0.021634615384615384 0.10336538461538461