2 0.13341346153846154 0.039663461538461536 0.01201923076923077 0.07932692307692307
4 0.2247596153846154 0.11057692307692307 0.016826923076923076 0.0733173076923077
2 0.04567307692307692 0.1141826923076923 0.018028846153846152 0.08052884615384616
4 0.11177884615384616 0.12259615384615384 0.014423076923076924 0.07451923076923077
4 0.1778846153846154 0.12259615384615384 0.021634615384615384 0.03365384615384615
2 0.007211538461538462 0.16947115384615385 0.01201923076923077 0.07692307692307693
4 0.08413461538461539 0.1778846153846154 0.016826923076923076 0.0733173076923077
0 0.13341346153846154 0.19230769230769232 0.02403846153846154 0.04567307692307692
3 0.22956730769230768 0.21514423076923078 0.02403846153846154 0.08653846153846154
4 0.05048076923076923 0.22115384615384615 0.014423076923076924 0.08052884615384616
4 0.3125 0.24278846153846154 0.013221153846153846 0.09254807692307693
2 0.02403846153846154 0.24519230769230768 0.013221153846153846 0.08774038461538461
1 0.7956730769230769 0.0889423076923077 0.03125 0.09134615384615384
1 0.8677884615384616 0.21394230769230768 0.03365384615384615 0.12379807692307693
2 0.5288461538461539 0.40024038461538464 0.03365384615384615 0.021634615384615384
1 0.3293269230769231 0.4110576923076923 0.028846153846153848 0.04326923076923077
2 0.5072115384615384 0.41466346153846156 0.038461538461538464 0.05048076923076923
2 0.4362980769230769 0.5252403846153846 0.02403846153846154 0.13942307692307693
1 0.0733173076923077 0.5925480769230769 0.02283653846153846 0.15384615384615385
1 0.4579326923076923 0.6442307692307693 0.03485576923076923 0.15865384615384615
1 0.7319711538461539 0.46274038461538464 0.020432692307692308 0.11538461538461539
1 0.5769230769230769 0.6153846153846154 0.020432692307692308 0.109375
1 0.8762019230769231 0.6598557692307693 0.016826923076923076 0.11538461538461539
2 0.5757211538461539 0.7536057692307693 0.028846153846153848 0.12379807692307693
1 0.9903846153846154 0.8365384615384616 0.014423076923076924 0.14423076923076922