2 0.4807692307692308 0.013221153846153846 0.02403846153846154 0.026442307692307692
3 0.26322115384615385 0.02403846153846154 0.021634615384615384 0.04807692307692308
1 0.6274038461538461 0.037259615384615384 0.019230769230769232 0.07451923076923077
2 0.4891826923076923 0.07692307692307693 0.02283653846153846 0.08052884615384616
2 0.6430288461538461 0.13822115384615385 0.007211538461538462 0.0985576923076923
0 0.765625 0.18028846153846154 0.037259615384615384 0.046875
3 0.9038461538461539 0.19951923076923078 0.03485576923076923 0.10216346153846154
4 0.7584134615384616 0.3173076923076923 0.028846153846153848 0.06971153846153846
4 0.6911057692307693 0.3293269230769231 0.025240384615384616 0.11538461538461539
4 0.7632211538461539 0.4206730769230769 0.03125 0.03365384615384615
2 0.4266826923076923 0.5300480769230769 0.025240384615384616 0.1141826923076923
3 0.5552884615384616 0.5348557692307693 0.021634615384615384 0.0829326923076923
0 0.5180288461538461 0.5673076923076923 0.030048076923076924 0.06850961538461539
2 0.4423076923076923 0.5769230769230769 0.014423076923076924 0.09975961538461539
4 0.6213942307692307 0.6971153846153846 0.03125 0.07692307692307693
1 0.23918269230769232 0.7139423076923077 0.025240384615384616 0.09975961538461539
4 0.5661057692307693 0.7355769230769231 0.02403846153846154 0.08173076923076923
1 0.44350961538461536 0.765625 0.02283653846153846 0.12139423076923077
4 0.609375 0.7728365384615384 0.02283653846153846 0.09134615384615384
1 0.36538461538461536 0.8185096153846154 0.027644230769230768 0.11298076923076923
4 0.8689903846153846 0.4891826923076923 0.02283653846153846 0.06971153846153846
1 0.9759615384615384 0.5985576923076923 0.02283653846153846 0.06370192307692307
4 0.9134615384615384 0.6033653846153846 0.025240384615384616 0.0673076923076923
2 0.9699519230769231 0.6598557692307693 0.02403846153846154 0.055288461538461536
3 0.8269230769230769 0.7620192307692307 0.020432692307692308 0.09014423076923077
0 0.9519230769230769 0.765625 0.027644230769230768 0.051682692307692304
4 0.9495192307692307 0.9086538461538461 0.027644230769230768 0.07932692307692307
4 0.9819711538461539 0.9891826923076923 0.03125 0.016826923076923076