4 0.07692307692307693 0.1346153846153846 0.020432692307692308 0.06009615384615385
1 0.02283653846153846 0.140625 0.020432692307692308 0.0625
2 0.0733173076923077 0.23076923076923078 0.027644230769230768 0.06610576923076923
4 0.140625 0.234375 0.019230769230769232 0.04326923076923077
4 0.2920673076923077 0.28725961538461536 0.02283653846153846 0.0625
3 0.22716346153846154 0.29447115384615385 0.025240384615384616 0.07451923076923077
2 0.018028846153846152 0.3004807692307692 0.016826923076923076 0.08052884615384616
0 0.14423076923076922 0.31850961538461536 0.037259615384615384 0.042067307692307696
2 0.042067307692307696 0.3485576923076923 0.01201923076923077 0.06370192307692307
1 0.11658653846153846 0.5216346153846154 0.019230769230769232 0.0829326923076923
4 0.28125 0.5528846153846154 0.038461538461538464 0.0673076923076923
1 0.8557692307692307 0.08533653846153846 0.02403846153846154 0.09735576923076923
4 0.9447115384615384 0.08653846153846154 0.030048076923076924 0.09375
4 0.9158653846153846 0.21995192307692307 0.038461538461538464 0.10336538461538461
1 0.6622596153846154 0.24639423076923078 0.03125 0.0985576923076923
4 0.96875 0.3088942307692308 0.037259615384615384 0.11538461538461539
2 0.8569711538461539 0.31009615384615385 0.040865384615384616 0.06129807692307692
2 0.6826923076923077 0.44471153846153844 0.02403846153846154 0.109375
2 0.7692307692307693 0.44711538461538464 0.026442307692307692 0.10336538461538461
2 0.8341346153846154 0.47115384615384615 0.056490384615384616 0.08774038461538461
0 0.8954326923076923 0.4831730769230769 0.04326923076923077 0.08413461538461539
4 0.3269230769230769 0.6610576923076923 0.039663461538461536 0.08533653846153846
4 0.30649038461538464 0.7463942307692307 0.028846153846153848 0.10576923076923077
2 0.11177884615384616 0.7475961538461539 0.02283653846153846 0.09615384615384616
2 0.014423076923076924 0.8269230769230769 0.026442307692307692 0.1045673076923077
4 0.3473557692307692 0.8509615384615384 0.016826923076923076 0.11057692307692307
0 0.1875 0.8798076923076923 0.03365384615384615 0.039663461538461536
3 0.3245192307692308 0.9050480769230769 0.028846153846153848 0.1141826923076923
1 0.140625 0.6213942307692307 0.03125 0.06490384615384616
1 0.5084134615384616 0.6237980769230769 0.026442307692307692 0.06971153846153846
1 0.3762019230769231 0.7319711538461539 0.036057692307692304 0.12740384615384615
4 0.6478365384615384 0.765625 0.051682692307692304 0.1310096153846154
1 0.39302884615384615 0.9579326923076923 0.05048076923076923 0.07932692307692307
4 0.47836538461538464 0.9627403846153846 0.04807692307692308 0.06971153846153846