1 0.1045673076923077 0.009615384615384616 0.03125 0.019230769230769232
4 0.07451923076923077 0.009615384615384616 0.019230769230769232 0.019230769230769232
1 0.32572115384615385 0.040865384615384616 0.01201923076923077 0.06490384615384616
4 0.028846153846153848 0.055288461538461536 0.019230769230769232 0.06610576923076923
1 0.17307692307692307 0.1045673076923077 0.018028846153846152 0.05889423076923077
2 0.08774038461538461 0.20432692307692307 0.026442307692307692 0.06490384615384616
4 0.008413461538461538 0.21634615384615385 0.016826923076923076 0.0625
2 0.16706730769230768 0.27283653846153844 0.021634615384615384 0.07091346153846154
1 0.3161057692307692 0.3137019230769231 0.018028846153846152 0.08413461538461539
2 0.17668269230769232 0.3425480769230769 0.026442307692307692 0.04567307692307692
4 0.8257211538461539 0.23557692307692307 0.018028846153846152 0.09375
4 0.6983173076923077 0.2848557692307692 0.020432692307692308 0.08533653846153846
3 0.6730769230769231 0.31009615384615385 0.016826923076923076 0.09735576923076923
0 0.8161057692307693 0.34615384615384615 0.026442307692307692 0.038461538461538464
4 0.037259615384615384 0.4074519230769231 0.026442307692307692 0.06971153846153846
3 0.24158653846153846 0.5492788461538461 0.021634615384615384 0.08653846153846154
0 0.12259615384615384 0.5793269230769231 0.026442307692307692 0.056490384615384616
4 0.2800480769230769 0.5805288461538461 0.028846153846153848 0.09254807692307693
1 0.052884615384615384 0.6862980769230769 0.021634615384615384 0.10096153846153846
4 0.23557692307692307 0.6911057692307693 0.027644230769230768 0.0829326923076923
4 0.2536057692307692 0.7932692307692307 0.03365384615384615 0.10096153846153846
1 0.055288461538461536 0.8665865384615384 0.027644230769230768 0.1045673076923077
4 0.953125 0.39783653846153844 0.036057692307692304 0.06009615384615385
2 0.8473557692307693 0.6237980769230769 0.056490384615384616 0.09254807692307693
1 0.9507211538461539 0.6310096153846154 0.040865384615384616 0.12139423076923077
4 0.5733173076923077 0.6310096153846154 0.03485576923076923 0.12379807692307693
3 0.5396634615384616 0.6682692307692307 0.028846153846153848 0.13581730769230768
0 0.7055288461538461 0.7331730769230769 0.036057692307692304 0.07091346153846154
2 0.9074519230769231 0.7680288461538461 0.037259615384615384 0.12740384615384615
4 0.5036057692307693 0.7728365384615384 0.037259615384615384 0.0985576923076923
2 0.8497596153846154 0.84375 0.042067307692307696 0.13701923076923078
4 0.5733173076923077 0.8665865384615384 0.06009615384615385 0.12139423076923077
2 0.5973557692307693 0.9182692307692307 0.039663461538461536 0.1466346153846154
4 0.4326923076923077 0.9399038461538461 0.028846153846153848 0.11538461538461539