1 0.030048076923076924 0.030048076923076924 0.016826923076923076 0.06009615384615385
2 0.018028846153846152 0.06129807692307692 0.014423076923076924 0.051682692307692304
2 0.10336538461538461 0.125 0.010817307692307692 0.0625
1 0.27524038461538464 0.12620192307692307 0.01201923076923077 0.06129807692307692
0 0.006009615384615385 0.15264423076923078 0.01201923076923077 0.040865384615384616
2 0.14302884615384615 0.2091346153846154 0.02283653846153846 0.06610576923076923
1 0.328125 0.27884615384615385 0.018028846153846152 0.07091346153846154
4 0.020432692307692308 0.3858173076923077 0.021634615384615384 0.06009615384615385
1 0.20552884615384615 0.4567307692307692 0.014423076923076924 0.0625
4 0.08173076923076923 0.4795673076923077 0.027644230769230768 0.07451923076923077
1 0.203125 0.5721153846153846 0.019230769230769232 0.07451923076923077
4 0.10817307692307693 0.5889423076923077 0.03125 0.05889423076923077
4 0.9903846153846154 0.055288461538461536 0.014423076923076924 0.04326923076923077
2 0.8401442307692307 0.1310096153846154 0.025240384615384616 0.1045673076923077
1 0.5925480769230769 0.14543269230769232 0.02403846153846154 0.09375
2 0.8689903846153846 0.22956730769230768 0.03245192307692308 0.11298076923076923
1 0.9855769230769231 0.5456730769230769 0.02403846153846154 0.125
4 0.30649038461538464 0.9555288461538461 0.027644230769230768 0.03245192307692308
2 0.3641826923076923 0.9591346153846154 0.027644230769230768 0.042067307692307696
4 0.7139423076923077 0.7091346153846154 0.038461538461538464 0.08173076923076923
4 0.9350961538461539 0.6959134615384616 0.04807692307692308 0.055288461538461536
4 0.9567307692307693 0.7512019230769231 0.03245192307692308 0.1310096153846154