2 0.25961538461538464 0.09495192307692307 0.021634615384615384 0.078125
2 0.21875 0.21033653846153846 0.038461538461538464 0.10336538461538461
0 0.28846153846153844 0.28966346153846156 0.03365384615384615 0.06971153846153846
2 0.22115384615384615 0.4338942307692308 0.038461538461538464 0.08413461538461539
1 0.26322115384615385 0.028846153846153848 0.040865384615384616 0.057692307692307696
3 0.3557692307692308 0.016826923076923076 0.019230769230769232 0.03365384615384615
0 0.4987980769230769 0.030048076923076924 0.02403846153846154 0.05889423076923077
1 0.7163461538461539 0.09735576923076923 0.02403846153846154 0.0829326923076923
4 0.45552884615384615 0.171875 0.03365384615384615 0.09134615384615384
1 0.5841346153846154 0.2608173076923077 0.018028846153846152 0.08173076923076923
4 0.39302884615384615 0.2800480769230769 0.026442307692307692 0.1045673076923077
1 0.5673076923076923 0.35216346153846156 0.02283653846153846 0.10576923076923077
4 0.34975961538461536 0.43509615384615385 0.04567307692307692 0.08173076923076923
4 0.17427884615384615 0.6045673076923077 0.02403846153846154 0.06129807692307692
4 0.22716346153846154 0.6454326923076923 0.025240384615384616 0.06490384615384616
4 0.27884615384615385 0.6766826923076923 0.027644230769230768 0.078125
3 0.2692307692307692 0.8449519230769231 0.025240384615384616 0.1045673076923077
4 0.2980769230769231 0.8870192307692307 0.014423076923076924 0.11057692307692307
4 0.5252403846153846 0.6887019230769231 0.021634615384615384 0.08052884615384616
1 0.7427884615384616 0.6947115384615384 0.015625 0.06971153846153846
1 0.7475961538461539 0.8173076923076923 0.018028846153846152 0.0673076923076923
4 0.5504807692307693 0.8521634615384616 0.019230769230769232 0.07451923076923077
2 0.7043269230769231 0.9002403846153846 0.016826923076923076 0.07091346153846154
1 0.9867788461538461 0.9230769230769231 0.016826923076923076 0.08413461538461539
4 0.4831730769230769 0.9507211538461539 0.021634615384615384 0.06129807692307692
2 0.7439903846153846 0.9603365384615384 0.016826923076923076 0.07451923076923077
0 0.6225961538461539 0.9771634615384616 0.028846153846153848 0.040865384615384616
3 0.5084134615384616 0.9699519230769231 0.026442307692307692 0.055288461538461536