1 0.042067307692307696 0.22235576923076922 0.025240384615384616 0.10576923076923077
3 0.4387019230769231 0.2439903846153846 0.016826923076923076 0.06490384615384616
2 0.23798076923076922 0.25600961538461536 0.019230769230769232 0.040865384615384616
0 0.3233173076923077 0.26802884615384615 0.026442307692307692 0.016826923076923076
4 0.3317307692307692 0.07091346153846154 0.027644230769230768 0.09134615384615384
1 0.27403846153846156 0.07572115384615384 0.025240384615384616 0.0829326923076923
4 0.27283653846153844 0.19471153846153846 0.021634615384615384 0.06610576923076923
1 0.9074519230769231 0.0829326923076923 0.028846153846153848 0.12259615384615384
4 0.7752403846153846 0.10697115384615384 0.046875 0.09975961538461539
4 0.8137019230769231 0.22596153846153846 0.03365384615384615 0.1045673076923077
2 0.18870192307692307 0.33533653846153844 0.020432692307692308 0.046875
4 0.36778846153846156 0.3870192307692308 0.030048076923076924 0.055288461538461536
4 0.3329326923076923 0.3918269230769231 0.03125 0.038461538461538464
2 0.1814903846153846 0.4098557692307692 0.01201923076923077 0.06971153846153846
3 0.32091346153846156 0.48677884615384615 0.02403846153846154 0.07211538461538461
0 0.296875 0.4879807692307692 0.020432692307692308 0.036057692307692304
2 0.16466346153846154 0.5216346153846154 0.02403846153846154 0.06370192307692307
4 0.140625 0.8689903846153846 0.025240384615384616 0.09134615384615384
4 0.24639423076923078 0.8786057692307693 0.038461538461538464 0.09495192307692307
4 0.5564903846153846 0.3016826923076923 0.021634615384615384 0.04567307692307692
1 0.49759615384615385 0.30408653846153844 0.019230769230769232 0.05048076923076923
3 0.6418269230769231 0.4495192307692308 0.015625 0.0829326923076923
0 0.5360576923076923 0.4675480769230769 0.02283653846153846 0.046875
4 0.6838942307692307 0.46875 0.015625 0.07572115384615384
4 0.5997596153846154 0.5745192307692307 0.015625 0.08413461538461539
4 0.5408653846153846 0.6586538461538461 0.021634615384615384 0.09254807692307693
4 0.578125 0.9146634615384616 0.02403846153846154 0.09375