2 0.5144230769230769 0.04567307692307692 0.038461538461538464 0.09134615384615384
1 0.19230769230769232 0.0733173076923077 0.03125 0.14423076923076922
1 0.22355769230769232 0.2800480769230769 0.038461538461538464 0.11298076923076923
4 0.5432692307692307 0.30288461538461536 0.04807692307692308 0.0673076923076923
1 0.7055288461538461 0.10576923076923077 0.016826923076923076 0.10096153846153846
1 0.8028846153846154 0.23918269230769232 0.015625 0.09975961538461539
2 0.6454326923076923 0.2956730769230769 0.021634615384615384 0.08173076923076923
2 0.6165865384615384 0.3125 0.021634615384615384 0.04807692307692308
1 0.3125 0.3641826923076923 0.014423076923076924 0.05048076923076923
2 0.21153846153846154 0.4362980769230769 0.016826923076923076 0.042067307692307696
4 0.02283653846153846 0.47115384615384615 0.020432692307692308 0.04927884615384615
0 0.12379807692307693 0.4963942307692308 0.03485576923076923 0.038461538461538464
2 0.2439903846153846 0.4987980769230769 0.016826923076923076 0.046875
3 0.03485576923076923 0.5084134615384616 0.019230769230769232 0.06610576923076923
1 0.42908653846153844 0.5552884615384616 0.013221153846153846 0.0673076923076923
4 0.06490384615384616 0.625 0.015625 0.07932692307692307
4 0.16706730769230768 0.7115384615384616 0.021634615384615384 0.07451923076923077
1 0.3389423076923077 0.7644230769230769 0.018028846153846152 0.06009615384615385
1 0.3389423076923077 0.9651442307692307 0.028846153846153848 0.06490384615384616
4 0.2848557692307692 0.9699519230769231 0.026442307692307692 0.055288461538461536
1 0.8629807692307693 0.5444711538461539 0.02283653846153846 0.09014423076923077
4 0.6526442307692307 0.5673076923076923 0.018028846153846152 0.09375
0 0.6430288461538461 0.6887019230769231 0.02403846153846154 0.05889423076923077
1 0.8605769230769231 0.7560096153846154 0.02403846153846154 0.0829326923076923
4 0.6033653846153846 0.8305288461538461 0.028846153846153848 0.09375
1 0.7283653846153846 0.9194711538461539 0.018028846153846152 0.08173076923076923
1 0.7115384615384616 0.9771634615384616 0.02403846153846154 0.040865384615384616