0 0.3737980769230769 0.0733173076923077 0.016826923076923076 0.046875
3 0.22115384615384615 0.14543269230769232 0.02403846153846154 0.1141826923076923
4 0.4495192307692308 0.22716346153846154 0.014423076923076924 0.11298076923076923
1 0.6826923076923077 0.11057692307692307 0.015625 0.05889423076923077
4 0.9170673076923077 0.15504807692307693 0.019230769230769232 0.06610576923076923
1 0.7055288461538461 0.21634615384615385 0.018028846153846152 0.057692307692307696
4 0.9290865384615384 0.23798076923076922 0.02403846153846154 0.05889423076923077
2 0.8016826923076923 0.31009615384615385 0.018028846153846152 0.06610576923076923
1 0.7487980769230769 0.3425480769230769 0.018028846153846152 0.07572115384615384
2 0.8978365384615384 0.47836538461538464 0.021634615384615384 0.038461538461538464
4 0.8581730769230769 0.06971153846153846 0.020432692307692308 0.06129807692307692
0 0.09134615384615384 0.5168269230769231 0.028846153846153848 0.03365384615384615
2 0.16706730769230768 0.5276442307692307 0.026442307692307692 0.055288461538461536
2 0.12620192307692307 0.5492788461538461 0.036057692307692304 0.0985576923076923
1 0.09975961538461539 0.6634615384615384 0.020432692307692308 0.10576923076923077
1 0.1971153846153846 0.7572115384615384 0.019230769230769232 0.11899038461538461
0 0.7884615384615384 0.6778846153846154 0.037259615384615384 0.06971153846153846
2 0.6610576923076923 0.7199519230769231 0.019230769230769232 0.09134615384615384
1 0.5336538461538461 0.7379807692307693 0.030048076923076924 0.11658653846153846
4 0.9110576923076923 0.7439903846153846 0.040865384615384616 0.10576923076923077
1 0.5673076923076923 0.8545673076923077 0.02403846153846154 0.12259615384615384
4 0.7079326923076923 0.9783653846153846 0.055288461538461536 0.038461538461538464
1 0.7860576923076923 0.5516826923076923 0.027644230769230768 0.078125
1 0.6237980769230769 0.5925480769230769 0.036057692307692304 0.09735576923076923
4 0.90625 0.6237980769230769 0.020432692307692308 0.04447115384615385
2 0.7139423076923077 0.6478365384615384 0.030048076923076924 0.042067307692307696
3 0.9350961538461539 0.6742788461538461 0.03125 0.078125