1 0.32211538461538464 0.1045673076923077 0.027644230769230768 0.13341346153846154
1 0.2548076923076923 0.17307692307692307 0.020432692307692308 0.13581730769230768
2 0.29927884615384615 0.20192307692307693 0.020432692307692308 0.12740384615384615
4 0.25 0.3137019230769231 0.03125 0.1502403846153846
4 0.3173076923076923 0.3317307692307692 0.042067307692307696 0.1141826923076923
4 0.3870192307692308 0.37740384615384615 0.037259615384615384 0.1502403846153846
1 0.17908653846153846 0.43990384615384615 0.038461538461538464 0.16947115384615385
4 0.390625 0.07211538461538461 0.026442307692307692 0.14423076923076922
4 0.6478365384615384 0.08653846153846154 0.03365384615384615 0.07451923076923077
1 0.5745192307692307 0.09254807692307693 0.020432692307692308 0.07451923076923077
2 0.5637019230769231 0.23197115384615385 0.030048076923076924 0.07451923076923077
4 0.8786057692307693 0.2536057692307692 0.03365384615384615 0.0829326923076923
3 0.7740384615384616 0.25721153846153844 0.03365384615384615 0.07932692307692307
0 0.6706730769230769 0.2860576923076923 0.02283653846153846 0.05048076923076923
2 0.5697115384615384 0.3112980769230769 0.025240384615384616 0.06610576923076923
4 0.7439903846153846 0.38221153846153844 0.03365384615384615 0.0625
4 0.7127403846153846 0.4026442307692308 0.03125 0.07451923076923077
2 0.5697115384615384 0.40865384615384615 0.025240384615384616 0.09014423076923077
4 0.7548076923076923 0.4807692307692308 0.030048076923076924 0.06850961538461539
1 0.6274038461538461 0.4831730769230769 0.02403846153846154 0.08173076923076923
2 0.36177884615384615 0.7776442307692307 0.013221153846153846 0.09014423076923077
1 0.18990384615384615 0.8028846153846154 0.016826923076923076 0.08173076923076923
4 0.3786057692307692 0.6298076923076923 0.03245192307692308 0.06009615384615385
1 0.33052884615384615 0.6394230769230769 0.021634615384615384 0.07451923076923077
1 0.6322115384615384 0.6322115384615384 0.018028846153846152 0.09014423076923077
4 0.7247596153846154 0.6322115384615384 0.026442307692307692 0.07932692307692307
2 0.6778846153846154 0.7896634615384616 0.026442307692307692 0.09375
1 0.4362980769230769 0.8016826923076923 0.016826923076923076 0.09254807692307693
4 0.8605769230769231 0.8521634615384616 0.026442307692307692 0.054086538461538464
2 0.5612980769230769 0.875 0.019230769230769232 0.07932692307692307
3 0.8497596153846154 0.9038461538461539 0.021634615384615384 0.10216346153846154
0 0.7175480769230769 0.9266826923076923 0.030048076923076924 0.07091346153846154
2 0.5588942307692307 0.9615384615384616 0.026442307692307692 0.07211538461538461