4 0.14182692307692307 0.2764423076923077 0.040865384615384616 0.0889423076923077
4 0.009615384615384616 0.39903846153846156 0.019230769230769232 0.04807692307692308
4 0.040865384615384616 0.41466346153846156 0.03125 0.078125
4 0.21995192307692307 0.6622596153846154 0.030048076923076924 0.09975961538461539
1 0.07211538461538461 0.6658653846153846 0.019230769230769232 0.09735576923076923
1 0.6105769230769231 0.15745192307692307 0.018028846153846152 0.10697115384615384
4 0.8966346153846154 0.17307692307692307 0.027644230769230768 0.06971153846153846
1 0.4807692307692308 0.31009615384615385 0.021634615384615384 0.10697115384615384
2 0.7439903846153846 0.40384615384615385 0.028846153846153848 0.109375
0 0.9603365384615384 0.4362980769230769 0.03245192307692308 0.055288461538461536
2 0.7848557692307693 0.5060096153846154 0.026442307692307692 0.11658653846153846
1 0.6478365384615384 0.5504807692307693 0.025240384615384616 0.12860576923076922
1 0.9675480769230769 0.7067307692307693 0.040865384615384616 0.08173076923076923
4 0.8509615384615384 0.039663461538461536 0.028846153846153848 0.07932692307692307
1 0.609375 0.052884615384615384 0.021634615384615384 0.078125
1 0.08052884615384616 0.8209134615384616 0.025240384615384616 0.0985576923076923
1 0.8870192307692307 0.765625 0.04326923076923077 0.03125
1 0.5336538461538461 0.8161057692307693 0.038461538461538464 0.13221153846153846