4 0.3942307692307692 0.07932692307692307 0.040865384615384616 0.0889423076923077
3 0.24278846153846154 0.08774038461538461 0.025240384615384616 0.09495192307692307
2 0.057692307692307696 0.0985576923076923 0.014423076923076924 0.12259615384615384
0 0.203125 0.13341346153846154 0.036057692307692304 0.05889423076923077
2 0.07451923076923077 0.16826923076923078 0.021634615384615384 0.11658653846153846
4 0.2536057692307692 0.20192307692307693 0.03245192307692308 0.046875
4 0.2932692307692308 0.21754807692307693 0.03125 0.078125
1 0.01201923076923077 0.2644230769230769 0.02403846153846154 0.1201923076923077
2 0.2403846153846154 0.2848557692307692 0.021634615384615384 0.12740384615384615
4 0.4723557692307692 0.4651442307692308 0.030048076923076924 0.09975961538461539
1 0.3245192307692308 0.46875 0.019230769230769232 0.09735576923076923
2 0.109375 0.04807692307692308 0.016826923076923076 0.09495192307692307
1 0.7163461538461539 0.03245192307692308 0.02403846153846154 0.06490384615384616
2 0.9314903846153846 0.04447115384615385 0.026442307692307692 0.0889423076923077
1 0.7463942307692307 0.09375 0.02403846153846154 0.1141826923076923
2 0.9627403846153846 0.13701923076923078 0.02403846153846154 0.09495192307692307
2 0.9362980769230769 0.23317307692307693 0.025240384615384616 0.1141826923076923
1 0.7463942307692307 0.296875 0.03245192307692308 0.1141826923076923
2 0.3557692307692308 0.7151442307692307 0.02403846153846154 0.0889423076923077
4 0.12379807692307693 0.7247596153846154 0.026442307692307692 0.05889423076923077
2 0.3016826923076923 0.8161057692307693 0.027644230769230768 0.09495192307692307
3 0.06370192307692307 0.8497596153846154 0.019230769230769232 0.09134615384615384
1 0.453125 0.8701923076923077 0.016826923076923076 0.08052884615384616
0 0.140625 0.8810096153846154 0.03125 0.06370192307692307
4 0.01201923076923077 0.9146634615384616 0.021634615384615384 0.09735576923076923
2 0.296875 0.9350961538461539 0.016826923076923076 0.09975961538461539
1 0.45913461538461536 0.9807692307692307 0.028846153846153848 0.03365384615384615
4 0.15384615384615385 0.640625 0.03365384615384615 0.021634615384615384
1 0.6802884615384616 0.6971153846153846 0.015625 0.10336538461538461
4 0.5120192307692307 0.7295673076923077 0.004807692307692308 0.10336538461538461
1 0.7764423076923077 0.9194711538461539 0.03245192307692308 0.0829326923076923
4 0.5528846153846154 0.9555288461538461 0.04326923076923077 0.08413461538461539