1 0.09975961538461539 0.11658653846153846 0.020432692307692308 0.0889423076923077
1 0.2848557692307692 0.2704326923076923 0.03245192307692308 0.09735576923076923
2 0.008413461538461538 0.3004807692307692 0.016826923076923076 0.10096153846153846
1 0.10096153846153846 0.39783653846153844 0.019230769230769232 0.016826923076923076
1 0.6875 0.03365384615384615 0.02283653846153846 0.06370192307692307
4 0.625 0.038461538461538464 0.025240384615384616 0.0673076923076923
2 0.6814903846153846 0.09495192307692307 0.02403846153846154 0.055288461538461536
3 0.5384615384615384 0.1971153846153846 0.020432692307692308 0.09014423076923077
0 0.6634615384615384 0.20072115384615385 0.027644230769230768 0.051682692307692304
4 0.6610576923076923 0.34375 0.027644230769230768 0.07932692307692307
1 0.7391826923076923 0.3473557692307692 0.02403846153846154 0.0889423076923077
1 0.31009615384615385 0.4483173076923077 0.013221153846153846 0.06610576923076923
4 0.3798076923076923 0.515625 0.014423076923076924 0.07451923076923077
2 0.35336538461538464 0.5612980769230769 0.009615384615384616 0.07451923076923077
1 0.21754807692307693 0.5913461538461539 0.013221153846153846 0.055288461538461536
2 0.296875 0.6057692307692307 0.018028846153846152 0.038461538461538464
2 0.30408653846153844 0.6694711538461539 0.013221153846153846 0.06610576923076923
1 0.2283653846153846 0.7992788461538461 0.019230769230769232 0.06129807692307692
1 0.8533653846153846 0.6129807692307693 0.021634615384615384 0.12620192307692307
4 0.5997596153846154 0.6177884615384616 0.039663461538461536 0.12139423076923077
4 0.6358173076923077 0.6670673076923077 0.025240384615384616 0.09615384615384616
2 0.7259615384615384 0.7451923076923077 0.026442307692307692 0.06370192307692307
3 0.5084134615384616 0.7776442307692307 0.03365384615384615 0.0829326923076923
4 0.39903846153846156 0.7980769230769231 0.019230769230769232 0.08173076923076923
0 0.5492788461538461 0.8125 0.03125 0.07572115384615384
2 0.7211538461538461 0.8449519230769231 0.020432692307692308 0.13822115384615385
1 0.9519230769230769 0.8858173076923077 0.02403846153846154 0.13581730769230768
4 0.5637019230769231 0.9326923076923077 0.019230769230769232 0.12980769230769232
4 0.4579326923076923 0.9603365384615384 0.05048076923076923 0.07451923076923077
1 0.7884615384615384 0.9663461538461539 0.028846153846153848 0.0625