1 0.3173076923076923 0.19831730769230768 0.026442307692307692 0.09975961538461539
4 0.0985576923076923 0.296875 0.03245192307692308 0.10817307692307693
2 0.36899038461538464 0.30408653846153844 0.020432692307692308 0.0829326923076923
3 0.03245192307692308 0.375 0.027644230769230768 0.125
0 0.1971153846153846 0.375 0.052884615384615384 0.06370192307692307
2 0.38822115384615385 0.4170673076923077 0.02403846153846154 0.1141826923076923
4 0.1310096153846154 0.009615384615384616 0.040865384615384616 0.019230769230769232
4 0.10817307692307693 0.08173076923076923 0.03245192307692308 0.0889423076923077
1 0.21514423076923078 0.08413461538461539 0.027644230769230768 0.10576923076923077
2 0.8918269230769231 0.03125 0.02403846153846154 0.0625
1 0.8497596153846154 0.17668269230769232 0.027644230769230768 0.09014423076923077
1 0.6694711538461539 0.18990384615384615 0.019230769230769232 0.09975961538461539
1 0.8990384615384616 0.38822115384615385 0.025240384615384616 0.09975961538461539
2 0.3762019230769231 0.5516826923076923 0.036057692307692304 0.06490384615384616
2 0.44591346153846156 0.6298076923076923 0.046875 0.109375
1 0.21634615384615385 0.6382211538461539 0.03485576923076923 0.14302884615384615
2 0.38100961538461536 0.6875 0.038461538461538464 0.14903846153846154
0 0.5504807692307693 0.7331730769230769 0.03365384615384615 0.10576923076923077
4 0.42788461538461536 0.8521634615384616 0.036057692307692304 0.1466346153846154
4 0.9206730769230769 0.5540865384615384 0.03365384615384615 0.06971153846153846
4 0.9447115384615384 0.6177884615384616 0.036057692307692304 0.0829326923076923
3 0.8137019230769231 0.8209134615384616 0.021634615384615384 0.09975961538461539
0 0.9447115384615384 0.8353365384615384 0.025240384615384616 0.07091346153846154
4 0.7824519230769231 0.8762019230769231 0.015625 0.07211538461538461