4 0.19831730769230768 0.15865384615384615 0.03245192307692308 0.08653846153846154
4 0.2980769230769231 0.20072115384615385 0.025240384615384616 0.10576923076923077
4 0.10096153846153846 0.2091346153846154 0.037259615384615384 0.05048076923076923
3 0.3173076923076923 0.25240384615384615 0.03125 0.06971153846153846
0 0.12139423076923077 0.28365384615384615 0.040865384615384616 0.06370192307692307
4 0.3329326923076923 0.3581730769230769 0.04567307692307692 0.13581730769230768
4 0.052884615384615384 0.4375 0.037259615384615384 0.1502403846153846
4 0.10216346153846154 0.47716346153846156 0.052884615384615384 0.16947115384615385
4 0.056490384615384616 0.13221153846153846 0.026442307692307692 0.14423076923076922
4 0.7403846153846154 0.04567307692307692 0.036057692307692304 0.05889423076923077
2 0.5649038461538461 0.14783653846153846 0.030048076923076924 0.06129807692307692
3 0.8677884615384616 0.17427884615384615 0.015625 0.10817307692307693
0 0.7403846153846154 0.21033653846153846 0.030048076923076924 0.06971153846153846
2 0.5709134615384616 0.23798076923076922 0.021634615384615384 0.10817307692307693
4 0.8954326923076923 0.24519230769230768 0.03245192307692308 0.09975961538461539
1 0.4338942307692308 0.3918269230769231 0.02403846153846154 0.10576923076923077
4 0.8293269230769231 0.5060096153846154 0.036057692307692304 0.10576923076923077
1 0.7680288461538461 0.5192307692307693 0.025240384615384616 0.12259615384615384
0 0.2620192307692308 0.6826923076923077 0.037259615384615384 0.06971153846153846
2 0.1346153846153846 0.7247596153846154 0.019230769230769232 0.09134615384615384
1 0.01201923076923077 0.7427884615384616 0.02403846153846154 0.1201923076923077
4 0.3701923076923077 0.7487980769230769 0.014423076923076924 0.10817307692307693
1 0.040865384615384616 0.859375 0.02403846153846154 0.12259615384615384
4 0.1814903846153846 0.9807692307692307 0.055288461538461536 0.03365384615384615
1 0.0985576923076923 0.6177884615384616 0.038461538461538464 0.057692307692307696
4 0.37259615384615385 0.6286057692307693 0.009615384615384616 0.04567307692307692
2 0.1875 0.6526442307692307 0.030048076923076924 0.042067307692307696
4 0.49759615384615385 0.6033653846153846 0.028846153846153848 0.028846153846153848
1 0.6586538461538461 0.6286057692307693 0.02403846153846154 0.07932692307692307
4 0.47115384615384615 0.6514423076923077 0.03365384615384615 0.11658653846153846
1 0.9579326923076923 0.6574519230769231 0.016826923076923076 0.11538461538461539
2 0.6574519230769231 0.7512019230769231 0.028846153846153848 0.12379807692307693
0 0.4074519230769231 0.8293269230769231 0.03125 0.06370192307692307
2 0.5637019230769231 0.8894230769230769 0.03245192307692308 0.12139423076923077