4 0.12860576923076922 0.23197115384615385 0.051682692307692304 0.1310096153846154
3 0.8305288461538461 0.021634615384615384 0.026442307692307692 0.04326923076923077
1 0.6141826923076923 0.1502403846153846 0.021634615384615384 0.07451923076923077
4 0.7259615384615384 0.1875 0.03245192307692308 0.0889423076923077
4 0.6225961538461539 0.3389423076923077 0.030048076923076924 0.09735576923076923
2 0.18389423076923078 0.5060096153846154 0.026442307692307692 0.07211538461538461
4 0.3449519230769231 0.5817307692307693 0.026442307692307692 0.07451923076923077
1 0.125 0.6502403846153846 0.025240384615384616 0.078125
4 0.35216346153846156 0.6899038461538461 0.030048076923076924 0.08413461538461539
1 0.030048076923076924 0.8305288461538461 0.028846153846153848 0.08413461538461539
4 0.32572115384615385 0.8822115384615384 0.03245192307692308 0.09735576923076923
4 0.9038461538461539 0.6322115384615384 0.036057692307692304 0.056490384615384616
1 0.8209134615384616 0.6466346153846154 0.027644230769230768 0.09014423076923077
1 0.8978365384615384 0.7067307692307693 0.030048076923076924 0.0829326923076923
4 0.9903846153846154 0.7091346153846154 0.014423076923076924 0.10096153846153846
2 0.9326923076923077 0.8185096153846154 0.040865384615384616 0.08533653846153846
1 0.4963942307692308 0.828125 0.036057692307692304 0.13701923076923078
2 0.9903846153846154 0.8617788461538461 0.014423076923076924 0.11298076923076923