1 0.44350961538461536 0.17908653846153846 0.020432692307692308 0.09735576923076923
2 0.4387019230769231 0.3629807692307692 0.030048076923076924 0.0829326923076923
3 0.19951923076923078 0.39783653846153844 0.028846153846153848 0.0985576923076923
0 0.25961538461538464 0.41947115384615385 0.038461538461538464 0.055288461538461536
2 0.42427884615384615 0.4170673076923077 0.03125 0.06009615384615385
4 0.06610576923076923 0.4230769230769231 0.026442307692307692 0.04807692307692308
1 0.46153846153846156 0.019230769230769232 0.02403846153846154 0.038461538461538464
4 0.23918269230769232 0.037259615384615384 0.03125 0.07451923076923077
1 0.3629807692307692 0.09014423076923077 0.02403846153846154 0.10817307692307693
4 0.16947115384615385 0.09134615384615384 0.027644230769230768 0.0829326923076923
4 0.20673076923076922 0.14302884615384615 0.021634615384615384 0.08653846153846154
2 0.7067307692307693 0.056490384615384616 0.03365384615384615 0.11298076923076923
1 0.8052884615384616 0.14903846153846154 0.03125 0.13341346153846154
1 0.734375 0.3701923076923077 0.027644230769230768 0.14543269230769232
2 0.5661057692307693 0.5264423076923077 0.026442307692307692 0.0889423076923077
0 0.6622596153846154 0.5757211538461539 0.03245192307692308 0.042067307692307696
2 0.5264423076923077 0.59375 0.026442307692307692 0.09975961538461539
1 0.3449519230769231 0.6045673076923077 0.030048076923076924 0.10576923076923077
4 0.671875 0.6875 0.03485576923076923 0.0889423076923077
2 0.49399038461538464 0.7163461538461539 0.03125 0.09975961538461539
1 0.24879807692307693 0.8449519230769231 0.03485576923076923 0.11899038461538461
4 0.5949519230769231 0.8882211538461539 0.037259615384615384 0.10576923076923077
1 0.43028846153846156 0.4795673076923077 0.028846153846153848 0.06009615384615385
4 0.8377403846153846 0.6466346153846154 0.02283653846153846 0.07211538461538461
3 0.8653846153846154 0.6730769230769231 0.026442307692307692 0.08653846153846154
0 0.7644230769230769 0.7127403846153846 0.03485576923076923 0.06370192307692307
4 0.9314903846153846 0.8185096153846154 0.025240384615384616 0.08413461538461539
1 0.7475961538461539 0.8365384615384616 0.027644230769230768 0.08413461538461539
4 0.9771634615384616 0.8822115384615384 0.038461538461538464 0.09254807692307693
1 0.9002403846153846 0.9074519230769231 0.021634615384615384 0.09495192307692307