2 0.2800480769230769 0.042067307692307696 0.01201923076923077 0.08413461538461539
4 0.22355769230769232 0.05048076923076923 0.021634615384615384 0.08653846153846154
0 0.30649038461538464 0.16706730769230768 0.016826923076923076 0.046875
2 0.43028846153846156 0.16947115384615385 0.019230769230769232 0.046875
4 0.44471153846153844 0.20673076923076922 0.014423076923076924 0.0829326923076923
3 0.15384615384615385 0.23918269230769232 0.02403846153846154 0.1141826923076923
1 0.45072115384615385 0.2920673076923077 0.015625 0.1141826923076923
1 0.5432692307692307 0.30528846153846156 0.02403846153846154 0.1141826923076923
1 0.5024038461538461 0.31490384615384615 0.015625 0.09975961538461539
4 0.3870192307692308 0.32091346153846156 0.021634615384615384 0.11057692307692307
4 0.10336538461538461 0.016826923076923076 0.028846153846153848 0.03365384615384615
2 0.9206730769230769 0.03485576923076923 0.019230769230769232 0.06971153846153846
1 0.7283653846153846 0.12259615384615384 0.019230769230769232 0.0985576923076923
2 0.9278846153846154 0.1346153846153846 0.027644230769230768 0.08173076923076923
2 0.9711538461538461 0.2764423076923077 0.025240384615384616 0.09134615384615384
1 0.71875 0.4795673076923077 0.028846153846153848 0.09134615384615384
1 0.9915865384615384 0.5228365384615384 0.01201923076923077 0.10817307692307693
4 0.3870192307692308 0.7259615384615384 0.038461538461538464 0.07211538461538461
2 0.2764423076923077 0.7127403846153846 0.04326923076923077 0.04567307692307692
3 0.46875 0.8365384615384616 0.04447115384615385 0.06971153846153846
2 0.10096153846153846 0.8389423076923077 0.02403846153846154 0.109375
2 0.1875 0.8413461538461539 0.026442307692307692 0.10336538461538461
2 0.25240384615384615 0.8653846153846154 0.056490384615384616 0.08774038461538461
0 0.3137019230769231 0.8774038461538461 0.04326923076923077 0.08413461538461539
4 0.4855769230769231 0.9362980769230769 0.03365384615384615 0.12259615384615384
4 0.5949519230769231 0.6995192307692307 0.03125 0.019230769230769232