1 0.01201923076923077 0.22956730769230768 0.02403846153846154 0.14182692307692307
1 0.37259615384615385 0.03245192307692308 0.03365384615384615 0.06490384615384616
1 0.8028846153846154 0.009615384615384616 0.019230769230769232 0.019230769230769232
2 0.875 0.04447115384615385 0.014423076923076924 0.07451923076923077
2 0.8125 0.06370192307692307 0.021634615384615384 0.07451923076923077
0 0.9507211538461539 0.09495192307692307 0.021634615384615384 0.08774038461538461
2 0.7704326923076923 0.11177884615384616 0.030048076923076924 0.06490384615384616
1 0.703125 0.16706730769230768 0.018028846153846152 0.08052884615384616
1 0.5108173076923077 0.19230769230769232 0.019230769230769232 0.07932692307692307
4 0.8088942307692307 0.23076923076923078 0.04326923076923077 0.078125
4 0.6225961538461539 0.34375 0.04807692307692308 0.09014423076923077
1 0.4579326923076923 0.3449519230769231 0.025240384615384616 0.08413461538461539
2 0.11778846153846154 0.5036057692307693 0.028846153846153848 0.03125
2 0.0985576923076923 0.5360576923076923 0.02283653846153846 0.08653846153846154
1 0.16826923076923078 0.6490384615384616 0.030048076923076924 0.09735576923076923
2 0.013221153846153846 0.6610576923076923 0.026442307692307692 0.07692307692307693
1 0.6262019230769231 0.515625 0.016826923076923076 0.055288461538461536
4 0.9939903846153846 0.5949519230769231 0.007211538461538462 0.06490384615384616
2 0.8112980769230769 0.6490384615384616 0.02283653846153846 0.06850961538461539
0 0.9038461538461539 0.671875 0.03245192307692308 0.0625
4 0.9603365384615384 0.8209134615384616 0.025240384615384616 0.07932692307692307
2 0.8810096153846154 0.8317307692307693 0.019230769230769232 0.0625
1 0.5516826923076923 0.9086538461538461 0.016826923076923076 0.09134615384615384
1 0.8762019230769231 0.921875 0.02283653846153846 0.0625