2 0.2403846153846154 0.037259615384615384 0.038461538461538464 0.07451923076923077
4 0.33413461538461536 0.20793269230769232 0.036057692307692304 0.1141826923076923
4 0.26802884615384615 0.30528846153846156 0.04567307692307692 0.10336538461538461
1 0.15264423076923078 0.36538461538461536 0.026442307692307692 0.0829326923076923
4 0.24158653846153846 0.3786057692307692 0.030048076923076924 0.06610576923076923
2 0.8161057692307693 0.11899038461538461 0.020432692307692308 0.0889423076923077
2 0.84375 0.20552884615384615 0.015625 0.09495192307692307
0 0.6694711538461539 0.20793269230769232 0.030048076923076924 0.06610576923076923
4 0.6177884615384616 0.30649038461538464 0.020432692307692308 0.1141826923076923
2 0.7692307692307693 0.390625 0.030048076923076924 0.08052884615384616
4 0.5949519230769231 0.4423076923076923 0.01201923076923077 0.08653846153846154
1 0.1658653846153846 0.4963942307692308 0.02403846153846154 0.016826923076923076
4 0.34134615384615385 0.5024038461538461 0.028846153846153848 0.028846153846153848
1 0.02403846153846154 0.5540865384615384 0.018028846153846152 0.07091346153846154
4 0.33413461538461536 0.5853365384615384 0.02403846153846154 0.0625
2 0.1622596153846154 0.6430288461538461 0.019230769230769232 0.0673076923076923
1 0.015625 0.7572115384615384 0.019230769230769232 0.0733173076923077
2 0.109375 0.7776442307692307 0.02283653846153846 0.06370192307692307
4 0.36177884615384615 0.7896634615384616 0.019230769230769232 0.06971153846153846
0 0.234375 0.8004807692307693 0.030048076923076924 0.039663461538461536
3 0.33533653846153844 0.8149038461538461 0.015625 0.08052884615384616
1 0.07451923076923077 0.9543269230769231 0.020432692307692308 0.07932692307692307
1 0.6045673076923077 0.5625 0.03125 0.11538461538461539
2 0.5949519230769231 0.8137019230769231 0.01201923076923077 0.12259615384615384