1 0.19831730769230768 0.203125 0.025240384615384616 0.10576923076923077
3 0.5949519230769231 0.24519230769230768 0.015625 0.10576923076923077
2 0.3942307692307692 0.26802884615384615 0.015625 0.10336538461538461
0 0.4795673076923077 0.28125 0.02403846153846154 0.078125
4 0.6382211538461539 0.28846153846153844 0.02403846153846154 0.09134615384615384
4 0.4362980769230769 0.40024038461538464 0.02403846153846154 0.0889423076923077
4 0.5588942307692307 0.4254807692307692 0.027644230769230768 0.11057692307692307
1 0.21634615384615385 0.43990384615384615 0.026442307692307692 0.11057692307692307
4 0.5685096153846154 0.5204326923076923 0.026442307692307692 0.03125
1 0.2920673076923077 0.5252403846153846 0.026442307692307692 0.021634615384615384
4 0.4879807692307692 0.051682692307692304 0.027644230769230768 0.09134615384615384
1 0.43028846153846156 0.056490384615384616 0.025240384615384616 0.0829326923076923
4 0.42908653846153844 0.17548076923076922 0.021634615384615384 0.06610576923076923
1 0.4735576923076923 0.6262019230769231 0.02283653846153846 0.08653846153846154
2 0.3858173076923077 0.6814903846153846 0.03125 0.0673076923076923
4 0.33052884615384615 0.6971153846153846 0.026442307692307692 0.05048076923076923
4 0.30528846153846156 0.7127403846153846 0.036057692307692304 0.037259615384615384
1 0.7632211538461539 0.7740384615384616 0.025240384615384616 0.09375
2 0.4795673076923077 0.7848557692307693 0.03125 0.07091346153846154
1 0.08173076923076923 0.8040865384615384 0.021634615384615384 0.09975961538461539
3 0.2932692307692308 0.8112980769230769 0.03125 0.05048076923076923
0 0.32572115384615385 0.8329326923076923 0.03245192307692308 0.07692307692307693
2 0.4987980769230769 0.8930288461538461 0.030048076923076924 0.09495192307692307
1 0.9230769230769231 0.5637019230769231 0.02403846153846154 0.05048076923076923
4 0.9314903846153846 0.8377403846153846 0.03125 0.09495192307692307
1 0.9867788461538461 0.8689903846153846 0.021634615384615384 0.12740384615384615