2 0.39302884615384615 0.04326923076923077 0.026442307692307692 0.08653846153846154
0 0.5552884615384616 0.1310096153846154 0.025240384615384616 0.0829326923076923
2 0.4362980769230769 0.17668269230769232 0.02403846153846154 0.13581730769230768
1 0.2091346153846154 0.25600961538461536 0.027644230769230768 0.12740384615384615
1 0.5108173076923077 0.39302884615384615 0.016826923076923076 0.06971153846153846
4 0.5817307692307693 0.39903846153846156 0.020432692307692308 0.052884615384615384
4 0.6502403846153846 0.038461538461538464 0.021634615384615384 0.07692307692307693
2 0.8173076923076923 0.10817307692307693 0.02283653846153846 0.09495192307692307
0 0.6274038461538461 0.21153846153846154 0.03125 0.07932692307692307
2 0.7788461538461539 0.24759615384615385 0.02283653846153846 0.10096153846153846
2 0.6598557692307693 0.32572115384615385 0.028846153846153848 0.0889423076923077
1 0.7548076923076923 0.39903846153846156 0.028846153846153848 0.07692307692307693
2 0.42908653846153844 0.5168269230769231 0.019230769230769232 0.0889423076923077
0 0.5889423076923077 0.5324519230769231 0.014423076923076924 0.05048076923076923
1 0.2283653846153846 0.6165865384615384 0.016826923076923076 0.09975961538461539
1 0.43028846153846156 0.8413461538461539 0.020432692307692308 0.09495192307692307
4 0.5084134615384616 0.8725961538461539 0.038461538461538464 0.0889423076923077
2 0.9435096153846154 0.4567307692307692 0.016826923076923076 0.021634615384615384
3 0.7644230769230769 0.4723557692307692 0.02283653846153846 0.06490384615384616
0 0.7980769230769231 0.5048076923076923 0.03125 0.07211538461538461
2 0.9411057692307693 0.5180288461538461 0.021634615384615384 0.09975961538461539
2 0.8088942307692307 0.6021634615384616 0.019230769230769232 0.1045673076923077
4 0.7151442307692307 0.7800480769230769 0.03485576923076923 0.0889423076923077
1 0.796875 0.7932692307692307 0.02403846153846154 0.09014423076923077