4 0.22235576923076922 0.016826923076923076 0.026442307692307692 0.03365384615384615
2 0.4050480769230769 0.15625 0.030048076923076924 0.11899038461538461
4 0.12379807692307693 0.2091346153846154 0.020432692307692308 0.1141826923076923
1 0.15504807692307693 0.4495192307692308 0.03245192307692308 0.12740384615384615
4 0.06129807692307692 0.45913461538461536 0.040865384615384616 0.1141826923076923
2 0.5853365384615384 0.016826923076923076 0.016826923076923076 0.03365384615384615
2 0.6274038461538461 0.07091346153846154 0.019230769230769232 0.05889423076923077
2 0.6237980769230769 0.13822115384615385 0.025240384615384616 0.07692307692307693
0 0.5096153846153846 0.16346153846153846 0.019230769230769232 0.04807692307692308
1 0.5961538461538461 0.26322115384615385 0.018028846153846152 0.09975961538461539
4 0.4651442307692308 0.5889423076923077 0.03125 0.019230769230769232
2 0.09735576923076923 0.5973557692307693 0.03125 0.036057692307692304
0 0.27524038461538464 0.5997596153846154 0.026442307692307692 0.040865384615384616
3 0.3954326923076923 0.6382211538461539 0.021634615384615384 0.11778846153846154
1 0.01201923076923077 0.8545673076923077 0.02403846153846154 0.12740384615384615
1 0.7668269230769231 0.7079326923076923 0.042067307692307696 0.16466346153846154
1 0.6129807692307693 0.8810096153846154 0.038461538461538464 0.15985576923076922