2 0.09375 0.039663461538461536 0.028846153846153848 0.07932692307692307
3 0.3449519230769231 0.054086538461538464 0.021634615384615384 0.10817307692307693
0 0.21754807692307693 0.08173076923076923 0.038461538461538464 0.052884615384615384
4 0.3605769230769231 0.09615384615384616 0.026442307692307692 0.09735576923076923
2 0.06370192307692307 0.11899038461538461 0.027644230769230768 0.11057692307692307
4 0.33413461538461536 0.27524038461538464 0.040865384615384616 0.09495192307692307
1 0.20192307692307693 0.30288461538461536 0.025240384615384616 0.10576923076923077
4 0.3545673076923077 0.38221153846153844 0.027644230769230768 0.06370192307692307
1 0.25 0.42788461538461536 0.03485576923076923 0.11057692307692307
1 0.8653846153846154 0.027644230769230768 0.03365384615384615 0.055288461538461536
4 0.8040865384615384 0.028846153846153848 0.040865384615384616 0.057692307692307696
2 0.7512019230769231 0.19591346153846154 0.04326923076923077 0.10336538461538461
0 0.6057692307692307 0.3317307692307692 0.046875 0.09735576923076923
2 0.8197115384615384 0.3485576923076923 0.037259615384615384 0.13341346153846154
4 0.5072115384615384 0.4230769230769231 0.038461538461538464 0.057692307692307696
2 0.7524038461538461 0.45552884615384615 0.04447115384615385 0.13822115384615385
2 0.5336538461538461 0.47475961538461536 0.038461538461538464 0.12259615384615384
3 0.06610576923076923 0.5661057692307693 0.021634615384615384 0.055288461538461536
1 0.36899038461538464 0.5637019230769231 0.021634615384615384 0.05048076923076923
2 0.2764423076923077 0.5817307692307693 0.02403846153846154 0.078125
0 0.17307692307692307 0.5913461538461539 0.028846153846153848 0.0625
4 0.038461538461538464 0.5961538461538461 0.025240384615384616 0.0673076923076923
2 0.2668269230769231 0.75 0.026442307692307692 0.09014423076923077
4 0.08774038461538461 0.84375 0.027644230769230768 0.08413461538461539
1 0.4206730769230769 0.8449519230769231 0.018028846153846152 0.08413461538461539
4 0.09375 0.9675480769230769 0.02403846153846154 0.06009615384615385
1 0.19471153846153846 0.9795673076923077 0.028846153846153848 0.036057692307692304
2 0.9266826923076923 0.5925480769230769 0.025240384615384616 0.078125
1 0.5997596153846154 0.6442307692307693 0.027644230769230768 0.0829326923076923
2 0.8305288461538461 0.6610576923076923 0.021634615384615384 0.09615384615384616
2 0.8798076923076923 0.7271634615384616 0.020432692307692308 0.08774038461538461
1 0.8701923076923077 0.96875 0.028846153846153848 0.057692307692307696