4 0.016826923076923076 0.1502403846153846 0.03365384615384615 0.13221153846153846
4 0.7536057692307693 0.009615384615384616 0.026442307692307692 0.019230769230769232
1 0.5949519230769231 0.02283653846153846 0.021634615384615384 0.04567307692307692
1 0.3173076923076923 0.06490384615384616 0.015625 0.0985576923076923
4 0.7836538461538461 0.125 0.028846153846153848 0.08052884615384616
2 0.6442307692307693 0.18870192307692307 0.018028846153846152 0.09615384615384616
3 0.90625 0.2824519230769231 0.02283653846153846 0.10576923076923077
0 0.7644230769230769 0.2980769230769231 0.028846153846153848 0.0625
2 0.5817307692307693 0.3557692307692308 0.021634615384615384 0.11538461538461539
1 0.30528846153846156 0.4026442307692308 0.018028846153846152 0.09254807692307693
1 0.7259615384615384 0.4387019230769231 0.027644230769230768 0.11177884615384616
4 0.7920673076923077 0.44350961538461536 0.038461538461538464 0.08774038461538461
1 0.12139423076923077 0.7752403846153846 0.015625 0.08173076923076923
1 0.4795673076923077 0.5108173076923077 0.026442307692307692 0.021634615384615384
1 0.8533653846153846 0.5120192307692307 0.028846153846153848 0.02403846153846154
4 0.9435096153846154 0.5120192307692307 0.036057692307692304 0.02403846153846154
2 0.734375 0.6213942307692307 0.02283653846153846 0.09735576923076923
4 0.9927884615384616 0.7091346153846154 0.009615384615384616 0.0625
0 0.8509615384615384 0.7115384615384616 0.027644230769230768 0.06610576923076923
3 0.984375 0.7620192307692307 0.025240384615384616 0.10817307692307693
1 0.3870192307692308 0.7740384615384616 0.020432692307692308 0.11298076923076923
2 0.6935096153846154 0.7932692307692307 0.026442307692307692 0.09615384615384616
4 0.8064903846153846 0.9050480769230769 0.04807692307692308 0.10817307692307693
1 0.5805288461538461 0.9471153846153846 0.03125 0.10096153846153846