4 0.07451923076923077 0.3269230769230769 0.025240384615384616 0.11057692307692307
2 0.31009615384615385 0.3485576923076923 0.027644230769230768 0.11658653846153846
3 0.5600961538461539 0.37740384615384615 0.019230769230769232 0.11899038461538461
0 0.4338942307692308 0.4110576923076923 0.038461538461538464 0.052884615384615384
4 0.5745192307692307 0.41586538461538464 0.02403846153846154 0.08173076923076923
2 0.2800480769230769 0.42427884615384615 0.03125 0.06490384615384616
4 0.3629807692307692 0.1658653846153846 0.038461538461538464 0.0829326923076923
1 0.2668269230769231 0.17548076923076922 0.030048076923076924 0.08052884615384616
4 0.44350961538461536 0.2620192307692308 0.04326923076923077 0.07211538461538461
2 0.6887019230769231 0.025240384615384616 0.036057692307692304 0.05048076923076923
2 0.8173076923076923 0.1310096153846154 0.028846153846153848 0.09014423076923077
3 0.6081730769230769 0.16105769230769232 0.026442307692307692 0.07091346153846154
0 0.6490384615384616 0.16826923076923078 0.03365384615384615 0.07091346153846154
2 0.8461538461538461 0.234375 0.03125 0.10336538461538461
4 0.6286057692307693 0.2800480769230769 0.04567307692307692 0.042067307692307696
4 0.6165865384615384 0.3401442307692308 0.037259615384615384 0.08052884615384616
2 0.6971153846153846 0.3629807692307692 0.030048076923076924 0.09375
2 0.17067307692307693 0.49038461538461536 0.021634615384615384 0.0625
4 0.2692307692307692 0.515625 0.025240384615384616 0.07932692307692307
2 0.18629807692307693 0.5793269230769231 0.02283653846153846 0.0733173076923077
4 0.3293269230769231 0.6105769230769231 0.03365384615384615 0.07692307692307693
1 0.013221153846153846 0.6201923076923077 0.02283653846153846 0.09615384615384616
4 0.453125 0.8653846153846154 0.04326923076923077 0.09615384615384616
1 0.23076923076923078 0.8870192307692307 0.02283653846153846 0.10216346153846154
4 0.5973557692307693 0.48197115384615385 0.016826923076923076 0.04567307692307692
2 0.9543269230769231 0.48197115384615385 0.028846153846153848 0.04567307692307692
4 0.8088942307692307 0.6790865384615384 0.03245192307692308 0.08774038461538461
4 0.8076923076923077 0.8293269230769231 0.03245192307692308 0.10576923076923077