4 0.1466346153846154 0.015625 0.03365384615384615 0.03125
1 0.01201923076923077 0.038461538461538464 0.02403846153846154 0.07211538461538461
4 0.19831730769230768 0.05889423076923077 0.030048076923076924 0.07932692307692307
2 0.09014423076923077 0.078125 0.027644230769230768 0.07091346153846154
4 0.39903846153846156 0.13822115384615385 0.020432692307692308 0.046875
3 0.44711538461538464 0.15144230769230768 0.03125 0.09495192307692307
4 0.4735576923076923 0.16826923076923078 0.004807692307692308 0.07692307692307693
2 0.20432692307692307 0.18870192307692307 0.027644230769230768 0.10817307692307693
0 0.34134615384615385 0.18870192307692307 0.028846153846153848 0.06490384615384616
1 0.06370192307692307 0.234375 0.030048076923076924 0.09254807692307693
2 0.2980769230769231 0.25961538461538464 0.021634615384615384 0.0889423076923077
1 0.18509615384615385 0.36177884615384615 0.03245192307692308 0.09014423076923077
1 0.9375 0.01201923076923077 0.02403846153846154 0.02403846153846154
2 0.8918269230769231 0.15504807692307693 0.028846153846153848 0.0625
4 0.8040865384615384 0.20432692307692307 0.02403846153846154 0.056490384615384616
2 0.9471153846153846 0.24639423076923078 0.027644230769230768 0.07211538461538461
4 0.6346153846153846 0.28846153846153844 0.02283653846153846 0.07091346153846154
3 0.7055288461538461 0.29927884615384615 0.02403846153846154 0.09495192307692307
2 0.9278846153846154 0.3004807692307692 0.02283653846153846 0.08653846153846154
0 0.8125 0.328125 0.03125 0.06129807692307692
1 0.9891826923076923 0.41346153846153844 0.016826923076923076 0.10096153846153846
2 0.8389423076923077 0.4254807692307692 0.030048076923076924 0.07451923076923077
4 0.7283653846153846 0.6069711538461539 0.03365384615384615 0.06009615384615385
1 0.7932692307692307 0.6117788461538461 0.03365384615384615 0.05048076923076923
1 0.0673076923076923 0.6538461538461539 0.019230769230769232 0.028846153846153848
1 0.46274038461538464 0.765625 0.026442307692307692 0.10336538461538461
2 0.046875 0.7848557692307693 0.025240384615384616 0.07572115384615384
2 0.042067307692307696 0.8701923076923077 0.02403846153846154 0.10697115384615384
1 0.33653846153846156 0.9783653846153846 0.019230769230769232 0.038461538461538464
1 0.8064903846153846 0.9050480769230769 0.016826923076923076 0.08052884615384616
2 0.5480769230769231 0.9879807692307693 0.02403846153846154 0.019230769230769232
4 0.5492788461538461 0.7175480769230769 0.020432692307692308 0.06610576923076923
1 0.6021634615384616 0.7223557692307693 0.020432692307692308 0.0829326923076923