4 0.18509615384615385 0.016826923076923076 0.02403846153846154 0.03365384615384615
1 0.22956730769230768 0.020432692307692308 0.026442307692307692 0.040865384615384616
4 0.16466346153846154 0.08173076923076923 0.02403846153846154 0.0829326923076923
4 0.08173076923076923 0.15985576923076922 0.016826923076923076 0.05048076923076923
0 0.2247596153846154 0.19591346153846154 0.026442307692307692 0.052884615384615384
3 0.0985576923076923 0.1971153846153846 0.021634615384615384 0.10096153846153846
4 0.23798076923076922 0.37259615384615385 0.019230769230769232 0.10576923076923077
1 0.7512019230769231 0.055288461538461536 0.019230769230769232 0.056490384615384616
4 0.8365384615384616 0.0625 0.02403846153846154 0.056490384615384616
1 0.6814903846153846 0.20432692307692307 0.018028846153846152 0.06971153846153846
4 0.8233173076923077 0.2127403846153846 0.030048076923076924 0.06971153846153846
2 0.7680288461538461 0.3473557692307692 0.019230769230769232 0.06610576923076923
1 0.42427884615384615 0.3557692307692308 0.013221153846153846 0.07211538461538461
2 0.6971153846153846 0.38822115384615385 0.018028846153846152 0.078125
4 0.9158653846153846 0.39783653846153844 0.02403846153846154 0.055288461538461536
1 0.1502403846153846 0.6274038461538461 0.020432692307692308 0.0733173076923077
1 0.22596153846153846 0.8197115384615384 0.016826923076923076 0.0829326923076923
4 0.2668269230769231 0.4362980769230769 0.028846153846153848 0.016826923076923076
1 0.47475961538461536 0.4362980769230769 0.021634615384615384 0.016826923076923076
4 0.2860576923076923 0.47115384615384615 0.028846153846153848 0.08413461538461539
1 0.5228365384615384 0.48197115384615385 0.015625 0.09375
4 0.34134615384615385 0.5120192307692307 0.027644230769230768 0.0829326923076923
1 0.84375 0.5973557692307693 0.026442307692307692 0.09014423076923077
2 0.46634615384615385 0.6322115384615384 0.02403846153846154 0.06009615384615385
0 0.4230769230769231 0.6658653846153846 0.03365384615384615 0.05048076923076923
2 0.49158653846153844 0.6730769230769231 0.026442307692307692 0.06370192307692307
3 0.2980769230769231 0.6911057692307693 0.019230769230769232 0.078125
4 0.30528846153846156 0.7680288461538461 0.025240384615384616 0.08653846153846154
1 0.8353365384615384 0.8509615384615384 0.019230769230769232 0.10336538461538461
4 0.5889423076923077 0.9266826923076923 0.025240384615384616 0.09014423076923077