4 0.010817307692307692 0.23677884615384615 0.021634615384615384 0.07932692307692307
4 0.038461538461538464 0.25600961538461536 0.014423076923076924 0.046875
4 0.04326923076923077 0.3161057692307692 0.027644230769230768 0.07211538461538461
4 0.2247596153846154 0.3918269230769231 0.018028846153846152 0.07932692307692307
3 0.24879807692307693 0.41586538461538464 0.021634615384615384 0.0889423076923077
0 0.13341346153846154 0.4483173076923077 0.030048076923076924 0.051682692307692304
2 0.016826923076923076 0.47475961538461536 0.028846153846153848 0.08413461538461539
4 0.7752403846153846 0.203125 0.040865384615384616 0.11899038461538461
1 0.953125 0.3545673076923077 0.03125 0.13581730769230768
4 0.8269230769230769 0.36538461538461536 0.046875 0.11899038461538461
1 0.24278846153846154 0.5432692307692307 0.02403846153846154 0.04807692307692308
2 0.38822115384615385 0.5757211538461539 0.021634615384615384 0.10216346153846154
2 0.43990384615384615 0.6935096153846154 0.02403846153846154 0.09975961538461539
1 0.25 0.7115384615384616 0.019230769230769232 0.11057692307692307
4 0.7896634615384616 0.5637019230769231 0.04567307692307692 0.0889423076923077
2 0.6081730769230769 0.5685096153846154 0.02403846153846154 0.0985576923076923
4 0.8665865384615384 0.6550480769230769 0.051682692307692304 0.15504807692307693
1 0.6069711538461539 0.6947115384615384 0.02403846153846154 0.14182692307692307
4 0.9615384615384616 0.8677884615384616 0.056490384615384616 0.16947115384615385
1 0.8725961538461539 0.8870192307692307 0.04567307692307692 0.16947115384615385