1 0.42788461538461536 0.21033653846153846 0.010817307692307692 0.07692307692307693
1 0.19110576923076922 0.34134615384615385 0.013221153846153846 0.0889423076923077
2 0.4110576923076923 0.4206730769230769 0.02403846153846154 0.07211538461538461
4 0.8305288461538461 0.125 0.027644230769230768 0.07211538461538461
1 0.6310096153846154 0.15745192307692307 0.02283653846153846 0.06610576923076923
4 0.828125 0.19471153846153846 0.027644230769230768 0.06971153846153846
2 0.7512019230769231 0.25240384615384615 0.020432692307692308 0.07211538461538461
3 0.9771634615384616 0.3233173076923077 0.018028846153846152 0.09134615384615384
2 0.6947115384615384 0.3473557692307692 0.026442307692307692 0.07692307692307693
0 0.8485576923076923 0.3557692307692308 0.027644230769230768 0.06129807692307692
1 0.47596153846153844 0.3581730769230769 0.020432692307692308 0.07692307692307693
4 0.9903846153846154 0.3858173076923077 0.014423076923076924 0.0889423076923077
2 0.7331730769230769 0.4375 0.02403846153846154 0.038461538461538464
2 0.37740384615384615 0.5649038461538461 0.019230769230769232 0.0829326923076923
3 0.22355769230769232 0.5901442307692307 0.02283653846153846 0.05048076923076923
4 0.042067307692307696 0.6033653846153846 0.015625 0.09014423076923077
0 0.2548076923076923 0.6045673076923077 0.02403846153846154 0.0673076923076923
2 0.39903846153846156 0.625 0.02403846153846154 0.08774038461538461
4 0.21033653846153846 0.6887019230769231 0.019230769230769232 0.0829326923076923
1 0.41586538461538464 0.7932692307692307 0.015625 0.10336538461538461
4 0.2403846153846154 0.8257211538461539 0.016826923076923076 0.09975961538461539
4 0.5012019230769231 0.5288461538461539 0.027644230769230768 0.07211538461538461
1 0.7199519230769231 0.5528846153846154 0.019230769230769232 0.07572115384615384
4 0.4723557692307692 0.6009615384615384 0.026442307692307692 0.0673076923076923
4 0.5372596153846154 0.6141826923076923 0.02403846153846154 0.06850961538461539
2 0.5012019230769231 0.7331730769230769 0.02403846153846154 0.06850961538461539
1 0.8725961538461539 0.8052884615384616 0.018028846153846152 0.09375
1 0.5012019230769231 0.8389423076923077 0.019230769230769232 0.10697115384615384