1 0.06610576923076923 0.018028846153846152 0.026442307692307692 0.036057692307692304
1 0.1814903846153846 0.020432692307692308 0.021634615384615384 0.040865384615384616
1 0.27403846153846156 0.0625 0.020432692307692308 0.07091346153846154
2 0.078125 0.078125 0.026442307692307692 0.07932692307692307
2 0.20552884615384615 0.18629807692307693 0.03365384615384615 0.09975961538461539
0 0.09975961538461539 0.23317307692307693 0.036057692307692304 0.05889423076923077
2 0.27283653846153844 0.2548076923076923 0.02403846153846154 0.08413461538461539
4 0.015625 0.3112980769230769 0.02403846153846154 0.10817307692307693
1 0.33774038461538464 0.40865384615384615 0.02283653846153846 0.08774038461538461
4 0.2764423076923077 0.42788461538461536 0.03365384615384615 0.1141826923076923
4 0.9290865384615384 0.1201923076923077 0.03125 0.06610576923076923
1 0.8581730769230769 0.12139423076923077 0.019230769230769232 0.0625
1 0.6394230769230769 0.1778846153846154 0.014423076923076924 0.07932692307692307
4 0.9350961538461539 0.203125 0.039663461538461536 0.07091346153846154
2 0.8365384615384616 0.3088942307692308 0.016826923076923076 0.09014423076923077
0 0.9591346153846154 0.35697115384615385 0.027644230769230768 0.06610576923076923
2 0.875 0.4807692307692308 0.02283653846153846 0.09014423076923077
1 0.7175480769230769 0.5420673076923077 0.03125 0.10216346153846154
4 0.8870192307692307 0.015625 0.04326923076923077 0.03125
1 0.8173076923076923 0.019230769230769232 0.02403846153846154 0.038461538461538464
1 0.09254807692307693 0.9471153846153846 0.026442307692307692 0.10096153846153846
1 0.27884615384615385 0.8245192307692307 0.02283653846153846 0.1045673076923077
4 0.6923076923076923 0.6778846153846154 0.028846153846153848 0.038461538461538464
1 0.7704326923076923 0.6826923076923077 0.026442307692307692 0.04807692307692308
4 0.7259615384615384 0.7716346153846154 0.030048076923076924 0.0829326923076923
1 0.8064903846153846 0.7800480769230769 0.020432692307692308 0.08653846153846154
4 0.7295673076923077 0.9338942307692307 0.03125 0.09495192307692307
1 0.8076923076923077 0.9447115384615384 0.026442307692307692 0.08653846153846154