1 0.30288461538461536 0.08173076923076923 0.01201923076923077 0.06490384615384616
1 0.09134615384615384 0.09495192307692307 0.010817307692307692 0.07692307692307693
4 0.44711538461538464 0.10216346153846154 0.019230769230769232 0.07932692307692307
2 0.1935096153846154 0.1622596153846154 0.019230769230769232 0.08052884615384616
4 0.35216346153846156 0.1814903846153846 0.027644230769230768 0.08774038461538461
2 0.15144230769230768 0.25240384615384615 0.020432692307692308 0.07091346153846154
2 0.07451923076923077 0.3125 0.020432692307692308 0.08413461538461539
0 0.21394230769230768 0.3233173076923077 0.028846153846153848 0.052884615384615384
4 0.359375 0.3293269230769231 0.03125 0.08413461538461539
3 0.32091346153846156 0.35096153846153844 0.02403846153846154 0.10576923076923077
2 0.013221153846153846 0.3798076923076923 0.021634615384615384 0.0889423076923077
4 0.3004807692307692 0.3798076923076923 0.027644230769230768 0.0829326923076923
4 0.08653846153846154 0.4495192307692308 0.04326923076923077 0.07211538461538461
2 0.6598557692307693 0.03485576923076923 0.03125 0.06971153846153846
1 0.7536057692307693 0.10697115384615384 0.026442307692307692 0.09735576923076923
4 0.5504807692307693 0.11057692307692307 0.03125 0.06370192307692307
4 0.9915865384615384 0.171875 0.01201923076923077 0.11298076923076923
1 0.7427884615384616 0.36899038461538464 0.027644230769230768 0.11057692307692307
1 0.17548076923076922 0.5084134615384616 0.02403846153846154 0.040865384615384616
1 0.44350961538461536 0.9471153846153846 0.021634615384615384 0.10096153846153846
3 0.8100961538461539 0.5072115384615384 0.02403846153846154 0.038461538461538464
4 0.7644230769230769 0.4987980769230769 0.02403846153846154 0.021634615384615384
0 0.6899038461538461 0.5168269230769231 0.03365384615384615 0.051682692307692304
2 0.6069711538461539 0.5492788461538461 0.025240384615384616 0.05889423076923077
4 0.8185096153846154 0.8617788461538461 0.039663461538461536 0.09375
1 0.7524038461538461 0.8786057692307693 0.03245192307692308 0.08173076923076923