1 0.43028846153846156 0.015625 0.028846153846153848 0.03125
2 0.18269230769230768 0.04326923076923077 0.026442307692307692 0.0829326923076923
0 0.013221153846153846 0.07211538461538461 0.026442307692307692 0.052884615384615384
2 0.14783653846153846 0.13581730769230768 0.02403846153846154 0.09735576923076923
1 0.19471153846153846 0.27884615384615385 0.019230769230769232 0.09495192307692307
2 0.7584134615384616 0.020432692307692308 0.01201923076923077 0.040865384615384616
1 0.6213942307692307 0.03125 0.013221153846153846 0.055288461538461536
4 0.8473557692307693 0.03125 0.026442307692307692 0.051682692307692304
2 0.7007211538461539 0.04567307692307692 0.018028846153846152 0.038461538461538464
4 0.9891826923076923 0.08173076923076923 0.019230769230769232 0.08052884615384616
3 0.9230769230769231 0.08413461538461539 0.021634615384615384 0.08413461538461539
0 0.8257211538461539 0.109375 0.019230769230769232 0.04567307692307692
2 0.7079326923076923 0.109375 0.013221153846153846 0.06610576923076923
2 0.8293269230769231 0.18870192307692307 0.019230769230769232 0.07932692307692307
1 0.6322115384615384 0.23918269230769232 0.019230769230769232 0.06129807692307692
4 0.9350961538461539 0.41947115384615385 0.014423076923076924 0.06850961538461539
1 0.875 0.43990384615384615 0.019230769230769232 0.09134615384615384
4 0.25841346153846156 0.5709134615384616 0.036057692307692304 0.06490384615384616
1 0.15745192307692307 0.5733173076923077 0.021634615384615384 0.06971153846153846
4 0.27403846153846156 0.6394230769230769 0.025240384615384616 0.07932692307692307
2 0.25721153846153844 0.7151442307692307 0.03125 0.08173076923076923
4 0.4807692307692308 0.734375 0.019230769230769232 0.08173076923076923
2 0.14783653846153846 0.7536057692307693 0.02403846153846154 0.056490384615384616
3 0.5036057692307693 0.7644230769230769 0.021634615384615384 0.1045673076923077
0 0.3545673076923077 0.8076923076923077 0.027644230769230768 0.054086538461538464
2 0.19951923076923078 0.8617788461538461 0.027644230769230768 0.08653846153846154
1 0.5985576923076923 0.5817307692307693 0.028846153846153848 0.08653846153846154
1 0.8137019230769231 0.6105769230769231 0.025240384615384616 0.09495192307692307
2 0.5492788461538461 0.6742788461538461 0.025240384615384616 0.08533653846153846
1 0.8569711538461539 0.7752403846153846 0.02403846153846154 0.10096153846153846
2 0.6346153846153846 0.890625 0.027644230769230768 0.09375
2 0.6033653846153846 0.9735576923076923 0.038461538461538464 0.04807692307692308