4 0.2692307692307692 0.1875 0.040865384615384616 0.08052884615384616
2 0.3762019230769231 0.19471153846153846 0.02403846153846154 0.08653846153846154
4 0.07932692307692307 0.3125 0.02403846153846154 0.07451923076923077
3 0.15625 0.3161057692307692 0.015625 0.10576923076923077
0 0.2644230769230769 0.34975961538461536 0.03125 0.05048076923076923
2 0.4026442307692308 0.41466346153846156 0.02403846153846154 0.09735576923076923
4 0.171875 0.4483173076923077 0.02403846153846154 0.09735576923076923
4 0.1346153846153846 0.7367788461538461 0.04326923076923077 0.06009615384615385
1 0.21634615384615385 0.7439903846153846 0.02403846153846154 0.04567307692307692
1 0.41225961538461536 0.02403846153846154 0.007211538461538462 0.04807692307692308
4 0.36177884615384615 0.02283653846153846 0.026442307692307692 0.04567307692307692
4 0.7211538461538461 0.16706730769230768 0.02283653846153846 0.06370192307692307
4 0.7439903846153846 0.22115384615384615 0.028846153846153848 0.10697115384615384
4 0.7007211538461539 0.23798076923076922 0.040865384615384616 0.05048076923076923
1 0.8774038461538461 0.2403846153846154 0.02283653846153846 0.12379807692307693
2 0.8052884615384616 0.25600961538461536 0.040865384615384616 0.1045673076923077
2 0.9266826923076923 0.3173076923076923 0.037259615384615384 0.1310096153846154
3 0.5324519230769231 0.36177884615384615 0.020432692307692308 0.13701923076923078
0 0.6959134615384616 0.4182692307692308 0.03125 0.08052884615384616
4 0.49399038461538464 0.44591346153846156 0.028846153846153848 0.11538461538461539
2 0.8569711538461539 0.5132211538461539 0.036057692307692304 0.13221153846153846
4 0.578125 0.5853365384615384 0.056490384615384616 0.1201923076923077
2 0.6418269230769231 0.6189903846153846 0.036057692307692304 0.12620192307692307
2 0.19591346153846154 0.7956730769230769 0.036057692307692304 0.052884615384615384
2 0.17668269230769232 0.8882211538461539 0.038461538461538464 0.109375
2 0.18509615384615385 0.9711538461538461 0.038461538461538464 0.052884615384615384
1 0.9002403846153846 0.8317307692307693 0.016826923076923076 0.06490384615384616
2 0.9735576923076923 0.890625 0.014423076923076924 0.07451923076923077
2 0.9110576923076923 0.9098557692307693 0.021634615384615384 0.07451923076923077
2 0.8689903846153846 0.9579326923076923 0.030048076923076924 0.06490384615384616
1 0.8016826923076923 0.984375 0.021634615384615384 0.026442307692307692