2 0.3449519230769231 0.09134615384615384 0.019230769230769232 0.0889423076923077
0 0.5144230769230769 0.10697115384615384 0.030048076923076924 0.046875
3 0.6225961538461539 0.125 0.020432692307692308 0.0889423076923077
4 0.6045673076923077 0.171875 0.02403846153846154 0.078125
1 0.14423076923076922 0.19110576923076922 0.016826923076923076 0.09975961538461539
1 0.34615384615384615 0.41586538461538464 0.020432692307692308 0.09495192307692307
4 0.42427884615384615 0.44711538461538464 0.038461538461538464 0.0889423076923077
2 0.8485576923076923 0.04567307692307692 0.04326923076923077 0.09134615384615384
3 0.9423076923076923 0.19591346153846154 0.042067307692307696 0.09495192307692307
0 0.8954326923076923 0.2127403846153846 0.03365384615384615 0.0829326923076923
4 0.9567307692307693 0.36658653846153844 0.04927884615384615 0.06971153846153846
4 0.9314903846153846 0.41466346153846156 0.052884615384615384 0.055288461538461536
4 0.9579326923076923 0.49399038461538464 0.056490384615384616 0.10096153846153846
2 0.8341346153846154 0.49759615384615385 0.04326923076923077 0.13701923076923078
4 0.2704326923076923 0.6586538461538461 0.037259615384615384 0.0829326923076923
1 0.42908653846153844 0.6887019230769231 0.020432692307692308 0.0829326923076923
2 0.34134615384615385 0.9675480769230769 0.038461538461538464 0.06009615384615385
3 0.15144230769230768 0.9795673076923077 0.03365384615384615 0.036057692307692304
3 0.9747596153846154 0.5961538461538461 0.026442307692307692 0.03365384615384615
4 0.9447115384615384 0.6274038461538461 0.020432692307692308 0.07451923076923077