2 0.08774038461538461 0.06850961538461539 0.019230769230769232 0.08653846153846154
4 0.24519230769230768 0.06850961538461539 0.03125 0.06370192307692307
2 0.025240384615384616 0.19471153846153846 0.019230769230769232 0.0889423076923077
0 0.19471153846153846 0.21033653846153846 0.030048076923076924 0.046875
3 0.30288461538461536 0.2283653846153846 0.020432692307692308 0.0889423076923077
4 0.2848557692307692 0.27524038461538464 0.02403846153846154 0.078125
4 0.31490384615384615 0.014423076923076924 0.028846153846153848 0.028846153846153848
1 0.9038461538461539 0.006009615384615385 0.02403846153846154 0.01201923076923077
1 0.7620192307692307 0.06129807692307692 0.018028846153846152 0.07091346153846154
2 0.9002403846153846 0.1502403846153846 0.019230769230769232 0.0673076923076923
1 0.7536057692307693 0.2644230769230769 0.019230769230769232 0.0733173076923077
2 0.8473557692307693 0.2848557692307692 0.02283653846153846 0.06370192307692307
0 0.9723557692307693 0.3076923076923077 0.030048076923076924 0.039663461538461536
1 0.8125 0.4338942307692308 0.02403846153846154 0.026442307692307692
1 0.2127403846153846 0.5588942307692307 0.020432692307692308 0.09014423076923077
1 0.3173076923076923 0.7487980769230769 0.020432692307692308 0.09735576923076923
1 0.14302884615384615 0.8834134615384616 0.02403846153846154 0.09975961538461539
1 0.7752403846153846 0.6586538461538461 0.015625 0.06850961538461539
4 0.9074519230769231 0.6622596153846154 0.014423076923076924 0.04326923076923077
2 0.78125 0.7596153846153846 0.010817307692307692 0.06610576923076923
3 0.9519230769230769 0.8137019230769231 0.020432692307692308 0.07451923076923077
0 0.8533653846153846 0.8173076923076923 0.010817307692307692 0.03125
2 0.7740384615384616 0.8485576923076923 0.01201923076923077 0.06490384615384616
1 0.6141826923076923 0.8846153846153846 0.015625 0.07451923076923077
4 0.8581730769230769 0.9134615384615384 0.027644230769230768 0.05889423076923077
1 0.8497596153846154 0.5697115384615384 0.013221153846153846 0.0625
4 0.9098557692307693 0.5709134615384616 0.020432692307692308 0.06009615384615385