2 0.03365384615384615 0.055288461538461536 0.026442307692307692 0.0829326923076923
2 0.006009615384615385 0.14783653846153846 0.01201923076923077 0.0985576923076923
1 0.04567307692307692 0.29086538461538464 0.019230769230769232 0.09495192307692307
4 0.8629807692307693 0.015625 0.04807692307692308 0.03125
4 0.44471153846153844 0.026442307692307692 0.03365384615384615 0.052884615384615384
4 0.5120192307692307 0.026442307692307692 0.04326923076923077 0.052884615384615384
4 0.5817307692307693 0.05889423076923077 0.038461538461538464 0.11778846153846154
4 0.6310096153846154 0.0829326923076923 0.055288461538461536 0.1658653846153846
1 0.3737980769230769 0.10336538461538461 0.038461538461538464 0.16947115384615385
4 0.21153846153846154 0.6790865384615384 0.028846153846153848 0.0673076923076923
4 0.08173076923076923 0.7584134615384616 0.026442307692307692 0.08173076923076923
0 0.2403846153846154 0.8088942307692307 0.014423076923076924 0.06971153846153846
3 0.10817307692307693 0.8185096153846154 0.028846153846153848 0.1141826923076923
4 0.24158653846153846 0.9375 0.01201923076923077 0.10576923076923077
1 0.7860576923076923 0.5420673076923077 0.02403846153846154 0.09735576923076923
4 0.875 0.5432692307692307 0.030048076923076924 0.09375
4 0.8461538461538461 0.6766826923076923 0.038461538461538464 0.10336538461538461
1 0.5925480769230769 0.703125 0.03125 0.0985576923076923
4 0.8990384615384616 0.765625 0.037259615384615384 0.11538461538461539
2 0.7872596153846154 0.7668269230769231 0.040865384615384616 0.06129807692307692
3 0.9771634615384616 0.8990384615384616 0.040865384615384616 0.07211538461538461
2 0.6129807692307693 0.9014423076923077 0.02403846153846154 0.109375
2 0.6995192307692307 0.9038461538461539 0.026442307692307692 0.10336538461538461
2 0.7644230769230769 0.9278846153846154 0.056490384615384616 0.08774038461538461
0 0.8257211538461539 0.9399038461538461 0.04326923076923077 0.08413461538461539
4 0.9891826923076923 0.9675480769230769 0.016826923076923076 0.06009615384615385