3 0.052884615384615384 0.027644230769230768 0.019230769230769232 0.055288461538461536
0 0.17548076923076922 0.03365384615384615 0.025240384615384616 0.05048076923076923
2 0.30528846153846156 0.07211538461538461 0.021634615384615384 0.09495192307692307
1 0.4254807692307692 0.12139423076923077 0.02403846153846154 0.0985576923076923
1 0.24519230769230768 0.17307692307692307 0.026442307692307692 0.0829326923076923
4 0.07211538461538461 0.27163461538461536 0.03245192307692308 0.08653846153846154
2 0.8990384615384616 0.025240384615384616 0.02403846153846154 0.05048076923076923
3 0.7259615384615384 0.03245192307692308 0.02403846153846154 0.06490384615384616
0 0.8233173076923077 0.042067307692307696 0.02283653846153846 0.05889423076923077
4 0.7151442307692307 0.08413461538461539 0.02283653846153846 0.06490384615384616
4 0.8040865384615384 0.15264423076923078 0.026442307692307692 0.07451923076923077
1 0.9675480769230769 0.26802884615384615 0.030048076923076924 0.08173076923076923
4 0.7728365384615384 0.2860576923076923 0.030048076923076924 0.08173076923076923
1 0.2620192307692308 0.5817307692307693 0.018028846153846152 0.06850961538461539
4 0.3293269230769231 0.5973557692307693 0.026442307692307692 0.09134615384615384
1 0.09735576923076923 0.6322115384615384 0.016826923076923076 0.09375
4 0.28365384615384615 0.6826923076923077 0.02403846153846154 0.07572115384615384
4 0.1875 0.7379807692307693 0.030048076923076924 0.09615384615384616
4 0.18389423076923078 0.9302884615384616 0.030048076923076924 0.078125
0 0.003605769230769231 0.9519230769230769 0.007211538461538462 0.08173076923076923
3 0.1141826923076923 0.9627403846153846 0.021634615384615384 0.06971153846153846
3 0.5492788461538461 0.4362980769230769 0.026442307692307692 0.016826923076923076
0 0.640625 0.4411057692307692 0.03125 0.026442307692307692
2 0.7764423076923077 0.4639423076923077 0.028846153846153848 0.07211538461538461
1 0.9735576923076923 0.6358173076923077 0.019230769230769232 0.09134615384615384
4 0.5649038461538461 0.6442307692307693 0.026442307692307692 0.09134615384615384
1 0.7115384615384616 0.6694711538461539 0.025240384615384616 0.10336538461538461
4 0.5492788461538461 0.8689903846153846 0.038461538461538464 0.08653846153846154
1 0.6598557692307693 0.8774038461538461 0.02403846153846154 0.09735576923076923