2 0.4182692307692308 0.13822115384615385 0.021634615384615384 0.078125
3 0.14182692307692307 0.2091346153846154 0.016826923076923076 0.09134615384615384
0 0.2644230769230769 0.23557692307692307 0.025240384615384616 0.05048076923076923
2 0.3942307692307692 0.27403846153846156 0.021634615384615384 0.09495192307692307
1 0.5180288461538461 0.3233173076923077 0.027644230769230768 0.09735576923076923
1 0.33413461538461536 0.375 0.026442307692307692 0.0829326923076923
4 0.16105769230769232 0.4735576923076923 0.03245192307692308 0.08653846153846154
1 0.4098557692307692 0.008413461538461538 0.021634615384615384 0.016826923076923076
4 0.2608173076923077 0.08173076923076923 0.016826923076923076 0.05889423076923077
4 0.1346153846153846 0.13221153846153846 0.010817307692307692 0.06129807692307692
2 0.6646634615384616 0.1141826923076923 0.025240384615384616 0.07572115384615384
2 0.6598557692307693 0.19951923076923078 0.02403846153846154 0.10697115384615384
1 0.9543269230769231 0.3485576923076923 0.018028846153846152 0.11899038461538461
2 0.2283653846153846 0.5853365384615384 0.03365384615384615 0.055288461538461536
4 0.025240384615384616 0.8617788461538461 0.027644230769230768 0.0889423076923077
1 0.10096153846153846 0.8786057692307693 0.036057692307692304 0.11658653846153846
0 0.8822115384615384 0.6370192307692307 0.03365384615384615 0.0625
3 0.7463942307692307 0.6454326923076923 0.020432692307692308 0.09014423076923077
4 0.7608173076923077 0.7247596153846154 0.02283653846153846 0.08533653846153846
4 0.8509615384615384 0.7692307692307693 0.027644230769230768 0.09735576923076923
4 0.8353365384615384 0.8317307692307693 0.019230769230769232 0.11057692307692307
4 0.8930288461538461 0.8341346153846154 0.042067307692307696 0.07091346153846154