3 0.5564964249233911 0.3933112582781457 0.013667007150153218 0.022996688741721855
1 0.66414708886619 0.6061920529801325 0.01470888661899898 0.02630794701986755
0 0.691164453524004 0.6575165562913907 0.014606741573033709 0.023642384105960264
0 0.353779366700715 0.4003476821192053 0.015628192032686415 0.02380794701986755
1 0.38064351378958117 0.45283112582781454 0.01501532175689479 0.026456953642384106
2 0.4080694586312564 0.5047350993377484 0.014300306435137897 0.025298013245033113
3 0.435291113381001 0.5589569536423842 0.013993871297242083 0.02279801324503311
4 0.4616956077630235 0.6100993377483444 0.015321756894790603 0.026490066225165563
3 0.4889070480081716 0.663228476821192 0.014586312563840654 0.023493377483443708
2 0.515311542390194 0.7158940397350994 0.015301327885597548 0.026142384105960263
1 0.5428907048008171 0.7677980132450332 0.014279877425944842 0.027301324503311256
0 0.5692951991828397 0.8221026490066226 0.014994892747701737 0.02663907284768212
0 0.4751889683350357 0.23403973509933776 0.014892747701736465 0.023642384105960264
1 0.5028702757916241 0.28950331125827816 0.013667007150153218 0.025298013245033113
2 0.5292747701736465 0.3413245033112583 0.01397344228804903 0.022649006622516555
4 0.583758937691522 0.4470198675496689 0.015321756894790603 0.026490066225165563
3 0.6106230847803881 0.49834437086092714 0.014300306435137897 0.023178807947019868
2 0.6366189989785496 0.5523841059602649 0.013779366700715015 0.026953642384105962