4 0.56796875 0.12279888785912882 0.025520833333333333 0.06950880444856349
1 0.5140625 0.12418906394810009 0.022916666666666665 0.06672845227062095
4 0.5989583333333334 0.22798887859128822 0.022916666666666665 0.06487488415199258
1 0.4953125 0.22984244670991658 0.019791666666666666 0.07228915662650602
1 0.26067708333333334 0.2655236329935125 0.0171875 0.07877664504170528
4 0.5825520833333333 0.37812789620018533 0.0328125 0.04077849860982391
2 0.46380208333333334 0.4490268767377201 0.019270833333333334 0.07136237256719184
3 0.6986979166666667 0.4726598702502317 0.0140625 0.07228915662650602
0 0.5768229166666666 0.4911955514365153 0.0265625 0.05560704355885079
2 0.4583333333333333 0.5366079703429101 0.01875 0.09082483781278962
4 0.7190104166666667 0.5375347544022243 0.0234375 0.0778498609823911
1 0.23619791666666667 0.6357738646895273 0.0171875 0.09082483781278962
4 0.6510416666666666 0.8568118628359592 0.03229166666666667 0.1010194624652456
1 0.4705729166666667 0.8642261353104727 0.0265625 0.09360518999073215