2 0.3952859350850077 0.23937360178970918 0.03323029366306028 0.14541387024608501
4 0.7171561051004637 0.2494407158836689 0.03863987635239567 0.1319910514541387
4 0.8628284389489954 0.34563758389261745 0.03168469860896445 0.049217002237136466
4 0.6839258114374034 0.354586129753915 0.06800618238021638 0.11185682326621924
2 0.46483771251931993 0.3579418344519016 0.04714064914992272 0.10961968680089486
1 0.23531684698608965 0.3668903803131991 0.0347758887171561 0.14317673378076062
2 0.40030911901081917 0.4155480984340045 0.03863987635239567 0.1487695749440716
3 0.8713292117465224 0.4423937360178971 0.03323029366306028 0.1599552572706935
0 0.5780525502318392 0.4608501118568233 0.05100463678516229 0.1029082774049217
4 0.4470633693972179 0.581096196868009 0.03632148377125193 0.1465324384787472
4 0.47720247295208656 0.825503355704698 0.05023183925811438 0.18791946308724833
1 0.30023183925811436 0.8316554809843401 0.04868624420401855 0.13982102908277405
4 0.741499227202473 0.10346756152125279 0.04559505409582689 0.12639821029082773
1 0.4269706336939722 0.11185682326621924 0.04095826893353941 0.09395973154362416