1 0.25625 0.16265060240963855 0.019791666666666666 0.06580166821130677
4 0.12369791666666667 0.18906394810009267 0.0140625 0.07414272474513438
1 0.28671875 0.2794253938832252 0.0203125 0.060240963855421686
4 0.21692708333333333 0.28313253012048195 0.013020833333333334 0.06580166821130677
1 0.5716145833333334 0.38924930491195553 0.018229166666666668 0.0778498609823911
2 0.4127604166666667 0.4068582020389249 0.018229166666666668 0.07414272474513438
2 0.4359375 0.45968489341983315 0.019791666666666666 0.07414272474513438
0 0.346875 0.48053753475440225 0.022916666666666665 0.05282669138090825
3 0.23854166666666668 0.504633920296571 0.022916666666666665 0.08804448563484708
4 0.44973958333333336 0.541241890639481 0.033854166666666664 0.0685820203892493
4 0.25677083333333334 0.5528266913809082 0.01875 0.08433734939759036
1 0.5291666666666667 0.6811862835959221 0.029166666666666667 0.09453197405004633
4 0.46927083333333336 0.7075996292863763 0.022916666666666665 0.09731232622798888
1 0.66328125 0.7924003707136237 0.018229166666666668 0.10194624652455977
4 0.5265625 0.8790546802594995 0.016666666666666666 0.10287303058387395