4 0.46510416666666665 0.1144578313253012 0.03333333333333333 0.07692307692307693
1 0.36354166666666665 0.12140871177015755 0.019791666666666666 0.07043558850787766
4 0.48098958333333336 0.18952734012974976 0.025520833333333333 0.07877664504170528
2 0.46432291666666664 0.2659870250231696 0.03177083333333333 0.08155699721964782
4 0.6872395833333333 0.2845227062094532 0.019270833333333334 0.08155699721964782
2 0.35442708333333334 0.30444856348470806 0.024479166666666666 0.056533827618164965
1 0.12630208333333334 0.31278962001853566 0.0296875 0.08804448563484708
3 0.7098958333333333 0.314643188137164 0.021875 0.10472659870250231
0 0.5614583333333333 0.3586654309545876 0.027083333333333334 0.05375347544022243
2 0.40625 0.41241890639481 0.028125 0.0871177015755329
4 0.7408854166666666 0.6209453197405005 0.034895833333333334 0.08897126969416126
1 0.39375 0.6733086190917517 0.029166666666666667 0.12326227988878591
1 0.5895833333333333 0.6913809082483782 0.03333333333333333 0.10009267840593142
4 0.8994791666666667 0.7766450417052827 0.04895833333333333 0.07970342910101946
1 0.759375 0.8155699721964782 0.030208333333333334 0.09267840593141798