1 0.70546875 0.20342910101946246 0.022395833333333334 0.08989805375347544
4 0.43645833333333334 0.24420759962928637 0.03125 0.09360518999073215
2 0.5859375 0.4365152919369787 0.029166666666666667 0.09082483781278962
4 0.3515625 0.43836886005560705 0.03229166666666667 0.07599629286376275
4 0.24270833333333333 0.45968489341983315 0.025 0.06302131603336422
3 0.2328125 0.525949953660797 0.020833333333333332 0.1010194624652456
0 0.40520833333333334 0.5398517145505097 0.030208333333333334 0.06950880444856349
2 0.5901041666666667 0.5704355885078777 0.023958333333333335 0.09731232622798888
1 0.6989583333333333 0.6876737720111215 0.023958333333333335 0.13160333642261354
2 0.45338541666666665 0.6899907321594069 0.0265625 0.10658016682113068
4 0.34036458333333336 0.6983317886932344 0.027604166666666666 0.11399443929564411
4 0.259375 0.726598702502317 0.026041666666666668 0.11121408711770157
1 0.6192708333333333 0.8239110287303059 0.019791666666666666 0.1334569045412419