1 0.55 0.18952734012974976 0.042708333333333334 0.16218721037998146
2 0.42473958333333334 0.1978683966635774 0.0359375 0.1417979610750695
2 0.6700520833333333 0.31371640407784984 0.05677083333333333 0.17330861909175163
4 0.3533854166666667 0.3243744207599629 0.06302083333333333 0.10750695088044486
4 0.39739583333333334 0.3470806302131603 0.05520833333333333 0.07692307692307693
2 0.7822916666666667 0.4680259499536608 0.04791666666666667 0.16682113067655235
0 0.50078125 0.48053753475440225 0.06302083333333333 0.07692307692307693
3 0.44869791666666664 0.4953660797034291 0.05677083333333333 0.15291936978683968
4 0.309375 0.5495829471733086 0.06145833333333333 0.12974976830398516
4 0.2109375 0.5546802594995366 0.06354166666666666 0.1696014828544949
4 0.5369791666666667 0.6626506024096386 0.053125 0.12048192771084337
1 0.7177083333333333 0.6848934198331789 0.04895833333333333 0.1927710843373494