1 0.6041666666666666 0.2618164967562558 0.027083333333333334 0.07692307692307693
4 0.7184895833333333 0.2669138090824838 0.027604166666666666 0.0963855421686747
4 0.7002604166666667 0.34291010194624655 0.04010416666666667 0.04077849860982391
1 0.47942708333333334 0.35449490268767375 0.0234375 0.10658016682113068
2 0.5315104166666667 0.3707136237256719 0.0265625 0.07414272474513438
3 0.859375 0.4675625579240037 0.019791666666666666 0.12511584800741427
2 0.54765625 0.4819277108433735 0.021354166666666667 0.0871177015755329
0 0.7026041666666667 0.5027803521779426 0.03958333333333333 0.082483781278962
4 0.8807291666666667 0.5296570898980537 0.021875 0.12326227988878591
1 0.11328125 0.5491195551436515 0.030729166666666665 0.12140871177015755
2 0.5986979166666667 0.5996292863762743 0.025520833333333333 0.10379981464318813
4 0.7958333333333333 0.7150139017608897 0.04375 0.1102873030583874
1 0.7174479166666666 0.7497683039851715 0.0328125 0.12233549582947173