1 0.3341145833333333 0.17747914735866543 0.019270833333333334 0.11584800741427248
4 0.6453125 0.2432808155699722 0.027083333333333334 0.08804448563484708
1 0.36276041666666664 0.27340129749768305 0.025520833333333333 0.11492122335495829
4 0.6197916666666666 0.2933271547729379 0.034375 0.09545875810936053
4 0.66953125 0.335032437442076 0.0296875 0.06765523632993513
2 0.5380208333333333 0.340129749768304 0.027083333333333334 0.06672845227062095
2 0.5963541666666666 0.4165894346617238 0.03854166666666667 0.07692307692307693
3 0.8111979166666666 0.4494902687673772 0.028645833333333332 0.09267840593141798
0 0.65859375 0.4962928637627433 0.033854166666666664 0.08433734939759036
4 0.8361979166666667 0.5254865616311399 0.0265625 0.11862835959221502
1 0.6140625 0.5648748841519926 0.03854166666666667 0.10472659870250231
1 0.5625 0.5936051899907322 0.026041666666666668 0.09360518999073215
4 0.759375 0.7544022242817423 0.03958333333333333 0.11121408711770157
1 0.4140625 0.8053753475440223 0.0375 0.12233549582947173