1 0.596875 0.2534754402224282 0.0125 0.047265987025023166
4 0.6622395833333333 0.2594995366079703 0.0171875 0.051899907321594066
1 0.42864583333333334 0.3257645968489342 0.017708333333333333 0.05468025949953661
2 0.5955729166666667 0.3276181649675626 0.016145833333333335 0.04911955514365153
2 0.52890625 0.3873957367933272 0.0140625 0.051899907321594066
4 0.7447916666666666 0.40129749768303985 0.017708333333333333 0.07228915662650602
0 0.6263020833333334 0.422613531047266 0.016145833333333335 0.04633920296570899
3 0.71640625 0.4272474513438369 0.015104166666666667 0.07228915662650602
2 0.5494791666666666 0.4453197405004634 0.016666666666666666 0.056533827618164965
4 0.69453125 0.4569045412418906 0.0140625 0.04819277108433735
1 0.39739583333333334 0.48841519925857274 0.015625 0.04448563484708063
2 0.5140625 0.5282669138090825 0.014583333333333334 0.06672845227062095
4 0.6247395833333333 0.5296570898980537 0.0234375 0.0639481000926784
0 0.4908854166666667 0.056997219647822055 0.018229166666666668 0.056533827618164965
1 0.44895833333333335 0.6399443929564411 0.016666666666666666 0.06209453197405004
4 0.6734375 0.6733086190917517 0.01875 0.0732159406858202