1 0.4627604166666667 0.2520852641334569 0.0265625 0.06487488415199258
4 0.6760416666666667 0.27340129749768305 0.026041666666666668 0.08155699721964782
1 0.409375 0.32344763670064874 0.017708333333333333 0.08341056533827618
4 0.790625 0.3456904541241891 0.025 0.05375347544022243
2 0.5263020833333333 0.39156626506024095 0.0203125 0.07877664504170528
3 0.7854166666666667 0.4008341056533828 0.022916666666666665 0.08804448563484708
0 0.6565104166666667 0.4128822984244671 0.0265625 0.05282669138090825
2 0.5247395833333334 0.47914735866543096 0.024479166666666666 0.0778498609823911
4 0.7127604166666667 0.5111214087117701 0.0296875 0.07692307692307693
1 0.27682291666666664 0.5435588507877664 0.024479166666666666 0.0917516218721038
1 0.5440104166666667 0.5996292863762743 0.0203125 0.0963855421686747
4 0.7138020833333333 0.6311399443929564 0.024479166666666666 0.10009267840593142
4 0.6799479166666667 0.7520852641334569 0.03177083333333333 0.09916589434661724
1 0.5059895833333333 0.7585727525486562 0.0296875 0.10472659870250231