4 0.4328125 0.26135310472659873 0.03333333333333333 0.08341056533827618
1 0.48151041666666666 0.28313253012048195 0.025520833333333333 0.07877664504170528
4 0.45338541666666665 0.3266913809082484 0.028645833333333332 0.06580166821130677
4 0.2908854166666667 0.36515291936978683 0.022395833333333334 0.07970342910101946
2 0.49322916666666666 0.40176088971269697 0.025 0.1010194624652456
3 0.26015625 0.4040778498609824 0.028645833333333332 0.09453197405004633
0 0.39817708333333335 0.43466172381835033 0.0265625 0.057460611677479144
1 0.8549479166666667 0.46941612604263205 0.022395833333333334 0.10658016682113068
4 0.3138020833333333 0.5176088971269694 0.025520833333333333 0.1010194624652456
2 0.39895833333333336 0.5393883225208527 0.026041666666666668 0.09082483781278962
1 0.6213541666666667 0.5755329008341057 0.01875 0.10009267840593142
4 0.3299479166666667 0.6422613531047267 0.0265625 0.10194624652455977
1 0.38958333333333334 0.6682113067655236 0.027083333333333334 0.09082483781278962
4 0.2760416666666667 0.7177942539388322 0.03958333333333333 0.09360518999073215
1 0.5174479166666667 0.7692307692307693 0.028645833333333332 0.08897126969416126