4 0.6591145833333333 0.12650602409638553 0.025520833333333333 0.08804448563484708
1 0.42135416666666664 0.14272474513438368 0.019791666666666666 0.09823911028730306
4 0.6604166666666667 0.2979610750695088 0.028125 0.07877664504170528
1 0.3494791666666667 0.3169601482854495 0.015625 0.0963855421686747
4 0.6583333333333333 0.3901760889712697 0.03125 0.08897126969416126
2 0.60625 0.422613531047266 0.025 0.06302131603336422
2 0.4934895833333333 0.42539388322520855 0.0203125 0.08897126969416126
1 0.20338541666666668 0.4675625579240037 0.0234375 0.09916589434661724
3 0.8138020833333334 0.5139017608897127 0.018229166666666668 0.07506950880444857
0 0.6567708333333333 0.5634847080630213 0.025 0.05375347544022243
4 0.8270833333333333 0.6037998146431881 0.021875 0.09545875810936053
2 0.5127604166666667 0.6098239110287303 0.024479166666666666 0.09082483781278962
2 0.63046875 0.6760889712696941 0.0265625 0.08989805375347544
4 0.7088541666666667 0.7511584800741428 0.03229166666666667 0.09731232622798888
1 0.42526041666666664 0.7905468025949953 0.0265625 0.10009267840593142