1 0.6283854166666667 0.1936978683966636 0.021354166666666667 0.07228915662650602
1 0.6828125 0.25393883225208524 0.023958333333333335 0.08526413345690455
4 0.7549479166666667 0.2859128822984245 0.024479166666666666 0.07506950880444857
2 0.7111979166666667 0.298887859128823 0.03177083333333333 0.07506950880444857
4 0.8018229166666667 0.3382761816496756 0.027604166666666666 0.07599629286376275
2 0.5661458333333333 0.3470806302131603 0.029166666666666667 0.07877664504170528
0 0.7026041666666667 0.40963855421686746 0.036458333333333336 0.05375347544022243
1 0.3338541666666667 0.41056533827618164 0.020833333333333332 0.08897126969416126
3 0.8213541666666667 0.4304911955514365 0.020833333333333332 0.09360518999073215
2 0.53828125 0.4392956441149212 0.030729166666666665 0.08897126969416126
4 0.80625 0.4986098239110287 0.026041666666666668 0.0871177015755329
1 0.45026041666666666 0.5815569972196478 0.027604166666666666 0.09545875810936053
4 0.6184895833333334 0.6005560704355886 0.0234375 0.09453197405004633
1 0.4036458333333333 0.830398517145505 0.028125 0.0871177015755329
4 0.5083333333333333 0.8521779425393883 0.03333333333333333 0.09731232622798888