1 0.36770833333333336 0.19045412418906396 0.01875 0.10472659870250231
4 0.6239583333333333 0.2205746061167748 0.03229166666666667 0.10750695088044486
4 0.5520833333333334 0.23586654309545876 0.03854166666666667 0.10472659870250231
1 0.051041666666666666 0.3841519925857275 0.019791666666666666 0.12882298424467098
4 0.9401041666666666 0.3887859128822984 0.03958333333333333 0.11399443929564411
3 0.6966145833333334 0.39202965708989806 0.034895833333333334 0.061167747914735865
0 0.6466145833333333 0.417516218721038 0.025520833333333333 0.07506950880444857
2 0.4140625 0.43327154772937904 0.029166666666666667 0.1102873030583874
2 0.4875 0.5435588507877664 0.022916666666666665 0.13253012048192772
4 0.7390625 0.5602409638554217 0.053125 0.09731232622798888
4 0.7234375 0.6181649675625579 0.03958333333333333 0.11862835959221502
4 0.79609375 0.618628359592215 0.0296875 0.12511584800741427
4 0.6265625 0.6218721037998146 0.03958333333333333 0.11677479147358666
1 0.4786458333333333 0.6876737720111215 0.028125 0.1278962001853568
1 0.4434895833333333 0.8007414272474513 0.03177083333333333 0.1371640407784986