4 0.62265625 0.13855421686746988 0.03697916666666667 0.10843373493975904
1 0.38046875 0.16218721037998146 0.030729166666666665 0.0871177015755329
4 0.6604166666666667 0.3109360518999073 0.034375 0.09360518999073215
2 0.46328125 0.34661723818350326 0.030729166666666665 0.10936051899907322
1 0.14453125 0.366079703429101 0.025520833333333333 0.11677479147358666
2 0.4640625 0.5449490268767377 0.021875 0.0871177015755329
3 0.6825520833333333 0.5755329008341057 0.03697916666666667 0.0778498609823911
4 0.8963541666666667 0.577386468952734 0.029166666666666667 0.10750695088044486
0 0.6424479166666667 0.593141797961075 0.0359375 0.06672845227062095
2 0.4640625 0.6946246524559777 0.025 0.1010194624652456
4 0.6731770833333334 0.7094531974050047 0.03802083333333333 0.047265987025023166
2 0.5947916666666667 0.7117701575532901 0.035416666666666666 0.09823911028730306
1 0.25078125 0.7395736793327155 0.0328125 0.12233549582947173
4 0.6809895833333334 0.7747914735866543 0.04010416666666667 0.0871177015755329
1 0.590625 0.8239110287303059 0.026041666666666668 0.12604263206672844