1 0.5911458333333334 0.133920296570899 0.022916666666666665 0.0639481000926784
4 0.7770833333333333 0.1607970342910102 0.023958333333333335 0.07692307692307693
1 0.6677083333333333 0.2701575532900834 0.025 0.07136237256719184
4 0.73828125 0.2965708989805375 0.03177083333333333 0.07970342910101946
1 0.32317708333333334 0.4091751621872104 0.021354166666666667 0.08619091751621873
2 0.54296875 0.40963855421686746 0.0203125 0.08526413345690455
4 0.7416666666666667 0.44207599629286376 0.017708333333333333 0.051899907321594066
0 0.6197916666666666 0.45736793327154773 0.027083333333333334 0.04170528266913809
3 0.7364583333333333 0.4856348470806302 0.016666666666666666 0.08526413345690455
2 0.48932291666666666 0.48887859128822986 0.028645833333333332 0.07877664504170528
1 0.4127604166666667 0.6320667284522706 0.0265625 0.07970342910101946
4 0.5494791666666666 0.6640407784986099 0.026041666666666668 0.082483781278962
1 0.21536458333333333 0.8030583873957368 0.027604166666666666 0.08433734939759036
4 0.4197916666666667 0.8846153846153846 0.03333333333333333 0.11399443929564411