1 0.5752604166666667 0.13901760889712697 0.016145833333333335 0.0871177015755329
4 0.37421875 0.19416126042632068 0.04114583333333333 0.09360518999073215
2 0.42682291666666666 0.26274328081556997 0.0296875 0.10287303058387395
4 0.31302083333333336 0.31510658016682114 0.026041666666666668 0.07970342910101946
1 0.72265625 0.3257645968489342 0.019270833333333334 0.10287303058387395
2 0.5434895833333333 0.39990732159406855 0.016145833333333335 0.11399443929564411
3 0.3268229166666667 0.4008341056533828 0.0265625 0.06950880444856349
4 0.16796875 0.4031510658016682 0.024479166666666666 0.09082483781278962
0 0.3619791666666667 0.4212233549582947 0.029166666666666667 0.0639481000926784
2 0.5208333333333334 0.5134383688600556 0.017708333333333333 0.10009267840593142
2 0.37838541666666664 0.5630213160333642 0.030729166666666665 0.10658016682113068
1 0.7911458333333333 0.6872103799814643 0.020833333333333332 0.10472659870250231
4 0.28619791666666666 0.7187210379981465 0.03177083333333333 0.09731232622798888
4 0.22890625 0.7455977757182577 0.0390625 0.0917516218721038
1 0.5328125 0.8345690454124189 0.01875 0.11584800741427248