1 0.33984375 0.25857275254865614 0.027604166666666666 0.0685820203892493
4 0.28359375 0.25996292863762743 0.030729166666666665 0.082483781278962
2 0.4356770833333333 0.29935125115848005 0.0234375 0.07970342910101946
1 0.6666666666666666 0.35542168674698793 0.025 0.0917516218721038
4 0.19921875 0.3911028730305839 0.024479166666666666 0.0685820203892493
0 0.34609375 0.4416126042632067 0.030729166666666665 0.056533827618164965
3 0.20286458333333332 0.45644114921223355 0.027604166666666666 0.09916589434661724
2 0.48802083333333335 0.5111214087117701 0.026041666666666668 0.08619091751621873
1 0.6549479166666666 0.5662650602409639 0.0234375 0.09823911028730306
4 0.315625 0.5801668211306765 0.03229166666666667 0.0871177015755329
4 0.36302083333333335 0.603336422613531 0.03333333333333333 0.0963855421686747
2 0.43020833333333336 0.6135310472659871 0.020833333333333332 0.09082483781278962
4 0.33671875 0.7094531974050047 0.033854166666666664 0.09731232622798888
1 0.5127604166666667 0.7201112140871178 0.025520833333333333 0.10379981464318813