4 0.6153645833333333 0.12650602409638553 0.0328125 0.08063021316033364
1 0.54375 0.1371640407784986 0.034375 0.09082483781278962
4 0.6140625 0.26876737720111216 0.03333333333333333 0.05931417979610751
1 0.18697916666666667 0.27664504170528265 0.023958333333333335 0.1010194624652456
2 0.45651041666666664 0.34986098239110286 0.03177083333333333 0.09916589434661724
4 0.8635416666666667 0.3683966635773865 0.03229166666666667 0.11214087117701575
3 0.6619791666666667 0.37766450417052827 0.028125 0.07506950880444857
0 0.62421875 0.40222428174235403 0.03697916666666667 0.08155699721964782
2 0.4856770833333333 0.47914735866543096 0.027604166666666666 0.10936051899907322
4 0.7036458333333333 0.5352177942539388 0.036458333333333336 0.10287303058387395
1 0.15885416666666666 0.6172381835032438 0.025 0.11862835959221502
1 0.58125 0.6589434661723819 0.023958333333333335 0.10936051899907322
4 0.7143229166666667 0.6978683966635774 0.03697916666666667 0.0963855421686747
4 0.3997395833333333 0.8392029657089898 0.034895833333333334 0.1195551436515292