1 0.7166666666666667 0.23262279888785914 0.016666666666666666 0.04633920296570899
4 0.7575520833333333 0.23632993512511585 0.018229166666666668 0.061167747914735865
2 0.6455729166666667 0.28544949026876737 0.0171875 0.05560704355885079
1 0.48854166666666665 0.293790546802595 0.016666666666666666 0.06302131603336422
2 0.62421875 0.3628359592215014 0.013020833333333334 0.05097312326227989
3 0.77265625 0.3767377201112141 0.013020833333333334 0.03429101019462465
0 0.6921875 0.37812789620018533 0.01875 0.033364226135310475
4 0.7768229166666667 0.43790546802594993 0.0140625 0.05468025949953661
1 0.4630208333333333 0.49304911955514363 0.0125 0.05560704355885079
4 0.6263020833333334 0.5421686746987951 0.0203125 0.0685820203892493
1 0.42630208333333336 0.567191844300278 0.013020833333333334 0.0685820203892493
4 0.6049479166666667 0.6283595922150139 0.0171875 0.07228915662650602
1 0.40260416666666665 0.6566265060240963 0.014583333333333334 0.05838739573679333
4 0.5473958333333333 0.7446709916589435 0.022916666666666665 0.07877664504170528