1 0.51484375 0.10518999073215941 0.018229166666666668 0.08989805375347544
4 0.6067708333333334 0.10611677479147359 0.026041666666666668 0.07877664504170528
2 0.5606770833333333 0.26274328081556997 0.0265625 0.09360518999073215
1 0.3190104166666667 0.2752548656163114 0.0171875 0.09267840593141798
4 0.74296875 0.3262279888785913 0.0265625 0.05375347544022243
2 0.4432291666666667 0.3489341983317887 0.01875 0.07877664504170528
3 0.7315104166666667 0.37720111214087115 0.021354166666666667 0.10194624652455977
0 0.5997395833333333 0.39990732159406855 0.0296875 0.07136237256719184
2 0.4393229166666667 0.43605189990732157 0.0234375 0.07506950880444857
4 0.6317708333333333 0.5111214087117701 0.0375 0.06765523632993513
2 0.5630208333333333 0.5375347544022243 0.030208333333333334 0.07599629286376275
1 0.17786458333333333 0.5963855421686747 0.0328125 0.11214087117701575
4 0.6401041666666667 0.6621872103799815 0.03333333333333333 0.10472659870250231
1 0.32578125 0.8405931417979611 0.028645833333333332 0.1278962001853568
4 0.6515625 0.8790546802594995 0.03854166666666667 0.1195551436515292