1 0.4825520833333333 0.1380908248378128 0.016145833333333335 0.07970342910101946
4 0.2760416666666667 0.1468952734012975 0.03229166666666667 0.08989805375347544
4 0.23776041666666667 0.3489341983317887 0.0328125 0.1010194624652456
1 0.43802083333333336 0.35495829471733087 0.022916666666666665 0.08897126969416126
1 0.9192708333333334 0.5041705282669138 0.023958333333333335 0.09453197405004633
2 0.4674479166666667 0.5143651529193698 0.0265625 0.09823911028730306
3 0.29375 0.5746061167747915 0.029166666666666667 0.07043558850787766
0 0.33229166666666665 0.6014828544949027 0.03229166666666667 0.07043558850787766
2 0.5109375 0.603336422613531 0.030208333333333334 0.07043558850787766
4 0.08619791666666667 0.6177015755329008 0.027604166666666666 0.10472659870250231
2 0.5239583333333333 0.6978683966635774 0.022916666666666665 0.07970342910101946
4 0.2825520833333333 0.726598702502317 0.0265625 0.09082483781278962
4 0.3390625 0.7687673772011121 0.03333333333333333 0.09731232622798888
1 0.5234375 0.7910101946246525 0.016666666666666666 0.1102873030583874