4 0.58671875 0.26830398517145504 0.025520833333333333 0.06580166821130677
1 0.5197916666666667 0.283595922150139 0.022916666666666665 0.06302131603336422
4 0.628125 0.37395736793327156 0.028125 0.082483781278962
1 0.43828125 0.41056533827618164 0.022395833333333334 0.08341056533827618
4 0.6338541666666667 0.46478220574606116 0.023958333333333335 0.021316033364226137
2 0.50703125 0.49814643188137164 0.021354166666666667 0.07692307692307693
4 0.8356770833333333 0.5245597775718258 0.0203125 0.08155699721964782
1 0.2015625 0.5254865616311399 0.020833333333333332 0.09267840593141798
3 0.6825520833333333 0.5403151065801668 0.024479166666666666 0.05560704355885079
2 0.5247395833333334 0.5546802594995366 0.025520833333333333 0.0917516218721038
0 0.6494791666666667 0.556533827618165 0.023958333333333335 0.05468025949953661
2 0.5526041666666667 0.6255792400370713 0.027083333333333334 0.0778498609823911
4 0.69921875 0.6329935125115848 0.03697916666666667 0.051899907321594066
1 0.6346354166666667 0.67516218721038 0.024479166666666666 0.08989805375347544