4 0.7427083333333333 0.19045412418906396 0.03854166666666667 0.11584800741427248
1 0.6731770833333334 0.20018535681186284 0.03177083333333333 0.0963855421686747
1 0.4122395833333333 0.24884151992585726 0.0265625 0.10472659870250231
2 0.4513020833333333 0.31047265987025024 0.030729166666666665 0.12233549582947173
2 0.38776041666666666 0.4263206672845227 0.028645833333333332 0.10936051899907322
0 0.5703125 0.43790546802594993 0.03854166666666667 0.0639481000926784
3 0.73671875 0.44810009267840595 0.0203125 0.082483781278962
1 0.24635416666666668 0.5301204819277109 0.03125 0.09453197405004633
4 0.7283854166666667 0.5634847080630213 0.0359375 0.1278962001853568
4 0.5197916666666667 0.5908248378127896 0.03229166666666667 0.09360518999073215
1 0.221875 0.6552363299351252 0.03333333333333333 0.13531047265987026
4 0.48489583333333336 0.6765523632993512 0.036458333333333336 0.12048192771084337
1 0.2786458333333333 0.8141797961075069 0.03854166666666667 0.1195551436515292
4 0.44921875 0.8498609823911029 0.03697916666666667 0.14272474513438368