1 0.51953125 0.1561631139944393 0.027604166666666666 0.12511584800741427
4 0.35911458333333335 0.1835032437442076 0.03802083333333333 0.11306765523632993
2 0.4317708333333333 0.2516218721037998 0.04479166666666667 0.082483781278962
1 0.8104166666666667 0.314643188137164 0.026041666666666668 0.11584800741427248
2 0.5674479166666667 0.39759036144578314 0.0265625 0.10936051899907322
4 0.06015625 0.41797961075069506 0.03177083333333333 0.12418906394810009
3 0.29765625 0.4314179796107507 0.044270833333333336 0.08804448563484708
4 0.14375 0.432808155699722 0.040625 0.1056533827618165
0 0.3515625 0.44670991658943465 0.034375 0.06487488415199258
2 0.5643229166666667 0.5291936978683967 0.0265625 0.1464318813716404
4 0.2518229166666667 0.6380908248378128 0.04010416666666667 0.09731232622798888
1 0.7203125 0.6556997219647822 0.03854166666666667 0.13067655236329936
2 0.3458333333333333 0.6936978683966636 0.03229166666666667 0.15106580166821132
4 0.26796875 0.7164040778498609 0.04114583333333333 0.11862835959221502
1 0.6684895833333333 0.8035217794253939 0.024479166666666666 0.14457831325301204