1 0.6580281690140845 0.21989795918367347 0.027042253521126762 0.08877551020408163
4 0.8309859154929577 0.2540816326530612 0.03267605633802817 0.07959183673469387
1 0.2904225352112676 0.28877551020408165 0.023098591549295774 0.11020408163265306
4 0.7690140845070422 0.31020408163265306 0.03267605633802817 0.11224489795918367
4 0.6574647887323943 0.31326530612244896 0.015774647887323943 0.12448979591836734
4 0.8335211267605633 0.33418367346938777 0.030985915492957747 0.09897959183673469
2 0.596056338028169 0.34285714285714286 0.027042253521126762 0.1346938775510204
3 0.9163380281690141 0.44285714285714284 0.02873239436619718 0.10612244897959183
0 0.7447887323943662 0.44846938775510203 0.03492957746478873 0.058163265306122446
4 0.6380281690140845 0.46785714285714286 0.03211267605633803 0.11326530612244898
4 0.9211267605633803 0.5418367346938775 0.041690140845070424 0.13877551020408163
1 0.06450704225352112 0.5530612244897959 0.023098591549295774 0.14489795918367346
2 0.6352112676056338 0.5948979591836735 0.0276056338028169 0.12040816326530612
4 0.6977464788732395 0.8040816326530612 0.038873239436619716 0.12040816326530612
1 0.5957746478873239 0.8173469387755102 0.04788732394366197 0.1306122448979592