2 0.4557291666666667 0.9800741427247451 0.030208333333333334 0.037998146431881374
4 0.5833333333333334 0.10426320667284522 0.019791666666666666 0.10287303058387395
1 0.7643229166666666 0.12557924003707135 0.025520833333333333 0.10658016682113068
4 0.5143229166666666 0.211306765523633 0.028645833333333332 0.11306765523632993
1 0.81171875 0.22659870250231695 0.0328125 0.10287303058387395
2 0.6315104166666666 0.3989805375347544 0.030729166666666665 0.06209453197405004
3 0.25755208333333335 0.4008341056533828 0.018229166666666668 0.13994439295644115
4 0.17291666666666666 0.40963855421686746 0.028125 0.11862835959221502
0 0.4515625 0.44207599629286376 0.03958333333333333 0.0871177015755329
1 0.81171875 0.46709916589434664 0.030729166666666665 0.15013901760889714
2 0.63359375 0.4782205746061168 0.030729166666666665 0.12974976830398516
4 0.33984375 0.5291936978683967 0.033854166666666664 0.09823911028730306
2 0.584375 0.5732159406858202 0.034375 0.14921223354958293
4 0.2830729166666667 0.6844300278035218 0.05260416666666667 0.13253012048192772
1 0.6111979166666667 0.6904541241890639 0.04010416666666667 0.13901760889712697
2 0.25885416666666666 0.8679332715477294 0.027083333333333334 0.12511584800741427