1 0.3346354166666667 0.16404077849860982 0.0171875 0.0871177015755329
4 0.56640625 0.18535681186283595 0.033854166666666664 0.0778498609823911
2 0.5278645833333333 0.252548656163114 0.04010416666666667 0.0732159406858202
1 0.33151041666666664 0.29981464318813716 0.025520833333333333 0.1010194624652456
4 0.8260416666666667 0.3382761816496756 0.03333333333333333 0.09267840593141798
3 0.6263020833333334 0.3456904541241891 0.0296875 0.061167747914735865
2 0.41484375 0.3637627432808156 0.021354166666666667 0.0917516218721038
0 0.59296875 0.36561631139944395 0.03177083333333333 0.05838739573679333
2 0.44921875 0.4397590361445783 0.025520833333333333 0.10658016682113068
4 0.6481770833333333 0.4916589434661724 0.027604166666666666 0.08433734939759036
1 0.3263020833333333 0.5287303058387396 0.025520833333333333 0.09731232622798888
2 0.521875 0.5347544022242817 0.022916666666666665 0.11677479147358666
4 0.68203125 0.5458758109360519 0.04010416666666667 0.10936051899907322
4 0.8052083333333333 0.7900834105653383 0.028125 0.12140871177015755
1 0.46510416666666665 0.8229842446709916 0.03229166666666667 0.1056533827618165