4 0.37083333333333335 0.2706209453197405 0.029166666666666667 0.061167747914735865
1 0.5192708333333333 0.2747914735866543 0.022916666666666665 0.07692307692307693
4 0.3890625 0.33549582947173306 0.025 0.07599629286376275
1 0.44583333333333336 0.340129749768304 0.020833333333333332 0.0778498609823911
1 0.7911458333333333 0.3855421686746988 0.021875 0.09082483781278962
4 0.23385416666666667 0.44207599629286376 0.028125 0.05375347544022243
2 0.41640625 0.4819277108433735 0.022395833333333334 0.07970342910101946
3 0.22630208333333332 0.5213160333642262 0.030729166666666665 0.09731232622798888
0 0.36223958333333334 0.5556070435588508 0.03177083333333333 0.07692307692307693
2 0.40703125 0.6065801668211307 0.03697916666666667 0.09731232622798888
1 0.8580729166666666 0.6635773864689527 0.021354166666666667 0.0963855421686747
4 0.2734375 0.6705282669138091 0.022916666666666665 0.07506950880444857
2 0.47994791666666664 0.6867469879518072 0.025520833333333333 0.08897126969416126
4 0.3067708333333333 0.7145505097312326 0.026041666666666668 0.08155699721964782
1 0.3684895833333333 0.7562557924003707 0.0234375 0.0871177015755329