1 0.515625 0.0963855421686747 0.017708333333333333 0.08897126969416126
4 0.45729166666666665 0.09777571825764597 0.027083333333333334 0.06580166821130677
2 0.46536458333333336 0.31974050046339203 0.019270833333333334 0.08526413345690455
1 0.7364583333333333 0.3934198331788693 0.020833333333333332 0.08989805375347544
4 0.18619791666666666 0.42400370713623725 0.019270833333333334 0.08433734939759036
3 0.3651041666666667 0.43234476367006486 0.025 0.060240963855421686
0 0.3932291666666667 0.46246524559777574 0.028125 0.06672845227062095
2 0.5190104166666667 0.5078776645041705 0.019270833333333334 0.09267840593141798
4 0.35833333333333334 0.5708989805375347 0.028125 0.06302131603336422
4 0.32395833333333335 0.593141797961075 0.022916666666666665 0.07043558850787766
2 0.39010416666666664 0.5991658943466173 0.026041666666666668 0.05282669138090825
1 0.4015625 0.6756255792400371 0.019791666666666666 0.10750695088044486
1 0.7479166666666667 0.6923076923076923 0.017708333333333333 0.10750695088044486
4 0.22604166666666667 0.8651529193697869 0.042708333333333334 0.09916589434661724
1 0.4127604166666667 0.8952734012974977 0.0234375 0.10194624652455977