4 0.48880208333333336 0.216404077849861 0.022395833333333334 0.06765523632993513
1 0.6221354166666667 0.23262279888785914 0.016145833333333335 0.0685820203892493
4 0.49583333333333335 0.37488415199258573 0.023958333333333335 0.06950880444856349
4 0.24947916666666667 0.43002780352177944 0.019791666666666666 0.07228915662650602
3 0.40260416666666665 0.44346617238183506 0.021875 0.04911955514365153
1 0.83515625 0.45134383688600554 0.0203125 0.08341056533827618
0 0.43515625 0.4680259499536608 0.024479166666666666 0.061167747914735865
2 0.5924479166666666 0.47034291010194623 0.024479166666666666 0.06950880444856349
4 0.34739583333333335 0.5291936978683967 0.01875 0.061167747914735865
4 0.39114583333333336 0.5546802594995366 0.028125 0.056533827618164965
2 0.5666666666666667 0.5602409638554217 0.03229166666666667 0.07692307692307693
4 0.44140625 0.5658016682113067 0.022395833333333334 0.06580166821130677
1 0.4546875 0.6482854494902688 0.017708333333333333 0.09731232622798888
4 0.29375 0.8262279888785913 0.022916666666666665 0.08619091751621873
1 0.38333333333333336 0.8572752548656163 0.028125 0.10194624652455977