1 0.28932291666666665 0.2571825764596849 0.034895833333333334 0.09360518999073215
4 0.6010416666666667 0.30120481927710846 0.026041666666666668 0.0778498609823911
4 0.65 0.3470806302131603 0.042708333333333334 0.05097312326227989
1 0.4510416666666667 0.3484708063021316 0.029166666666666667 0.11306765523632993
4 0.89921875 0.4541241890639481 0.034895833333333334 0.09082483781278962
1 0.17109375 0.4684893419833179 0.0234375 0.11584800741427248
3 0.6786458333333333 0.468952734012975 0.027083333333333334 0.05375347544022243
4 0.7752604166666667 0.4735866543095459 0.033854166666666664 0.11862835959221502
2 0.45651041666666664 0.49351251158480075 0.025520833333333333 0.12140871177015755
0 0.64453125 0.4953660797034291 0.04010416666666667 0.09731232622798888
2 0.48854166666666665 0.5903614457831325 0.028125 0.11121408711770157
2 0.4981770833333333 0.6997219647822057 0.025520833333333333 0.13531047265987026
4 0.76953125 0.7947173308619092 0.0390625 0.10472659870250231
1 0.6877604166666667 0.8373493975903614 0.0359375 0.11584800741427248