1 0.51796875 0.10750695088044486 0.019270833333333334 0.11121408711770157
1 0.36666666666666664 0.133920296570899 0.019791666666666666 0.060240963855421686
4 0.2752604166666667 0.1371640407784986 0.0328125 0.08526413345690455
4 0.29661458333333335 0.16774791473586653 0.033854166666666664 0.09267840593141798
1 0.7354166666666667 0.21918443002780352 0.015625 0.11770157553290084
4 0.21875 0.24606116774791473 0.029166666666666667 0.07877664504170528
2 0.5114583333333333 0.28544949026876737 0.020833333333333332 0.09267840593141798
4 0.15390625 0.31510658016682114 0.024479166666666666 0.10379981464318813
3 0.12421875 0.3887859128822984 0.028645833333333332 0.11584800741427248
2 0.37578125 0.40176088971269697 0.030729166666666665 0.12511584800741427
0 0.2953125 0.41797961075069506 0.030208333333333334 0.07414272474513438
1 0.7611979166666667 0.5588507877664504 0.018229166666666668 0.12974976830398516
1 0.32395833333333335 0.8517145505097312 0.025 0.12604263206672844
4 0.22864583333333333 0.8568118628359592 0.03958333333333333 0.1102873030583874