1 0.5026041666666666 0.14411492122335495 0.015625 0.07692307692307693
4 0.30416666666666664 0.17516218721038 0.019791666666666666 0.0778498609823911
2 0.43671875 0.24096385542168675 0.015104166666666667 0.09453197405004633
4 0.31536458333333334 0.24142724745134383 0.024479166666666666 0.06950880444856349
2 0.4783854166666667 0.3262279888785913 0.019270833333333334 0.05931417979610751
4 0.3216145833333333 0.329935125115848 0.0296875 0.03521779425393883
2 0.4744791666666667 0.3924930491195551 0.025 0.07692307692307693
1 0.8966145833333333 0.3980537534754402 0.0171875 0.09545875810936053
3 0.3234375 0.4040778498609824 0.025 0.06302131603336422
0 0.35651041666666666 0.41797961075069506 0.024479166666666666 0.04633920296570899
4 0.1421875 0.43790546802594993 0.01875 0.09545875810936053
1 0.4471354166666667 0.5185356811862836 0.018229166666666668 0.09916589434661724
4 0.3802083333333333 0.8665430954587581 0.027083333333333334 0.09267840593141798
1 0.4703125 0.8665430954587581 0.022916666666666665 0.10009267840593142