1 0.58671875 0.11353104726598702 0.0203125 0.0639481000926784
4 0.484375 0.12326227988878591 0.023958333333333335 0.05931417979610751
4 0.44895833333333335 0.15106580166821132 0.017708333333333333 0.05560704355885079
1 0.5552083333333333 0.17747914735866543 0.020833333333333332 0.0732159406858202
1 0.7919270833333333 0.247451343836886 0.016145833333333335 0.07228915662650602
3 0.34713541666666664 0.26042632066728455 0.021354166666666667 0.09267840593141798
2 0.6109375 0.26274328081556997 0.019791666666666666 0.07692307692307693
0 0.48125 0.2919369786839666 0.029166666666666667 0.05560704355885079
2 0.6322916666666667 0.33781278962001854 0.021875 0.07136237256719184
1 0.8940104166666667 0.4893419833178869 0.0203125 0.08897126969416126
4 0.3385416666666667 0.5097312326227988 0.026041666666666668 0.11862835959221502
4 0.39947916666666666 0.5115848007414272 0.027083333333333334 0.09453197405004633
1 0.59453125 0.5398517145505097 0.0265625 0.08619091751621873
4 0.4166666666666667 0.7196478220574606 0.042708333333333334 0.1010194624652456
1 0.5260416666666666 0.7358665430954587 0.030208333333333334 0.12604263206672844