1 0.32416666666666666 0.21037037037037037 0.018333333333333333 0.10666666666666667
4 0.6104166666666667 0.22592592592592592 0.0275 0.06962962962962962
1 0.19416666666666665 0.362962962962963 0.021666666666666667 0.10666666666666667
4 0.725 0.4066666666666667 0.03333333333333333 0.09333333333333334
4 0.8445833333333334 0.4318518518518519 0.029166666666666667 0.0874074074074074
2 0.4575 0.4562962962962963 0.028333333333333332 0.10962962962962963
3 0.8395833333333333 0.4777777777777778 0.024166666666666666 0.1288888888888889
0 0.6745833333333333 0.48962962962962964 0.0325 0.054814814814814816
2 0.49916666666666665 0.5592592592592592 0.02666666666666667 0.11703703703703704
1 0.36125 0.6037037037037037 0.025833333333333333 0.1288888888888889
4 0.7525 0.7688888888888888 0.043333333333333335 0.10074074074074074
1 0.6820833333333334 0.7807407407407407 0.0375 0.12148148148148148
4 0.5654166666666667 0.09185185185185185 0.0275 0.08
1 0.3233333333333333 0.10592592592592592 0.021666666666666667 0.07851851851851852