1 0.391796875 0.14791666666666667 0.03828125 0.10694444444444444
4 0.20234375 0.17777777777777778 0.05625 0.11666666666666667
1 0.45 0.31527777777777777 0.028125 0.11944444444444445
4 0.26640625 0.3263888888888889 0.0484375 0.11666666666666667
1 0.848046875 0.35138888888888886 0.03046875 0.1111111111111111
2 0.5734375 0.3951388888888889 0.0421875 0.11527777777777778
4 0.33984375 0.425 0.046875 0.09166666666666666
2 0.6328125 0.54375 0.0359375 0.09027777777777778
4 0.216796875 0.5854166666666667 0.03203125 0.13194444444444445
0 0.415234375 0.6076388888888888 0.04765625 0.05138888888888889
3 0.26015625 0.6458333333333334 0.046875 0.15
2 0.650390625 0.6708333333333333 0.05546875 0.13055555555555556
4 0.444921875 0.7604166666666666 0.04765625 0.10694444444444444
4 0.578515625 0.8 0.03984375 0.125