4 0.579296875 0.15486111111111112 0.01953125 0.059722222222222225
1 0.495703125 0.15694444444444444 0.01328125 0.06666666666666667
4 0.5765625 0.22361111111111112 0.034375 0.07222222222222222
2 0.537890625 0.2708333333333333 0.01015625 0.075
1 0.402734375 0.3 0.01328125 0.05555555555555555
4 0.62890625 0.30069444444444443 0.0265625 0.05138888888888889
2 0.481640625 0.31527777777777777 0.01796875 0.03888888888888889
4 0.769921875 0.35138888888888886 0.01953125 0.08055555555555556
3 0.70390625 0.35347222222222224 0.021875 0.08472222222222223
0 0.606640625 0.3784722222222222 0.01953125 0.04583333333333333
2 0.489453125 0.37916666666666665 0.01328125 0.06666666666666667
2 0.610546875 0.4576388888888889 0.01953125 0.07916666666666666
1 0.413671875 0.5083333333333333 0.01953125 0.06111111111111111
4 0.716015625 0.6881944444444444 0.01484375 0.06805555555555555
1 0.65625 0.7097222222222223 0.01875 0.09166666666666666