4 0.66953125 0.2902777777777778 0.0328125 0.08611111111111111
1 0.459375 0.2972222222222222 0.028125 0.13333333333333333
4 0.76875 0.3333333333333333 0.025 0.10555555555555556
4 0.571875 0.3416666666666667 0.0375 0.05
1 0.39140625 0.36527777777777776 0.0203125 0.1361111111111111
3 0.7890625 0.38472222222222224 0.03125 0.06944444444444445
2 0.43671875 0.39444444444444443 0.0203125 0.12777777777777777
0 0.5921875 0.4152777777777778 0.040625 0.06388888888888888
4 0.80390625 0.49027777777777776 0.0453125 0.1361111111111111
4 0.3875 0.5055555555555555 0.03125 0.15
4 0.45390625 0.5236111111111111 0.0421875 0.11388888888888889
4 0.5234375 0.5694444444444444 0.0375 0.15
4 0.5734375 0.6097222222222223 0.053125 0.16944444444444445
1 0.31640625 0.6319444444444444 0.0390625 0.16944444444444445
4 0.52734375 0.2638888888888889 0.0265625 0.14444444444444443