0 0.47109375 0.2902777777777778 0.0265625 0.06944444444444445
4 0.3265625 0.30416666666666664 0.01875 0.09166666666666666
2 0.5796875 0.33055555555555555 0.025 0.1
4 0.38515625 0.35555555555555557 0.0234375 0.09444444444444444
1 0.715625 0.3597222222222222 0.021875 0.11388888888888889
1 0.7046875 0.5194444444444445 0.028125 0.12222222222222222
2 0.56796875 0.5263888888888889 0.0296875 0.11944444444444445
4 0.28671875 0.5791666666666667 0.0203125 0.11388888888888889
1 0.31796875 0.8194444444444444 0.0328125 0.12777777777777777
4 0.225 0.8291666666666667 0.040625 0.11388888888888889
4 0.53828125 0.1 0.0296875 0.08888888888888889
1 0.59140625 0.10416666666666667 0.0234375 0.10277777777777777
4 0.47734375 0.2125 0.0296875 0.04722222222222222
2 0.60234375 0.2361111111111111 0.0234375 0.1111111111111111
3 0.33671875 0.24166666666666667 0.0203125 0.07222222222222222
1 0.796875 0.2569444444444444 0.03125 0.10833333333333334