4 0.4328125 0.28055555555555556 0.025 0.06111111111111111
1 0.2875 0.3277777777777778 0.0171875 0.05277777777777778
4 0.48359375 0.34652777777777777 0.0328125 0.06527777777777778
2 0.34765625 0.4083333333333333 0.01875 0.075
1 0.137890625 0.4222222222222222 0.02109375 0.07777777777777778
4 0.709765625 0.4375 0.02265625 0.07222222222222222
3 0.7375 0.4638888888888889 0.0265625 0.08611111111111111
2 0.472265625 0.47430555555555554 0.02265625 0.05694444444444444
0 0.63671875 0.5041666666666667 0.034375 0.06388888888888888
2 0.537890625 0.5638888888888889 0.02265625 0.08333333333333333
4 0.803515625 0.6090277777777777 0.02578125 0.08472222222222223
1 0.6203125 0.6270833333333333 0.028125 0.08472222222222223
4 0.849609375 0.6729166666666667 0.03828125 0.09305555555555556
1 0.77265625 0.6986111111111111 0.021875 0.09444444444444444
1 0.393359375 0.7388888888888889 0.03046875 0.10833333333333334