4 0.42734375 0.3173611111111111 0.0296875 0.0763888888888889
1 0.290625 0.3638888888888889 0.0234375 0.06944444444444445
4 0.4796875 0.3854166666666667 0.0296875 0.07916666666666666
2 0.371484375 0.4048611111111111 0.02734375 0.07083333333333333
1 0.175390625 0.4388888888888889 0.02578125 0.08055555555555556
4 0.68046875 0.4652777777777778 0.0203125 0.04722222222222222
3 0.728125 0.4777777777777778 0.03125 0.09444444444444444
4 0.764453125 0.49444444444444446 0.02421875 0.075
2 0.48515625 0.5152777777777777 0.028125 0.10833333333333334
0 0.623046875 0.5159722222222223 0.02890625 0.06527777777777778
1 0.34453125 0.5618055555555556 0.0296875 0.09305555555555556
2 0.5796875 0.5861111111111111 0.021875 0.08888888888888889
4 0.818359375 0.6409722222222223 0.03203125 0.10416666666666667
1 0.77421875 0.6680555555555555 0.028125 0.08333333333333333
1 0.46640625 0.6881944444444444 0.0328125 0.09027777777777778