4 0.53125 0.25555555555555554 0.025 0.06944444444444445
1 0.3765625 0.28125 0.021875 0.06527777777777778
4 0.55703125 0.3402777777777778 0.0265625 0.06944444444444445
1 0.290625 0.3923611111111111 0.0203125 0.07361111111111111
2 0.42578125 0.4 0.025 0.075
3 0.760546875 0.48194444444444445 0.02109375 0.08611111111111111
0 0.64140625 0.5118055555555555 0.0265625 0.05694444444444444
4 0.799609375 0.5131944444444444 0.02890625 0.09305555555555556
2 0.4984375 0.525 0.03125 0.08888888888888889
1 0.354296875 0.5770833333333333 0.02890625 0.09305555555555556
1 0.57265625 0.61875 0.021875 0.10138888888888889
4 0.754296875 0.6236111111111111 0.02734375 0.08333333333333333
1 0.398046875 0.6916666666666667 0.02578125 0.1
4 0.772265625 0.7256944444444444 0.03359375 0.10138888888888889
1 0.574609375 0.7993055555555556 0.02734375 0.10416666666666667