2 0.6633489461358314 0.24375 0.02459016393442623 0.05416666666666667
4 0.7306791569086651 0.24895833333333334 0.02576112412177986 0.10208333333333333
2 0.6153395784543325 0.346875 0.02459016393442623 0.07708333333333334
4 0.8179156908665105 0.35833333333333334 0.02927400468384075 0.09166666666666666
1 0.2581967213114754 0.37395833333333334 0.01990632318501171 0.08958333333333333
0 0.65807962529274 0.3770833333333333 0.03044496487119438 0.029166666666666667
2 0.6007025761124122 0.378125 0.03044496487119438 0.05625
3 0.8021077283372365 0.39166666666666666 0.02576112412177986 0.10416666666666667
4 0.5895784543325527 0.5208333333333334 0.03161592505854801 0.09166666666666666
1 0.3624121779859485 0.5635416666666667 0.01990632318501171 0.09791666666666667
4 0.582552693208431 0.5895833333333333 0.03395784543325527 0.10416666666666667
1 0.18911007025761123 0.6979166666666666 0.02459016393442623 0.1
4 0.4888758782201405 0.8041666666666667 0.026932084309133488 0.10416666666666667
1 0.5433255269320844 0.17083333333333334 0.01639344262295082 0.0875