4 0.3401639344262295 0.253125 0.02224824355971897 0.06041666666666667
2 0.48653395784543324 0.28229166666666666 0.02459016393442623 0.08958333333333333
3 0.2529274004683841 0.33958333333333335 0.02576112412177986 0.0625
0 0.38583138173302106 0.36770833333333336 0.026932084309133488 0.06875
4 0.24707259953161592 0.40520833333333334 0.02576112412177986 0.08125
2 0.47599531615925056 0.40520833333333334 0.03161592505854801 0.10208333333333333
1 0.7734192037470726 0.4197916666666667 0.01756440281030445 0.09791666666666667
4 0.32669789227166274 0.5916666666666667 0.03044496487119438 0.075
1 0.4180327868852459 0.625 0.03044496487119438 0.09166666666666666
4 0.34543325526932084 0.78125 0.03044496487119438 0.07083333333333333
1 0.4262295081967213 0.79375 0.03278688524590164 0.09583333333333334
1 0.4420374707259953 0.11145833333333334 0.02459016393442623 0.04791666666666667
4 0.3875878220140515 0.12291666666666666 0.02576112412177986 0.075
1 0.4449648711943794 0.17083333333333334 0.0234192037470726 0.04583333333333333