2 0.54921875 0.32083333333333336 0.0203125 0.04722222222222222
4 0.72890625 0.37222222222222223 0.0296875 0.05555555555555555
4 0.69375 0.37777777777777777 0.03125 0.03888888888888889
2 0.5421875 0.3958333333333333 0.0125 0.06944444444444445
3 0.68203125 0.4722222222222222 0.0234375 0.07222222222222222
0 0.65703125 0.4736111111111111 0.0203125 0.03611111111111111
4 0.85859375 0.5041666666666667 0.0296875 0.075
2 0.52578125 0.5069444444444444 0.0234375 0.06388888888888888
1 0.28203125 0.5666666666666667 0.0171875 0.08333333333333333
4 0.5015625 0.8541666666666666 0.025 0.09166666666666666
4 0.60703125 0.8638888888888889 0.0390625 0.09444444444444444
1 0.609375 0.09722222222222222 0.01875 0.06111111111111111
4 0.7625 0.11666666666666667 0.025 0.06666666666666667
1 0.384375 0.2263888888888889 0.01875 0.075