1 0.54765625 0.2847222222222222 0.0234375 0.08055555555555556
1 0.91484375 0.3527777777777778 0.0234375 0.1
4 0.2 0.37083333333333335 0.021875 0.041666666666666664
3 0.2125 0.4305555555555556 0.015625 0.08888888888888889
0 0.32109375 0.4625 0.0265625 0.041666666666666664
2 0.34609375 0.5222222222222223 0.0265625 0.08888888888888889
4 0.23203125 0.5819444444444445 0.0359375 0.10277777777777777
2 0.3125 0.6111111111111112 0.025 0.08888888888888889
4 0.18984375 0.7694444444444445 0.0421875 0.08888888888888889
1 0.76328125 0.7777777777777778 0.0234375 0.10555555555555556
1 0.3328125 0.8097222222222222 0.01875 0.09722222222222222
4 0.4390625 0.12083333333333333 0.028125 0.06944444444444445
1 0.55625 0.1486111111111111 0.03125 0.075
4 0.37578125 0.2263888888888889 0.0234375 0.075