4 0.46252927400468385 0.259375 0.03044496487119438 0.08125
1 0.6305620608899297 0.28958333333333336 0.02224824355971897 0.07916666666666666
1 0.7991803278688525 0.34270833333333334 0.03395784543325527 0.06875
4 0.4098360655737705 0.371875 0.01639344262295082 0.06875
3 0.30269320843091335 0.4895833333333333 0.01990632318501171 0.1
2 0.48770491803278687 0.5020833333333333 0.03395784543325527 0.08333333333333333
0 0.4309133489461358 0.5083333333333333 0.02810304449648712 0.06666666666666667
2 0.47540983606557374 0.5447916666666667 0.03747072599531616 0.09375
4 0.27693208430913346 0.55 0.026932084309133488 0.08333333333333333
1 0.4414519906323185 0.6958333333333333 0.02576112412177986 0.10833333333333334
4 0.32142857142857145 0.8677083333333333 0.03864168618266979 0.08958333333333333
1 0.5005854800936768 0.9197916666666667 0.026932084309133488 0.11041666666666666
4 0.5152224824355972 0.1125 0.03044496487119438 0.07083333333333333
1 0.5907494145199064 0.11145833333333334 0.01990632318501171 0.08125