7 0.7137870896248893 0.1421552721811973 0.07360409997176517 0.03136040919430565
2 0.07800114355702581 0.14095944058727422 0.08003611049510884 0.03463087955902786
4 0.23687561461783063 0.14584369628685745 0.07672909997176518 0.03143314437666671
6 0.3888780948865612 0.14815723114675314 0.07342208944842143 0.028235409194305606
8 0.5498383462019791 0.1440207442551558 0.05802460260260105 0.03177798328250003
5 0.872562850148233 0.13533896167637077 0.07493908681758583 0.02749052678548618
5 0.9259452478632741 0.49805553419749915 0.0899571420651398 0.04422408510611113
7 0.7342166268095282 0.5013477810149125 0.08954761838761663 0.037192835106111134
8 0.5352708925945436 0.5012971488904336 0.06799113680346806 0.042152438829583264
6 0.34243865048705147 0.5034447964012323 0.08665013154179615 0.04102634992375016
4 0.15544303206414128 0.505846690445104 0.09142863680346806 0.0426979526972918