5 0.523046875 0.36953125 0.078125 0.03046875
3 0.687890625 0.360546875 0.078515625 0.028515625
1 0.851171875 0.35234375 0.080859375 0.027734375
3 0.7859375 0.702734375 0.095703125 0.037109375
5 0.584765625 0.71328125 0.091796875 0.037109375
7 0.384375 0.72734375 0.092578125 0.040625
8 0.163671875 0.744140625 0.074609375 0.040625
1 0.968359375 0.69453125 0.062890625 0.037109375
6 0.01640625 0.391796875 0.0328125 0.02578125
8 0.178515625 0.3859375 0.059375 0.026953125
7 0.357421875 0.378515625 0.077734375 0.027734375