7 0.6593344435429084 0.17085528531284777 0.07814738680346807 0.04548128315799209
2 0.03277543166885313 0.21417192396640833 0.06555086333770627 0.05021884793281668
4 0.1827422159756009 0.20814422154392814 0.08131788943430399 0.046462792257290705
6 0.33535127648482715 0.1998880378599123 0.07801087891096029 0.04313753315799209
8 0.49583723830241266 0.18429496953673072 0.06321263154179632 0.04296755243632351
5 0.8171997869375837 0.1531338652777799 0.07870112364928872 0.041625097932816726
5 0.9273743635847614 0.5099321826734983 0.09619943678935065 0.061426458204134705
7 0.7362603925592501 0.526307099778518 0.09500866311182729 0.05434514342931003
8 0.5374476781108287 0.5402282441352912 0.07405142100433508 0.055337144509044124
6 0.3447939584007354 0.5561124066906618 0.09284692363517104 0.057319949104835996
4 0.15804511632147802 0.5715908050572172 0.09688968152767878 0.05991402297895938