8 0.5783413097591374 0.4957173793143241 0.021583905767811017 0.03328286937061655
7 0.6085631855297171 0.5727351094961255 0.02286580351605778 0.04114543414544123
5 0.6377785198135859 0.6461871499031023 0.023747183065706955 0.042757998920265904
3 0.6669688217100423 0.7192485653100791 0.023747183065706955 0.042757998920265904
1 0.6969403736064989 0.7923600454918805 0.022665544416759074 0.03802043414544123
0 0.2865579206487641 0.30118162515227087 0.02276567396640834 0.03958293414544123
2 0.3148918753829836 0.3730211007844231 0.023747183065706955 0.042757998920265904
6 0.3743942894010718 0.5184377787606136 0.023747183065706955 0.042757998920265904
8 0.40542244755906387 0.5958961987172398 0.022515350092285048 0.03567668414544123
7 0.4349882352667052 0.6748169891242165 0.02364705351605778 0.0411954989202659
5 0.464984819550574 0.7483190943060181 0.02364705351605778 0.0411954989202659
3 0.4940249271225564 0.8190367597129949 0.02364705351605778 0.04119549892026555
1 0.5233904557308993 0.8948325501199716 0.02354692396640843 0.03963299892026591
4 0.34566970966685234 0.4465732707410492 0.022865803516057694 0.04114543414544123
0 0.45922645897471437 0.19709655574935517 0.022665544416759074 0.038020434145441186
2 0.4889826125830571 0.2729173785437443 0.02276567396640843 0.03958293414544123
6 0.5481194339885576 0.41869964913252256 0.02354692396640843 0.03963299892026591