4 0.4843871975019516 0.18162692847124826 0.03825136612021858 0.12201963534361851
1 0.16276346604215455 0.19424964936886396 0.03669008587041374 0.13043478260869565
2 0.3731459797033568 0.22510518934081347 0.0312256049960968 0.091164095371669
4 0.6315378610460578 0.26227208976157085 0.0156128024980484 0.04207573632538569
3 0.6533957845433255 0.34081346423562414 0.02966432474629196 0.15427769985974754
0 0.45550351288056207 0.3856942496493689 0.04605776736924278 0.09537166900420757
2 0.4418423106947697 0.544179523141655 0.03278688524590164 0.14305750350631136
4 0.5811865729898517 0.7166900420757363 0.06323185011709602 0.16269284712482468
1 0.2529274004683841 0.7503506311360448 0.04215456674473068 0.182328190743338
1 0.304839968774395 0.0820476858345021 0.02888368462138954 0.13043478260869565
4 0.4020296643247463 0.08345021037868162 0.04996096799375488 0.11640953716690042
4 0.6760343481654957 0.8457223001402524 0.05932864949258392 0.1570827489481066
1 0.5035128805620609 0.8842917251051894 0.0468384074941452 0.17251051893408134