4 0.58984375 0.21316033364226136 0.028645833333333332 0.07599629286376275
1 0.4 0.22613531047265986 0.019791666666666666 0.0778498609823911
4 0.6052083333333333 0.31371640407784984 0.03333333333333333 0.07506950880444857
2 0.45625 0.35449490268767375 0.023958333333333335 0.09731232622798888
1 0.23046875 0.381371640407785 0.0203125 0.082483781278962
4 0.7463541666666667 0.42493049119555143 0.022916666666666665 0.0917516218721038
3 0.8033854166666666 0.4397590361445783 0.0203125 0.0917516218721038
2 0.5111979166666667 0.4684893419833179 0.030729166666666665 0.07136237256719184
0 0.6736979166666667 0.48517145505097314 0.028645833333333332 0.05282669138090825
4 0.8388020833333333 0.49814643188137164 0.0265625 0.09360518999073215
2 0.5713541666666667 0.5454124189063948 0.025 0.08989805375347544
1 0.37005208333333334 0.6149212233549582 0.024479166666666666 0.08989805375347544
4 0.7791666666666667 0.6964782205746061 0.03854166666666667 0.1102873030583874
1 0.54921875 0.7349397590361446 0.024479166666666666 0.10750695088044486