4 0.51640625 0.19925857275254866 0.0265625 0.0963855421686747
1 0.28958333333333336 0.2117701575532901 0.025 0.08433734939759036
4 0.6359375 0.33549582947173306 0.026041666666666668 0.0778498609823911
2 0.49453125 0.3392029657089898 0.024479166666666666 0.09823911028730306
1 0.19296875 0.3670064874884152 0.021354166666666667 0.11306765523632993
4 0.7966145833333333 0.3924930491195551 0.019270833333333334 0.03985171455050973
4 0.6596354166666667 0.40176088971269697 0.028645833333333332 0.05838739573679333
3 0.80234375 0.463855421686747 0.019270833333333334 0.11399443929564411
2 0.50859375 0.48007414272474513 0.030729166666666665 0.09267840593141798
0 0.6598958333333333 0.4976830398517145 0.034375 0.06302131603336422
2 0.55078125 0.5602409638554217 0.030729166666666665 0.06209453197405004
4 0.728125 0.5866543095458758 0.03854166666666667 0.07043558850787766
4 0.7638020833333333 0.6126042632066728 0.04114583333333333 0.07970342910101946
2 0.6703125 0.6139944392956441 0.029166666666666667 0.10843373493975904
1 0.240625 0.6181649675625579 0.022916666666666665 0.13901760889712697
1 0.5302083333333333 0.6709916589434661 0.027083333333333334 0.12604263206672844