4 0.43776041666666665 0.2562557924003707 0.0203125 0.060240963855421686
1 0.7596354166666667 0.2715477293790547 0.025520833333333333 0.10009267840593142
4 0.44557291666666665 0.29842446709916587 0.021354166666666667 0.07414272474513438
2 0.5622395833333333 0.29935125115848005 0.025520833333333333 0.10009267840593142
4 0.41067708333333336 0.32020389249304915 0.03177083333333333 0.037998146431881374
4 0.15182291666666667 0.376274328081557 0.030729166666666665 0.10379981464318813
3 0.25416666666666665 0.4040778498609824 0.023958333333333335 0.11492122335495829
2 0.5677083333333334 0.40732159406858204 0.03125 0.09916589434661724
1 0.82890625 0.40732159406858204 0.021354166666666667 0.08989805375347544
0 0.3932291666666667 0.4448563484708063 0.034375 0.057460611677479144
2 0.5130208333333334 0.5037071362372567 0.028125 0.09916589434661724
1 0.8151041666666666 0.5588507877664504 0.027083333333333334 0.0963855421686747
4 0.16380208333333332 0.7720111214087118 0.03802083333333333 0.10009267840593142
1 0.24713541666666666 0.7947173308619092 0.0265625 0.09916589434661724