2 0.5192708333333333 0.14504170528266913 0.034375 0.1010194624652456
4 0.7049479166666667 0.16589434661723818 0.034895833333333334 0.09267840593141798
2 0.4440104166666667 0.2386468952734013 0.034895833333333334 0.09360518999073215
1 0.09869791666666666 0.247451343836886 0.0359375 0.12418906394810009
3 0.8348958333333333 0.2664504170528267 0.0375 0.13067655236329936
0 0.6528645833333333 0.29240037071362374 0.0359375 0.07506950880444857
2 0.46015625 0.31278962001853566 0.03177083333333333 0.10287303058387395
4 0.8760416666666667 0.314643188137164 0.0375 0.1380908248378128
1 0.41770833333333335 0.4054680259499537 0.03854166666666667 0.13067655236329936
1 0.2328125 0.5435588507877664 0.026041666666666668 0.16218721037998146
4 0.6369791666666667 0.5634847080630213 0.053125 0.13160333642261354
1 0.5721354166666667 0.07414272474513438 0.027604166666666666 0.0778498609823911
4 0.7020833333333333 0.08433734939759036 0.03854166666666667 0.08897126969416126