4 0.384375 0.2593856655290102 0.023958333333333335 0.08361774744027303
1 0.671875 0.26578498293515357 0.020833333333333332 0.0810580204778157
4 0.33541666666666664 0.33233788395904434 0.03125 0.06399317406143344
1 0.55390625 0.3366040955631399 0.025520833333333333 0.08276450511945392
2 0.4036458333333333 0.46331058020477817 0.03958333333333333 0.06825938566552901
1 0.9276041666666667 0.5051194539249146 0.028125 0.09215017064846416
2 0.49765625 0.5290102389078498 0.028645833333333332 0.09556313993174062
4 0.09505208333333333 0.5554607508532423 0.025520833333333333 0.08020477815699659
3 0.3033854166666667 0.564419795221843 0.0265625 0.06228668941979522
0 0.3346354166666667 0.5814846416382252 0.025520833333333333 0.06399317406143344
2 0.5075520833333333 0.6420648464163823 0.0296875 0.09641638225255973
4 0.29192708333333334 0.6949658703071673 0.03697916666666667 0.06569965870307168
4 0.25364583333333335 0.7145904436860068 0.027083333333333334 0.08959044368600683
2 0.40234375 0.7418941979522184 0.0265625 0.10494880546075085
1 0.5411458333333333 0.8515358361774744 0.03125 0.11433447098976109