1 0.63359375 0.1696014828544949 0.0203125 0.08897126969416126
4 0.71484375 0.18118628359592215 0.0296875 0.07692307692307693
1 0.5552083333333333 0.2020389249304912 0.016666666666666666 0.0963855421686747
4 0.6802083333333333 0.2201112140871177 0.027083333333333334 0.08433734939759036
2 0.6375 0.3290083410565338 0.029166666666666667 0.07414272474513438
2 0.5135416666666667 0.376274328081557 0.026041666666666668 0.10009267840593142
4 0.8177083333333334 0.4008341056533828 0.019791666666666666 0.07877664504170528
1 0.13932291666666666 0.4054680259499537 0.0171875 0.09731232622798888
3 0.8145833333333333 0.4545875810936052 0.020833333333333332 0.08433734939759036
0 0.6747395833333333 0.4749768303985171 0.0265625 0.06580166821130677
2 0.5197916666666667 0.4995366079703429 0.026041666666666668 0.11121408711770157
2 0.82421875 0.5472659870250232 0.0265625 0.08433734939759036
2 0.6330729166666667 0.6075069508804448 0.027604166666666666 0.11214087117701575
4 0.6864583333333333 0.7961075069508804 0.04479166666666667 0.0871177015755329
1 0.6317708333333333 0.8035217794253939 0.029166666666666667 0.09267840593141798