4 0.41640625 0.16543095458758109 0.03697916666666667 0.1010194624652456
1 0.6955729166666667 0.18535681186283595 0.0203125 0.12233549582947173
4 0.33958333333333335 0.29842446709916587 0.042708333333333334 0.12418906394810009
1 0.71328125 0.36098239110287306 0.022395833333333334 0.1195551436515292
4 0.2911458333333333 0.3721037998146432 0.040625 0.10658016682113068
2 0.42083333333333334 0.37859128822984245 0.022916666666666665 0.13067655236329936
2 0.5421875 0.43605189990732157 0.026041666666666668 0.07692307692307693
2 0.5427083333333333 0.5250231696014829 0.026041666666666668 0.13067655236329936
3 0.11302083333333333 0.556533827618165 0.029166666666666667 0.14365152919369786
1 0.9013020833333333 0.5778498609823911 0.024479166666666666 0.13994439295644115
0 0.28125 0.5787766450417052 0.03125 0.06580166821130677
4 0.06067708333333333 0.6329935125115848 0.030729166666666665 0.1278962001853568
4 0.20911458333333333 0.6974050046339203 0.04635416666666667 0.10287303058387395
2 0.29140625 0.6997219647822057 0.0234375 0.11121408711770157
1 0.52890625 0.7085264133456904 0.0234375 0.14550509731232622