1 0.59296875 0.10055607043558851 0.0265625 0.08433734939759036
4 0.43802083333333336 0.2303058387395737 0.027083333333333334 0.09360518999073215
1 0.6700520833333333 0.28544949026876737 0.019270833333333334 0.09082483781278962
4 0.39869791666666665 0.32483781278962004 0.024479166666666666 0.08063021316033364
2 0.5497395833333333 0.4258572752548656 0.025520833333333333 0.08989805375347544
1 0.8192708333333333 0.4402224281742354 0.01875 0.10750695088044486
3 0.2203125 0.4494902687673772 0.028125 0.11121408711770157
0 0.3578125 0.49212233549582945 0.029166666666666667 0.05931417979610751
2 0.43072916666666666 0.6278962001853569 0.028125 0.09731232622798888
4 0.22630208333333332 0.6473586654309545 0.03177083333333333 0.09731232622798888
1 0.5572916666666666 0.7358665430954587 0.027083333333333334 0.09082483781278962
4 0.16796875 0.8095458758109361 0.034895833333333334 0.09360518999073215
1 0.2421875 0.8322520852641334 0.03125 0.10750695088044486
4 0.5325520833333334 0.09036144578313253 0.0203125 0.08804448563484708