1 0.19348958333333333 0.15987025023169602 0.03177083333333333 0.10287303058387395
4 0.11223958333333334 0.16682113067655235 0.0265625 0.09453197405004633
2 0.32578125 0.20389249304911955 0.028645833333333332 0.1056533827618165
4 0.19296875 0.2520852641334569 0.022395833333333334 0.08341056533827618
1 0.3880208333333333 0.2752548656163114 0.022916666666666665 0.09823911028730306
4 0.28125 0.3076923076923077 0.03125 0.1056533827618165
2 0.39817708333333335 0.3730305838739574 0.022395833333333334 0.0917516218721038
2 0.5651041666666666 0.4717330861909175 0.027083333333333334 0.07043558850787766
2 0.6497395833333334 0.5106580166821131 0.0296875 0.11492122335495829
0 0.45755208333333336 0.5120481927710844 0.0421875 0.05468025949953661
3 0.32890625 0.5546802594995366 0.0203125 0.12511584800741427
2 0.6231770833333333 0.6098239110287303 0.04635416666666667 0.10194624652455977
4 0.346875 0.6468952734012975 0.0375 0.10194624652455977
1 0.7611979166666667 0.7590361445783133 0.03697916666666667 0.1056533827618165
4 0.6739583333333333 0.7974976830398517 0.0375 0.13253012048192772