1 0.5796875 0.28266913809082483 0.019791666666666666 0.07970342910101946
2 0.48828125 0.3387395736793327 0.0265625 0.047265987025023166
4 0.4002604166666667 0.3493975903614458 0.025520833333333333 0.05931417979610751
1 0.6390625 0.35217794253938833 0.026041666666666668 0.09082483781278962
2 0.5924479166666666 0.3980537534754402 0.019270833333333334 0.07136237256719184
4 0.33151041666666664 0.4077849860982391 0.0234375 0.05375347544022243
0 0.478125 0.4749768303985171 0.034375 0.05468025949953661
3 0.3338541666666667 0.48424467099165897 0.01875 0.11399443929564411
2 0.60546875 0.484708063021316 0.0203125 0.0963855421686747
1 0.69765625 0.5282669138090825 0.0234375 0.08897126969416126
4 0.3515625 0.5472659870250232 0.021875 0.08433734939759036
2 0.5325520833333334 0.5750695088044485 0.028645833333333332 0.07136237256719184
1 0.7083333333333334 0.758109360518999 0.021875 0.09453197405004633
4 0.5231770833333333 0.8002780352177943 0.0421875 0.09731232622798888