1 0.6796875 0.13577386468952735 0.016666666666666666 0.11214087117701575
4 0.47578125 0.16543095458758109 0.03802083333333333 0.09545875810936053
4 0.403125 0.20250231696014828 0.03958333333333333 0.028730305838739572
4 0.4083333333333333 0.23957367933271548 0.028125 0.05838739573679333
1 0.74921875 0.2581093605189991 0.024479166666666666 0.10472659870250231
4 0.28125 0.26830398517145504 0.021875 0.10843373493975904
2 0.515625 0.29008341056533826 0.028125 0.09453197405004633
3 0.25703125 0.3215940685820204 0.018229166666666668 0.10936051899907322
0 0.39765625 0.36422613531047265 0.033854166666666664 0.0778498609823911
2 0.5080729166666667 0.39620018535681184 0.0328125 0.10843373493975904
4 0.3 0.6737720111214087 0.03229166666666667 0.0963855421686747
1 0.41770833333333335 0.6779425393883225 0.025 0.1195551436515292
4 0.25729166666666664 0.7085264133456904 0.040625 0.09916589434661724
1 0.8190104166666666 0.7219647822057461 0.021354166666666667 0.11121408711770157
1 0.5200520833333333 0.8202038924930491 0.0265625 0.11492122335495829