1 0.5625 0.17145505097312327 0.022916666666666665 0.10194624652455977
4 0.25833333333333336 0.21918443002780352 0.034375 0.11214087117701575
2 0.3653645833333333 0.29842446709916587 0.03177083333333333 0.09267840593141798
1 0.6315104166666666 0.3229842446709917 0.0234375 0.09731232622798888
4 0.2911458333333333 0.3341056533827618 0.04895833333333333 0.04170528266913809
3 0.28463541666666664 0.4457831325301205 0.0359375 0.07970342910101946
2 0.52578125 0.4652455977757183 0.03177083333333333 0.10936051899907322
0 0.33125 0.4652455977757183 0.035416666666666666 0.07599629286376275
4 0.06145833333333333 0.48146431881371643 0.034375 0.08619091751621873
1 0.8739583333333333 0.5829471733086191 0.030208333333333334 0.13901760889712697
4 0.34270833333333334 0.6835032437442076 0.04583333333333333 0.12140871177015755
2 0.42421875 0.7437442075996293 0.028645833333333332 0.11214087117701575
4 0.2838541666666667 0.752548656163114 0.03125 0.0963855421686747
1 0.6291666666666667 0.8563484708063022 0.026041666666666668 0.12048192771084337