1 0.5518229166666667 0.10009267840593142 0.0203125 0.07599629286376275
1 0.35598958333333336 0.24976830398517144 0.018229166666666668 0.08433734939759036
4 0.7471354166666667 0.29981464318813716 0.0203125 0.05468025949953661
2 0.52578125 0.33688600556070436 0.022395833333333334 0.06950880444856349
3 0.7427083333333333 0.36190917516218724 0.023958333333333335 0.08804448563484708
0 0.6283854166666667 0.3795180722891566 0.0265625 0.05097312326227989
2 0.5208333333333334 0.5143651529193698 0.025 0.06302131603336422
4 0.6893229166666667 0.5639481000926784 0.024479166666666666 0.07506950880444857
4 0.6921875 0.6575532900834106 0.027083333333333334 0.07506950880444857
1 0.5518229166666667 0.6844300278035218 0.0203125 0.07877664504170528
1 0.440625 0.8540315106580166 0.021875 0.08433734939759036
4 0.7033854166666667 0.8642261353104727 0.0296875 0.09360518999073215
4 0.6018229166666667 0.08804448563484708 0.027604166666666666 0.07599629286376275