4 0.31223958333333335 0.13564814814814816 0.0453125 0.11944444444444445
1 0.41041666666666665 0.17175925925925925 0.029166666666666667 0.11018518518518519
1 0.82421875 0.23472222222222222 0.025520833333333333 0.11944444444444445
2 0.5838541666666667 0.46944444444444444 0.03333333333333333 0.12037037037037036
3 0.3802083333333333 0.5458333333333333 0.03229166666666667 0.11388888888888889
0 0.42942708333333335 0.549537037037037 0.0390625 0.062037037037037036
4 0.14635416666666667 0.6 0.03854166666666667 0.12777777777777777
1 0.9588541666666667 0.6023148148148149 0.023958333333333335 0.125
2 0.6041666666666666 0.6375 0.036458333333333336 0.125
4 0.42734375 0.6949074074074074 0.049479166666666664 0.062037037037037036
4 0.43359375 0.7699074074074074 0.025520833333333333 0.08981481481481482
4 0.40234375 0.7958333333333333 0.030729166666666665 0.11944444444444445
2 0.57109375 0.8166666666666667 0.0328125 0.14629629629629629
1 0.8174479166666667 0.8736111111111111 0.0265625 0.09907407407407408