1 0.6690104166666667 0.16265060240963855 0.0203125 0.09731232622798888
4 0.4890625 0.20018535681186284 0.028125 0.061167747914735865
3 0.42552083333333335 0.242354031510658 0.019791666666666666 0.09545875810936053
1 0.7283854166666667 0.24513438368860055 0.019270833333333334 0.07877664504170528
2 0.6372395833333333 0.2789620018535681 0.024479166666666666 0.0778498609823911
0 0.53359375 0.2882298424467099 0.028645833333333332 0.06302131603336422
4 0.39921875 0.2933271547729379 0.025520833333333333 0.06765523632993513
2 0.6276041666666666 0.44717330861909177 0.026041666666666668 0.08989805375347544
4 0.4479166666666667 0.540778498609824 0.028125 0.08433734939759036
1 0.7809895833333333 0.5426320667284523 0.018229166666666668 0.08433734939759036
4 0.4546875 0.6779425393883225 0.022916666666666665 0.082483781278962
1 0.5546875 0.7048192771084337 0.028125 0.08989805375347544
4 0.43984375 0.7900834105653383 0.025520833333333333 0.07877664504170528
1 0.71875 0.8290083410565339 0.023958333333333335 0.09545875810936053