1 0.3328125 0.2386468952734013 0.029166666666666667 0.03243744207599629
4 0.29140625 0.267840593141798 0.030729166666666665 0.09082483781278962
2 0.353125 0.2942539388322521 0.03229166666666667 0.09731232622798888
2 0.4609375 0.31835032437442073 0.025 0.09360518999073215
1 0.8692708333333333 0.3262279888785913 0.026041666666666668 0.11121408711770157
4 0.24401041666666667 0.3290083410565338 0.0265625 0.08341056533827618
4 0.16302083333333334 0.3924930491195551 0.022916666666666665 0.1010194624652456
2 0.48411458333333335 0.40268767377201115 0.033854166666666664 0.08804448563484708
0 0.3260416666666667 0.42168674698795183 0.040625 0.03707136237256719
3 0.18776041666666668 0.43234476367006486 0.027604166666666666 0.11214087117701575
1 0.78125 0.556997219647822 0.03125 0.09823911028730306
2 0.51484375 0.5963855421686747 0.025520833333333333 0.09731232622798888
4 0.30442708333333335 0.6380908248378128 0.021354166666666667 0.12326227988878591
1 0.6588541666666666 0.7873030583873958 0.030208333333333334 0.09731232622798888
4 0.36484375 0.8127896200185357 0.044270833333333336 0.09453197405004633