1 0.4747395833333333 0.1712962962962963 0.0171875 0.08518518518518518
4 0.55703125 0.17962962962962964 0.0296875 0.07592592592592592
4 0.60078125 0.2273148148148148 0.0265625 0.0787037037037037
2 0.48541666666666666 0.2912037037037037 0.023958333333333335 0.07685185185185185
2 0.4440104166666667 0.3050925925925926 0.024479166666666666 0.09166666666666666
3 0.74140625 0.3800925925925926 0.018229166666666668 0.10277777777777777
1 0.28619791666666666 0.39351851851851855 0.018229166666666668 0.09444444444444444
0 0.6106770833333334 0.41574074074074074 0.030729166666666665 0.04814814814814815
4 0.6653645833333334 0.5458333333333333 0.028645833333333332 0.0787037037037037
1 0.29791666666666666 0.6407407407407407 0.016666666666666666 0.11666666666666667
1 0.5260416666666666 0.6513888888888889 0.017708333333333333 0.10648148148148148
4 0.7278645833333334 0.6574074074074074 0.034895833333333334 0.08888888888888889
4 0.7986979166666667 0.8472222222222222 0.044270833333333336 0.0962962962962963
1 0.6796875 0.8625 0.023958333333333335 0.11018518518518519