4 0.325 0.17608897126969417 0.03125 0.07970342910101946
1 0.39114583333333336 0.17747914735866543 0.019791666666666666 0.07877664504170528
1 0.48802083333333335 0.2710843373493976 0.029166666666666667 0.082483781278962
1 0.7078125 0.29008341056533826 0.020833333333333332 0.08526413345690455
4 0.2859375 0.3030583873957368 0.029166666666666667 0.08155699721964782
3 0.2015625 0.4272474513438369 0.021875 0.10936051899907322
0 0.3341145833333333 0.44207599629286376 0.0296875 0.07414272474513438
2 0.4765625 0.4962928637627433 0.027083333333333334 0.09916589434661724
4 0.2752604166666667 0.5500463392029658 0.022395833333333334 0.08619091751621873
4 0.31223958333333335 0.5963855421686747 0.03177083333333333 0.09545875810936053
1 0.85234375 0.6098239110287303 0.025520833333333333 0.10750695088044486
2 0.48463541666666665 0.6214087117701576 0.034895833333333334 0.09731232622798888
4 0.27291666666666664 0.7075996292863763 0.036458333333333336 0.09360518999073215
1 0.37890625 0.7219647822057461 0.030729166666666665 0.09267840593141798