1 0.67734375 0.2469879518072289 0.025520833333333333 0.08063021316033364
4 0.39348958333333334 0.3257645968489342 0.027604166666666666 0.03243744207599629
2 0.4510416666666667 0.3290083410565338 0.028125 0.042632066728452274
2 0.55546875 0.39202965708989806 0.025520833333333333 0.06672845227062095
4 0.16588541666666667 0.41102873030583875 0.025520833333333333 0.09360518999073215
3 0.365625 0.4151992585727525 0.022916666666666665 0.05931417979610751
4 0.25546875 0.4263206672845227 0.03177083333333333 0.07043558850787766
0 0.39895833333333336 0.4453197405004634 0.026041666666666668 0.06209453197405004
2 0.5559895833333334 0.4620018535681186 0.028645833333333332 0.08619091751621873
1 0.9067708333333333 0.5083410565338277 0.022916666666666665 0.09545875810936053
4 0.35885416666666664 0.5509731232622799 0.03958333333333333 0.060240963855421686
2 0.4328125 0.5885078776645042 0.023958333333333335 0.07599629286376275
1 0.6731770833333334 0.6172381835032438 0.0265625 0.1056533827618165
4 0.30494791666666665 0.6886005560704356 0.027604166666666666 0.07970342910101946
1 0.5299479166666666 0.736793327154773 0.027604166666666666 0.10936051899907322