4 0.7408854166666666 0.11538461538461539 0.025520833333333333 0.07506950880444857
1 0.51484375 0.19972196478220575 0.021354166666666667 0.06765523632993513
4 0.68515625 0.22242817423540315 0.0234375 0.07599629286376275
1 0.5635416666666667 0.29842446709916587 0.01875 0.07228915662650602
1 0.12161458333333333 0.3637627432808156 0.0171875 0.06580166821130677
4 0.6997395833333333 0.36515291936978683 0.027604166666666666 0.07414272474513438
2 0.5166666666666667 0.4184430027803522 0.017708333333333333 0.07136237256719184
0 0.6333333333333333 0.4726598702502317 0.029166666666666667 0.042632066728452274
3 0.753125 0.4856348470806302 0.01875 0.0871177015755329
2 0.4825520833333333 0.5227062094531975 0.018229166666666668 0.08341056533827618
4 0.7497395833333333 0.5630213160333642 0.018229166666666668 0.07692307692307693
1 0.5497395833333333 0.08433734939759036 0.015104166666666667 0.05375347544022243
4 0.5588541666666667 0.8776645041705282 0.030208333333333334 0.08897126969416126
1 0.5083333333333333 0.8836886005560705 0.026041666666666668 0.082483781278962