1 0.5591353996737357 0.1808972503617945 0.030179445350734094 0.0955137481910275
4 0.2092169657422512 0.23082489146164978 0.033442088091353996 0.1085383502170767
4 0.2663132137030995 0.24746743849493488 0.0367047308319739 0.10998552821997105
1 0.714110929853181 0.2532561505065123 0.028548123980424143 0.10130246020260492
2 0.43882544861337686 0.3104196816208394 0.024469820554649267 0.1287988422575977
2 0.5411908646003263 0.426917510853835 0.030179445350734094 0.12735166425470332
4 0.1700652528548124 0.5492040520984081 0.03507340946166395 0.12590448625180897
0 0.3841761827079935 0.5506512301013025 0.03915171288743882 0.04486251808972504
3 0.20840130505709625 0.5759768451519537 0.033442088091353996 0.14182344428364688
1 0.765905383360522 0.5803183791606368 0.01794453507340946 0.13024602026049203
2 0.5587275693311582 0.5832127351664255 0.02773246329526917 0.10998552821997105
4 0.30138662316476345 0.6150506512301013 0.0367047308319739 0.1389290882778582
4 0.49225122349102773 0.7026049204052098 0.041598694942903754 0.11432706222865413
1 0.767536704730832 0.796671490593343 0.026101141924959218 0.14327062228654125
4 0.44412724306688417 0.8350217076700435 0.044861337683523655 0.12445730824891461