4 0.44244791666666666 0.1524559777571826 0.0234375 0.09360518999073215
1 0.7057291666666666 0.22196478220574606 0.023958333333333335 0.08804448563484708
4 0.38515625 0.3359592215013902 0.0234375 0.1010194624652456
1 0.5197916666666667 0.36886005560704355 0.023958333333333335 0.10936051899907322
4 0.3067708333333333 0.41936978683966636 0.01875 0.05838739573679333
2 0.4609375 0.43234476367006486 0.025 0.10287303058387395
1 0.8802083333333334 0.44300278035217794 0.01875 0.11862835959221502
2 0.396875 0.4494902687673772 0.040625 0.0871177015755329
3 0.16276041666666666 0.5523632993512512 0.021354166666666667 0.12604263206672844
0 0.3182291666666667 0.5959221501390176 0.03229166666666667 0.07228915662650602
4 0.13411458333333334 0.6320667284522706 0.024479166666666666 0.1056533827618165
2 0.4817708333333333 0.6427247451343837 0.022916666666666665 0.13438368860055608
4 0.2546875 0.7201112140871178 0.03229166666666667 0.08897126969416126
1 0.7658854166666667 0.763206672845227 0.019270833333333334 0.12326227988878591
2 0.4192708333333333 0.772937905468026 0.026041666666666668 0.11121408711770157