4 0.36223958333333334 0.13623725671918444 0.03177083333333333 0.10009267840593142
1 0.43776041666666665 0.14735866543095458 0.0296875 0.09453197405004633
4 0.35911458333333335 0.33549582947173306 0.0359375 0.10194624652455977
1 0.9013020833333333 0.4036144578313253 0.0234375 0.11214087117701575
2 0.4109375 0.448563484708063 0.04895833333333333 0.08155699721964782
4 0.19114583333333332 0.5236329935125116 0.03333333333333333 0.08341056533827618
2 0.52421875 0.5393883225208527 0.034895833333333334 0.09453197405004633
4 0.09817708333333333 0.5866543095458758 0.03177083333333333 0.10194624652455977
3 0.290625 0.5996292863762743 0.027083333333333334 0.07414272474513438
0 0.3375 0.6126042632066728 0.03854166666666667 0.07043558850787766
2 0.5388020833333333 0.6631139944392956 0.0296875 0.10843373493975904
1 0.7119791666666667 0.757645968489342 0.026041666666666668 0.10658016682113068
4 0.2833333333333333 0.7752548656163114 0.03958333333333333 0.09545875810936053
1 0.4153645833333333 0.8628359592215014 0.027604166666666666 0.12233549582947173