4 0.29140625 0.12187210379981464 0.0296875 0.07136237256719184
1 0.6239583333333333 0.23679332715477294 0.01875 0.08063021316033364
2 0.4666666666666667 0.3359592215013902 0.019791666666666666 0.082483781278962
3 0.3125 0.36190917516218724 0.022916666666666665 0.05097312326227989
4 0.13151041666666666 0.37488415199258573 0.016145833333333335 0.08989805375347544
0 0.34401041666666665 0.3758109360518999 0.024479166666666666 0.06765523632993513
2 0.4875 0.39620018535681184 0.023958333333333335 0.08804448563484708
1 0.7419270833333333 0.44207599629286376 0.022395833333333334 0.0871177015755329
4 0.2989583333333333 0.46014828544949027 0.01875 0.082483781278962
1 0.5046875 0.5648748841519926 0.015625 0.10287303058387395
4 0.32916666666666666 0.5968489341983317 0.016666666666666666 0.10009267840593142
1 0.6015625 0.7868396663577386 0.03229166666666667 0.08341056533827618
4 0.3776041666666667 0.8290083410565339 0.03958333333333333 0.09545875810936053
1 0.5130208333333334 0.08943466172381835 0.021875 0.06765523632993513