4 0.42239583333333336 0.13206672845227063 0.0375 0.082483781278962
1 0.5807291666666666 0.16172381835032437 0.020833333333333332 0.082483781278962
2 0.4921875 0.4490268767377201 0.034375 0.07692307692307693
3 0.3028645833333333 0.46617238183503246 0.03177083333333333 0.06302131603336422
4 0.09661458333333334 0.4721964782205746 0.028645833333333332 0.09360518999073215
0 0.33541666666666664 0.5 0.026041666666666668 0.060240963855421686
1 0.91328125 0.5194624652455978 0.024479166666666666 0.1102873030583874
2 0.4796875 0.5268767377201112 0.034375 0.082483781278962
4 0.2786458333333333 0.6121408711770158 0.042708333333333334 0.07877664504170528
2 0.3372395833333333 0.6468952734012975 0.03802083333333333 0.10194624652455977
4 0.25078125 0.6570898980537535 0.04635416666666667 0.08526413345690455
1 0.396875 0.706209453197405 0.029166666666666667 0.11492122335495829
4 0.17838541666666666 0.7460611677479148 0.030729166666666665 0.0963855421686747
1 0.3533854166666667 0.8206672845227062 0.021354166666666667 0.10658016682113068