4 0.41510416666666666 0.21733086190917517 0.035416666666666666 0.08063021316033364
1 0.5151041666666667 0.2196478220574606 0.025 0.08897126969416126
2 0.5096354166666667 0.4411492122335496 0.024479166666666666 0.09823911028730306
1 0.9372395833333333 0.48285449490268767 0.0171875 0.10379981464318813
4 0.09453125 0.48517145505097314 0.022395833333333334 0.1102873030583874
3 0.309375 0.4916589434661724 0.03958333333333333 0.07877664504170528
0 0.34739583333333335 0.5129749768303985 0.03125 0.060240963855421686
2 0.4942708333333333 0.5518999073215941 0.029166666666666667 0.09731232622798888
2 0.35546875 0.6487488415199258 0.0328125 0.042632066728452274
4 0.29348958333333336 0.6501390176088971 0.03177083333333333 0.08989805375347544
4 0.2643229166666667 0.6793327154772938 0.04010416666666667 0.08341056533827618
1 0.35208333333333336 0.6946246524559777 0.028125 0.06765523632993513
4 0.24609375 0.7256719184430028 0.030729166666666665 0.07414272474513438
1 0.3640625 0.7956441149212233 0.027083333333333334 0.10843373493975904