1 0.59609375 0.14967562557924002 0.0203125 0.08989805375347544
4 0.40625 0.15060240963855423 0.027083333333333334 0.0639481000926784
4 0.4296875 0.2381835032437442 0.035416666666666666 0.08526413345690455
2 0.51328125 0.2715477293790547 0.027604166666666666 0.0871177015755329
1 0.8486979166666667 0.2873030583873957 0.021354166666666667 0.10750695088044486
3 0.24010416666666667 0.36468952734012977 0.015625 0.11214087117701575
2 0.5763020833333333 0.37395736793327156 0.0265625 0.09916589434661724
0 0.40390625 0.4008341056533828 0.03177083333333333 0.06580166821130677
4 0.26510416666666664 0.4272474513438369 0.028125 0.06487488415199258
2 0.5591145833333333 0.45736793327154773 0.028645833333333332 0.09731232622798888
2 0.4471354166666667 0.5278035217794254 0.025520833333333333 0.10658016682113068
4 0.3580729166666667 0.5495829471733086 0.03697916666666667 0.0871177015755329
1 0.7875 0.602873030583874 0.034375 0.12511584800741427
4 0.22109375 0.8563484708063022 0.04739583333333333 0.10009267840593142
1 0.3390625 0.8772011121408712 0.0375 0.11214087117701575