1 0.4828125 0.10287303058387395 0.019791666666666666 0.07599629286376275
4 0.6421875 0.10518999073215941 0.027083333333333334 0.0732159406858202
4 0.6635416666666667 0.22752548656163113 0.030208333333333334 0.037998146431881374
2 0.478125 0.23354958294717332 0.023958333333333335 0.07970342910101946
1 0.28828125 0.24142724745134383 0.016145833333333335 0.10843373493975904
4 0.8072916666666666 0.2618164967562558 0.025 0.060240963855421686
4 0.6533854166666667 0.2710843373493976 0.03802083333333333 0.056533827618164965
2 0.5044270833333333 0.34615384615384615 0.018229166666666668 0.09360518999073215
3 0.8072916666666666 0.34661723818350326 0.023958333333333335 0.10379981464318813
0 0.67265625 0.39063948100092677 0.03802083333333333 0.06950880444856349
2 0.5434895833333333 0.4907321594068582 0.0203125 0.09360518999073215
1 0.31302083333333336 0.5560704355885079 0.016666666666666666 0.10194624652455977
4 0.8114583333333333 0.7789620018535681 0.03854166666666667 0.082483781278962
1 0.74765625 0.8155699721964782 0.0203125 0.12974976830398516