1 0.5442708333333334 0.1190917516218721 0.028125 0.06765523632993513
4 0.3109375 0.13021316033364227 0.030208333333333334 0.082483781278962
4 0.3333333333333333 0.21825764596848934 0.029166666666666667 0.082483781278962
1 0.7643229166666666 0.22567191844300277 0.019270833333333334 0.08804448563484708
1 0.4671875 0.28637627432808155 0.01875 0.09453197405004633
4 0.2765625 0.4281742354031511 0.029166666666666667 0.08897126969416126
2 0.4973958333333333 0.4448563484708063 0.029166666666666667 0.08897126969416126
0 0.3411458333333333 0.5194624652455978 0.036458333333333336 0.07506950880444857
3 0.16666666666666666 0.5217794253938832 0.020833333333333332 0.10750695088044486
1 0.83671875 0.5579240037071362 0.019270833333333334 0.0963855421686747
2 0.4942708333333333 0.5681186283595923 0.023958333333333335 0.09082483781278962
4 0.3059895833333333 0.6487488415199258 0.0359375 0.0778498609823911
1 0.5984375 0.835032437442076 0.028125 0.10379981464318813
4 0.2604166666666667 0.8563484708063022 0.0375 0.10379981464318813