4 0.8208333333333333 0.10611677479147359 0.016666666666666666 0.0639481000926784
1 0.5911458333333334 0.1936978683966636 0.015625 0.07414272474513438
4 0.7596354166666667 0.23540315106580167 0.025520833333333333 0.08341056533827618
1 0.5580729166666667 0.2594995366079703 0.016145833333333335 0.0778498609823911
2 0.5734375 0.3243744207599629 0.019791666666666666 0.07599629286376275
4 0.7130208333333333 0.3266913809082484 0.030208333333333334 0.07506950880444857
1 0.28411458333333334 0.3707136237256719 0.0140625 0.09453197405004633
0 0.6348958333333333 0.4582947173308619 0.03333333333333333 0.04170528266913809
3 0.7486979166666666 0.4865616311399444 0.0140625 0.07970342910101946
2 0.4596354166666667 0.5556070435588508 0.016145833333333335 0.08989805375347544
4 0.5854166666666667 0.6005560704355886 0.027083333333333334 0.08526413345690455
1 0.6393229166666666 0.07599629286376275 0.016145833333333335 0.06487488415199258
1 0.4044270833333333 0.8716404077849861 0.0296875 0.07692307692307693
4 0.4747395833333333 0.8730305838739574 0.028645833333333332 0.0963855421686747