1 0.23098958333333333 0.1793327154772938 0.0359375 0.09916589434661724
4 0.16171875 0.18906394810009267 0.03177083333333333 0.10379981464318813
1 0.33645833333333336 0.3994439295644115 0.025 0.07043558850787766
2 0.49765625 0.43744207599629287 0.030729166666666665 0.0871177015755329
1 0.7768229166666667 0.4416126042632067 0.030729166666666665 0.1195551436515292
4 0.18203125 0.5199258572752549 0.028645833333333332 0.10379981464318813
2 0.5528645833333333 0.5426320667284523 0.03177083333333333 0.09545875810936053
0 0.36744791666666665 0.5491195551436515 0.04010416666666667 0.0639481000926784
3 0.22890625 0.5810936051899908 0.0265625 0.11492122335495829
4 0.2677083333333333 0.6575532900834106 0.030208333333333334 0.09731232622798888
2 0.6075520833333333 0.6580166821130676 0.030729166666666665 0.11492122335495829
4 0.39765625 0.6997219647822057 0.0453125 0.07414272474513438
4 0.4388020833333333 0.7961075069508804 0.03177083333333333 0.12604263206672844
1 0.7390625 0.8127896200185357 0.034375 0.09823911028730306