4 0.54765625 0.27664504170528265 0.04114583333333333 0.10287303058387395
1 0.22630208333333332 0.2803521779425394 0.0234375 0.12696941612604262
4 0.5192708333333333 0.3303985171455051 0.04479166666666667 0.1102873030583874
2 0.3658854166666667 0.3994439295644115 0.0296875 0.1334569045412419
4 0.8921875 0.4365152919369787 0.030208333333333334 0.11862835959221502
3 0.6403645833333333 0.48285449490268767 0.0390625 0.06672845227062095
4 0.75703125 0.4939759036144578 0.03697916666666667 0.08897126969416126
0 0.6018229166666667 0.5217794253938832 0.04114583333333333 0.08155699721964782
2 0.3958333333333333 0.5227062094531975 0.029166666666666667 0.1278962001853568
1 0.05364583333333333 0.6158480074142725 0.019791666666666666 0.16218721037998146
2 0.44088541666666664 0.6334569045412419 0.028645833333333332 0.12326227988878591
1 0.5190104166666667 0.6797961075069509 0.024479166666666666 0.13994439295644115
1 0.63828125 0.7891566265060241 0.0296875 0.13253012048192772