1 0.34296875 0.2298611111111111 0.0140625 0.059722222222222225
2 0.330859375 0.26319444444444445 0.01484375 0.05138888888888889
2 0.415625 0.32708333333333334 0.0109375 0.0625
1 0.5875 0.3277777777777778 0.0125 0.06111111111111111
0 0.3125 0.3548611111111111 0.021875 0.0375
3 0.2203125 0.36319444444444443 0.0203125 0.0763888888888889
4 0.1546875 0.3798611111111111 0.0203125 0.07083333333333333
2 0.455859375 0.4111111111111111 0.02265625 0.06666666666666667
4 0.278125 0.4270833333333333 0.025 0.07361111111111111
1 0.641015625 0.48125 0.01796875 0.07083333333333333
4 0.3328125 0.5881944444444445 0.021875 0.059722222222222225
1 0.517578125 0.6590277777777778 0.01484375 0.0625
4 0.394140625 0.6819444444444445 0.02734375 0.075
1 0.515234375 0.7736111111111111 0.01953125 0.075
4 0.42109375 0.7902777777777777 0.03125 0.058333333333333334