4 0.3984375 0.13958333333333334 0.0265625 0.0625
1 0.439453125 0.15069444444444444 0.02578125 0.05694444444444444
1 0.436328125 0.2375 0.02890625 0.06111111111111111
4 0.4046875 0.23819444444444443 0.0171875 0.059722222222222225
1 0.65703125 0.29097222222222224 0.0125 0.06527777777777778
4 0.3609375 0.3055555555555556 0.01875 0.06666666666666667
1 0.505078125 0.3541666666666667 0.01796875 0.058333333333333334
2 0.41953125 0.4548611111111111 0.0265625 0.06527777777777778
4 0.334765625 0.4666666666666667 0.02265625 0.06111111111111111
4 0.27734375 0.4951388888888889 0.015625 0.04583333333333333
2 0.4984375 0.5229166666666667 0.021875 0.07083333333333333
3 0.282421875 0.5444444444444444 0.01796875 0.07222222222222222
1 0.647265625 0.5631944444444444 0.01796875 0.08472222222222223
2 0.508984375 0.6111111111111112 0.02265625 0.08055555555555556