2 0.5453125 0.1763888888888889 0.0203125 0.06944444444444445
1 0.453515625 0.17708333333333334 0.01953125 0.06527777777777778
4 0.6203125 0.1840277777777778 0.021875 0.0375
3 0.72578125 0.2375 0.015625 0.075
4 0.750390625 0.24513888888888888 0.01171875 0.07361111111111111
0 0.618359375 0.2743055555555556 0.02578125 0.04027777777777778
2 0.5109375 0.28958333333333336 0.0140625 0.07916666666666666
1 0.293359375 0.4270833333333333 0.01328125 0.0763888888888889
4 0.71328125 0.43680555555555556 0.0234375 0.0763888888888889
1 0.63671875 0.4909722222222222 0.021875 0.08472222222222223
4 0.70703125 0.5347222222222222 0.01875 0.08055555555555556
1 0.550390625 0.5527777777777778 0.01953125 0.07777777777777778
4 0.76796875 0.7034722222222223 0.0265625 0.0875
1 0.685546875 0.7263888888888889 0.02421875 0.08888888888888889