1 0.573046875 0.20555555555555555 0.01328125 0.05
4 0.62109375 0.20625 0.0203125 0.04861111111111111
2 0.580078125 0.3402777777777778 0.02109375 0.044444444444444446
1 0.286328125 0.38680555555555557 0.01328125 0.07083333333333333
2 0.515625 0.3909722222222222 0.021875 0.05694444444444444
3 0.709765625 0.4125 0.01953125 0.06666666666666667
0 0.6171875 0.42430555555555555 0.0265625 0.043055555555555555
2 0.515625 0.45208333333333334 0.0171875 0.0625
4 0.72109375 0.4618055555555556 0.0203125 0.05694444444444444
4 0.6359375 0.5486111111111112 0.0296875 0.06666666666666667
2 0.524609375 0.5791666666666667 0.01796875 0.07222222222222222
1 0.39140625 0.6326388888888889 0.01875 0.0625
4 0.686328125 0.6993055555555555 0.02421875 0.07361111111111111
1 0.519140625 0.8388888888888889 0.01796875 0.08333333333333333
4 0.692578125 0.8395833333333333 0.03671875 0.08472222222222223