1 0.569140625 0.15138888888888888 0.01796875 0.07222222222222222
4 0.652734375 0.16666666666666666 0.01015625 0.07222222222222222
4 0.622265625 0.26805555555555555 0.01953125 0.07222222222222222
1 0.4546875 0.3076388888888889 0.0140625 0.07916666666666666
1 0.3078125 0.34444444444444444 0.0171875 0.07222222222222222
2 0.47890625 0.37777777777777777 0.009375 0.08333333333333333
4 0.570703125 0.45208333333333334 0.01640625 0.07361111111111111
2 0.391796875 0.45555555555555555 0.01796875 0.08055555555555556
4 0.458203125 0.4638888888888889 0.01484375 0.075
4 0.52421875 0.4638888888888889 0.021875 0.03333333333333333
2 0.35390625 0.5104166666666666 0.0125 0.0763888888888889
4 0.4296875 0.51875 0.0171875 0.07361111111111111
0 0.4796875 0.5340277777777778 0.0234375 0.04583333333333333
1 0.279296875 0.5375 0.01484375 0.08055555555555556
3 0.57578125 0.5569444444444445 0.0234375 0.08611111111111111
4 0.396875 0.5625 0.0140625 0.08055555555555556
4 0.658984375 0.5840277777777778 0.01328125 0.09305555555555556
2 0.369921875 0.5868055555555556 0.01328125 0.0875