3 0.7984375 0.3625 0.021875 0.075
0 0.64296875 0.39861111111111114 0.0359375 0.05277777777777778
2 0.525 0.4263888888888889 0.021875 0.11388888888888889
4 0.79375 0.4486111111111111 0.04375 0.09722222222222222
2 0.5484375 0.5111111111111111 0.034375 0.1
1 0.2265625 0.5444444444444444 0.03125 0.14444444444444443
4 0.64140625 0.6958333333333333 0.0359375 0.11388888888888889
1 0.25546875 0.7666666666666667 0.0359375 0.14444444444444443
4 0.57578125 0.7930555555555555 0.0453125 0.10277777777777777
1 0.46015625 0.8527777777777777 0.0265625 0.08333333333333333
4 0.54921875 0.8666666666666667 0.0296875 0.06666666666666667
1 0.64453125 0.12638888888888888 0.0296875 0.11388888888888889
4 0.73671875 0.16944444444444445 0.0328125 0.08888888888888889
2 0.58671875 0.24583333333333332 0.0328125 0.06388888888888888
1 0.29140625 0.2569444444444444 0.0203125 0.11944444444444445