1 0.729296875 0.27152777777777776 0.01484375 0.059722222222222225
4 0.76953125 0.27847222222222223 0.0234375 0.06527777777777778
2 0.642578125 0.3375 0.01640625 0.044444444444444446
1 0.348046875 0.3388888888888889 0.01796875 0.08333333333333333
2 0.637109375 0.3840277777777778 0.02734375 0.0625
0 0.70390625 0.39166666666666666 0.0265625 0.03611111111111111
4 0.83203125 0.39652777777777776 0.0265625 0.0763888888888889
3 0.8078125 0.4097222222222222 0.0140625 0.09166666666666666
1 0.467578125 0.5256944444444445 0.02578125 0.08472222222222223
4 0.628125 0.5583333333333333 0.0375 0.09166666666666666
1 0.333984375 0.6041666666666666 0.02734375 0.06944444444444445
4 0.609375 0.6479166666666667 0.0359375 0.09305555555555556
1 0.34140625 0.6805555555555556 0.0328125 0.09444444444444444
4 0.555078125 0.7361111111111112 0.04296875 0.10833333333333334