4 0.562890625 0.1951388888888889 0.02890625 0.06527777777777778
1 0.508203125 0.20416666666666666 0.01796875 0.04722222222222222
4 0.590625 0.25069444444444444 0.01875 0.034722222222222224
2 0.43828125 0.26805555555555555 0.0234375 0.06388888888888888
2 0.52890625 0.2763888888888889 0.0265625 0.04722222222222222
4 0.69453125 0.2847222222222222 0.0234375 0.03611111111111111
3 0.697265625 0.3347222222222222 0.02578125 0.08055555555555556
0 0.587890625 0.35 0.02578125 0.06111111111111111
2 0.494921875 0.35555555555555557 0.02734375 0.08055555555555556
1 0.21796875 0.41388888888888886 0.0265625 0.1
2 0.567578125 0.42430555555555555 0.01796875 0.09027777777777778
4 0.648046875 0.4930555555555556 0.03828125 0.07777777777777778
1 0.459375 0.5347222222222222 0.0234375 0.09444444444444444
4 0.75625 0.7215277777777778 0.053125 0.10694444444444444
1 0.65546875 0.7256944444444444 0.0375 0.09305555555555556