1 0.49414519906323184 0.23229166666666667 0.03747072599531616 0.09791666666666667
1 0.373536299765808 0.325 0.01639344262295082 0.12916666666666668
2 0.48653395784543324 0.3572916666666667 0.01756440281030445 0.10625
4 0.6604215456674473 0.36354166666666665 0.0351288056206089 0.06458333333333334
4 0.7909836065573771 0.41041666666666665 0.02927400468384075 0.05416666666666667
0 0.5872365339578455 0.453125 0.02927400468384075 0.04791666666666667
2 0.4338407494145199 0.47291666666666665 0.02927400468384075 0.125
3 0.7786885245901639 0.47708333333333336 0.03044496487119438 0.14166666666666666
1 0.2962529274004684 0.4875 0.03044496487119438 0.12916666666666668
4 0.6264637002341921 0.571875 0.03747072599531616 0.11041666666666666
1 0.35714285714285715 0.6239583333333333 0.02576112412177986 0.12291666666666666
4 0.5327868852459017 0.6427083333333333 0.02576112412177986 0.11041666666666666
1 0.265807962529274 0.6895833333333333 0.02810304449648712 0.11666666666666667
4 0.5766978922716628 0.75625 0.02927400468384075 0.1