2 0.4677985948477752 0.28229166666666666 0.01288056206088993 0.08958333333333333
4 0.6434426229508197 0.29375 0.01756440281030445 0.075
1 0.2962529274004684 0.3072916666666667 0.01639344262295082 0.08125
3 0.6639344262295082 0.34270833333333334 0.0234192037470726 0.08541666666666667
0 0.5485948477751756 0.38958333333333334 0.02927400468384075 0.0625
2 0.5163934426229508 0.3927083333333333 0.01405152224824356 0.08125
4 0.6153395784543325 0.4875 0.026932084309133488 0.09166666666666666
4 0.6715456674473068 0.6 0.02927400468384075 0.08333333333333333
1 0.35714285714285715 0.6010416666666667 0.02576112412177986 0.08958333333333333
1 0.5357142857142857 0.6333333333333333 0.01288056206088993 0.09583333333333334
1 0.5708430913348946 0.8270833333333333 0.01990632318501171 0.10416666666666667
4 0.7459016393442623 0.8479166666666667 0.03747072599531616 0.08333333333333333
4 0.4847775175644028 0.134375 0.03278688524590164 0.06041666666666667
1 0.43676814988290397 0.14375 0.02107728337236534 0.075