4 0.7107728337236534 0.22708333333333333 0.02576112412177986 0.09166666666666666
1 0.6481264637002342 0.23020833333333332 0.02224824355971897 0.08958333333333333
1 0.11241217798594848 0.35104166666666664 0.01873536299765808 0.10208333333333333
4 0.8542154566744731 0.3541666666666667 0.02224824355971897 0.0375
2 0.5772833723653396 0.39895833333333336 0.02107728337236534 0.06875
3 0.8624121779859485 0.43020833333333336 0.01756440281030445 0.10208333333333333
0 0.7137002341920374 0.46041666666666664 0.04800936768149883 0.06666666666666667
1 0.3261124121779859 0.6322916666666667 0.01756440281030445 0.11041666666666666
1 0.6703747072599532 0.6416666666666667 0.01990632318501171 0.11666666666666667
4 0.7388758782201406 0.6520833333333333 0.03747072599531616 0.10416666666666667
2 0.6176814988290398 0.8020833333333334 0.026932084309133488 0.11666666666666667
4 0.8249414519906323 0.8364583333333333 0.02459016393442623 0.12291666666666666
1 0.47306791569086654 0.14270833333333333 0.01639344262295082 0.09791666666666667
4 0.7259953161592506 0.153125 0.0351288056206089 0.10208333333333333