4 0.8056206088992974 0.240625 0.03981264637002342 0.08541666666666667
1 0.44789227166276346 0.2875 0.02927400468384075 0.10416666666666667
4 0.7851288056206089 0.3260416666666667 0.02927400468384075 0.10625
2 0.5895784543325527 0.32708333333333334 0.02224824355971897 0.09583333333333334
2 0.4923887587822014 0.40625 0.026932084309133488 0.10416666666666667
4 0.8296252927400468 0.42916666666666664 0.02459016393442623 0.10833333333333334
1 0.32201405152224827 0.45208333333333334 0.03044496487119438 0.10833333333333334
0 0.6656908665105387 0.459375 0.03395784543325527 0.03958333333333333
3 0.8026932084309133 0.484375 0.02927400468384075 0.11458333333333333
1 0.44028103044496486 0.5770833333333333 0.02107728337236534 0.10833333333333334
4 0.5491803278688525 0.6395833333333333 0.01405152224824356 0.10416666666666667
4 0.5673302107728337 0.6677083333333333 0.01756440281030445 0.11875
1 0.17271662763466042 0.715625 0.02459016393442623 0.11458333333333333
1 0.6188524590163934 0.18541666666666667 0.02927400468384075 0.09166666666666666