4 0.6826697892271663 0.303125 0.03747072599531616 0.03958333333333333
4 0.8360655737704918 0.325 0.01639344262295082 0.075
2 0.5199063231850117 0.37916666666666665 0.02576112412177986 0.10416666666666667
3 0.8553864168618267 0.3875 0.02459016393442623 0.11666666666666667
1 0.272248243559719 0.3927083333333333 0.02459016393442623 0.09375
0 0.6961358313817331 0.4510416666666667 0.03629976580796253 0.08125
2 0.5491803278688525 0.47708333333333336 0.03278688524590164 0.1125
1 0.13056206088992975 0.5958333333333333 0.026932084309133488 0.11666666666666667
4 0.7898126463700235 0.653125 0.03629976580796253 0.11875
4 0.7412177985948478 0.6583333333333333 0.0234192037470726 0.125
4 0.8495316159250585 0.66875 0.03395784543325527 0.11666666666666667
1 0.6686182669789227 0.7927083333333333 0.02576112412177986 0.12291666666666666
4 0.5813817330210773 0.16770833333333332 0.026932084309133488 0.09375
1 0.3401639344262295 0.19583333333333333 0.02224824355971897 0.10833333333333334