2 0.51796875 0.2972222222222222 0.0203125 0.08888888888888889
1 0.71640625 0.30277777777777776 0.0140625 0.08888888888888889
4 0.1984375 0.35138888888888886 0.01875 0.08055555555555556
3 0.25546875 0.3597222222222222 0.0078125 0.09722222222222222
2 0.5453125 0.38333333333333336 0.015625 0.09444444444444444
0 0.37109375 0.3861111111111111 0.0296875 0.06666666666666667
4 0.31953125 0.4847222222222222 0.0203125 0.11388888888888889
1 0.72265625 0.5333333333333333 0.0203125 0.09444444444444444
2 0.47109375 0.5680555555555555 0.0296875 0.08055555555555556
4 0.2890625 0.625 0.028125 0.09444444444444444
4 0.28046875 0.8333333333333334 0.0390625 0.08333333333333333
1 0.39765625 0.85 0.0171875 0.09444444444444444
1 0.4609375 0.09722222222222222 0.021875 0.08333333333333333
4 0.3921875 0.10416666666666667 0.034375 0.075