4 0.6042154566744731 0.25 0.01405152224824356 0.05
1 0.5052693208430913 0.30416666666666664 0.01288056206088993 0.0375
4 0.6018735362997658 0.33645833333333336 0.02576112412177986 0.04375
1 0.34133489461358313 0.39479166666666665 0.01522248243559719 0.03958333333333333
1 0.452576112412178 0.39479166666666665 0.01288056206088993 0.04791666666666667
4 0.6036299765807962 0.40208333333333335 0.01990632318501171 0.05416666666666667
2 0.5058548009367682 0.44375 0.0117096018735363 0.04583333333333333
3 0.6949648711943794 0.5104166666666666 0.02224824355971897 0.05416666666666667
2 0.5175644028103045 0.5208333333333334 0.0117096018735363 0.0625
0 0.6048009367681498 0.5375 0.02224824355971897 0.0625
4 0.6949648711943794 0.584375 0.02224824355971897 0.05625
1 0.24004683840749413 0.6416666666666667 0.01405152224824356 0.06666666666666667
1 0.509367681498829 0.74375 0.02107728337236534 0.0625
4 0.6375878220140515 0.809375 0.03864168618266979 0.08541666666666667