2 0.578125 0.3541666666666667 0.01875 0.08611111111111111
4 0.7359375 0.3541666666666667 0.03125 0.06388888888888888
2 0.515625 0.48055555555555557 0.01875 0.08888888888888889
0 0.68515625 0.49583333333333335 0.0296875 0.04722222222222222
3 0.79296875 0.5138888888888888 0.0203125 0.08888888888888889
4 0.77578125 0.5611111111111111 0.0234375 0.07777777777777778
1 0.31484375 0.5805555555555556 0.0171875 0.1
1 0.51640625 0.8055555555555556 0.0203125 0.09444444444444444
4 0.59453125 0.8361111111111111 0.0390625 0.08888888888888889
1 0.76171875 0.125 0.0203125 0.08333333333333333
4 0.853125 0.14722222222222223 0.034375 0.07222222222222222
1 0.44375 0.18611111111111112 0.015625 0.08333333333333333
1 0.678125 0.24027777777777778 0.015625 0.06944444444444445
4 0.8046875 0.275 0.025 0.07777777777777778