1 0.1296875 0.3263888888888889 0.015625 0.09722222222222222
4 0.68515625 0.3875 0.0359375 0.058333333333333334
2 0.51015625 0.4888888888888889 0.0296875 0.06111111111111111
3 0.8125 0.5152777777777777 0.015625 0.10833333333333334
0 0.68515625 0.5513888888888889 0.0296875 0.06944444444444445
2 0.515625 0.5791666666666667 0.021875 0.10833333333333334
4 0.83984375 0.5861111111111111 0.0328125 0.1
1 0.37890625 0.7333333333333333 0.0234375 0.10555555555555556
4 0.77421875 0.8472222222222222 0.0359375 0.10555555555555556
1 0.7125 0.8611111111111112 0.025 0.12222222222222222
4 0.57734375 0.11527777777777778 0.0390625 0.075
1 0.3921875 0.12777777777777777 0.021875 0.09444444444444444
4 0.6328125 0.23333333333333334 0.0375 0.08888888888888889
1 0.43203125 0.2763888888888889 0.0265625 0.08611111111111111