4 0.38125 0.30277777777777776 0.01875 0.06111111111111111
1 0.85078125 0.33194444444444443 0.0140625 0.09722222222222222
3 0.28203125 0.3819444444444444 0.0140625 0.10277777777777777
2 0.45 0.4152777777777778 0.015625 0.10277777777777777
4 0.22734375 0.44722222222222224 0.0109375 0.08888888888888889
0 0.3578125 0.45555555555555555 0.0375 0.044444444444444446
2 0.38984375 0.5138888888888888 0.0328125 0.09444444444444444
1 0.77734375 0.7583333333333333 0.0234375 0.11666666666666667
4 0.1859375 0.8111111111111111 0.028125 0.08888888888888889
1 0.26171875 0.8277777777777777 0.0359375 0.11666666666666667
4 0.51015625 0.10694444444444444 0.0328125 0.06944444444444445
1 0.5734375 0.12083333333333333 0.025 0.08611111111111111
4 0.4 0.225 0.025 0.08333333333333333
1 0.52890625 0.2625 0.0140625 0.08611111111111111