4 0.29508196721311475 0.29270833333333335 0.02576112412177986 0.07708333333333334
1 0.38524590163934425 0.29583333333333334 0.03278688524590164 0.07083333333333333
4 0.2822014051522248 0.378125 0.03044496487119438 0.04791666666666667
2 0.42564402810304447 0.42291666666666666 0.02224824355971897 0.09583333333333334
1 0.7265807962529274 0.42916666666666664 0.026932084309133488 0.09166666666666666
3 0.17271662763466042 0.48854166666666665 0.02927400468384075 0.12708333333333333
0 0.3255269320843091 0.5145833333333333 0.0351288056206089 0.075
2 0.4344262295081967 0.5822916666666667 0.03044496487119438 0.08958333333333333
4 0.234192037470726 0.696875 0.03044496487119438 0.08958333333333333
1 0.45784543325526933 0.765625 0.03044496487119438 0.12291666666666666
4 0.27459016393442626 0.796875 0.03395784543325527 0.08958333333333333
1 0.3395784543325527 0.8239583333333333 0.03044496487119438 0.09375
4 0.351288056206089 0.09791666666666667 0.03278688524590164 0.075
1 0.42505854800936765 0.10520833333333333 0.02810304449648712 0.08125