3 0.7136197916666667 0.15837962962962965 0.053286458333333335 0.0255
1 0.09430208333333333 0.14305555555555555 0.06140104166666667 0.03333333333333333
2 0.25511979166666665 0.15138888888888888 0.056421874999999996 0.02962962962962963
3 0.4074427083333333 0.1574074074074074 0.05334375 0.026851851851851852
4 0.5591145833333333 0.15694444444444444 0.05677083333333333 0.030555555555555555
2 0.8731458333333334 0.15601851851851853 0.05670833333333333 0.025925925925925925
2 0.94884375 0.5208333333333334 0.071640625 0.041666666666666664
3 0.7536354166666667 0.5189814814814815 0.066640625 0.03518518518518519
4 0.5651041666666666 0.5143518518518518 0.065625 0.040740740740740744
3 0.38215625000000003 0.5120370370370371 0.065375 0.03888888888888889
2 0.19468229166666667 0.5101851851851852 0.06948958333333333 0.040740740740740744