1 0.2140625 0.6645833333333333 0.06796875 0.034722222222222224
2 0.3819765625 0.6888888888888889 0.066515625 0.041666666666666664
3 0.565625 0.7173611111111111 0.0671875 0.03888888888888889
4 0.762109375 0.7458333333333333 0.0734375 0.044444444444444446
3 0.96640625 0.7777777777777778 0.0671875 0.041666666666666664
3 0.8819765625 0.4173611111111111 0.046765625 0.019444444444444445
4 0.759765625 0.4083333333333333 0.04453125 0.019444444444444445
3 0.6412421875 0.3972222222222222 0.0425234375 0.018055555555555554
2 0.52734375 0.3888888888888889 0.0421875 0.016666666666666666
1 0.41925 0.38055555555555554 0.0403984375 0.016666666666666666
0 0.315125 0.3715277777777778 0.0377265625 0.0125
0 0.0625 0.6395833333333333 0.06484375 0.03194444444444444