5 0.5229166666666667 0.36944444444444446 0.078125 0.030555555555555555
3 0.6880208333333333 0.36064814814814816 0.07864583333333333 0.028703703703703703
1 0.8510416666666667 0.3523148148148148 0.08072916666666667 0.027777777777777776
3 0.7859375 0.7027777777777777 0.09583333333333334 0.037037037037037035
5 0.5848958333333333 0.7134259259259259 0.09166666666666666 0.037037037037037035
7 0.384375 0.7273148148148149 0.09270833333333334 0.040740740740740744
8 0.16380208333333332 0.7439814814814815 0.07447916666666667 0.040740740740740744
1 0.9684895833333333 0.6944444444444444 0.06302083333333333 0.037037037037037035
6 0.01640625 0.39166666666666666 0.0328125 0.025925925925925925
8 0.17864583333333334 0.3861111111111111 0.059375 0.026851851851851852
7 0.3572916666666667 0.3787037037037037 0.07760416666666667 0.027777777777777776