8 0.5525510204081633 0.4661764705882353 0.0163265306122449 0.030882352941176472
7 0.5698979591836735 0.5433823529411764 0.0163265306122449 0.03823529411764706
5 0.5872448979591837 0.6176470588235294 0.017346938775510204 0.039705882352941174
3 0.6040816326530613 0.6911764705882353 0.017346938775510204 0.039705882352941174
1 0.621938775510204 0.7647058823529411 0.0163265306122449 0.03529411764705882
0 0.2923469387755102 0.2610294117647059 0.0163265306122449 0.03676470588235294
2 0.3086734693877551 0.33308823529411763 0.017346938775510204 0.039705882352941174
6 0.3438775510204082 0.4801470588235294 0.017346938775510204 0.039705882352941174
8 0.36173469387755103 0.5580882352941177 0.017346938775510204 0.03235294117647059
7 0.3780612244897959 0.6375 0.017346938775510204 0.03823529411764706
5 0.39591836734693875 0.711764705882353 0.017346938775510204 0.03823529411764706
3 0.413265306122449 0.7830882352941176 0.017346938775510204 0.03823529411764706
1 0.4301020408163265 0.8595588235294118 0.017346938775510204 0.03676470588235294
4 0.3270408163265306 0.4073529411764706 0.0163265306122449 0.03823529411764706
0 0.48316326530612247 0.16470588235294117 0.0163265306122449 0.03529411764705882
2 0.5005102040816326 0.2411764705882353 0.0163265306122449 0.03676470588235294
6 0.5352040816326531 0.38823529411764707 0.017346938775510204 0.03676470588235294