0 0.4785801838610827 0.2780713128038898 0.03722165474974469 0.11228525121555911
0 0.4332788559754852 0.11017828200972447 0.03415730337078646 0.12123176661264179
0 0.6119509703779367 0.16173419773095624 0.03509703779366691 0.1172609400324149
0 0.5247191011235955 0.6475688816855754 0.039642492339121496 0.13170178282009723
0 0.8157303370786517 0.40116693679092386 0.03942798774259439 0.13319286871961103
0 0.34212461695607765 0.46617504051863856 0.06017364657814093 0.1384602917341978
0 0.32768130745658836 0.21282009724473258 0.04289070480081717 0.0891896272285251
4 0.24537282941777327 0.2240680713128039 0.04777323799795711 0.07970826580226906
4 0.29923391215526046 0.9059967585089141 0.06592441266598566 0.14142625607779577
0 0.7074361593462718 0.8641815235008105 0.044504596527068375 0.14870340356564019
0 0.33633299284984675 0.2915883306320908 0.06265577119509708 0.07680713128038896
0 0.33919305413687434 0.36034035656401947 0.05797752808988763 0.08664505672609397
0 0.4473135852911134 0.41306320907617505 0.03328907048008175 0.1242949756888169
1 0.28255362614913176 0.3469529983792545 0.05273748723186925 0.07978930307941656
1 0.2501225740551583 0.2962398703403566 0.0381920326864147 0.06457050243111827
1 0.2461287027579163 0.2479254457050243 0.04228804902962207 0.0773743922204214
4 0.2486414708886619 0.6680064829821718 0.06598569969356483 0.16213938411669362
4 0.0765270684371808 0.4128363047001621 0.03550561797752808 0.11653160453808757
1 0.2443003064351379 0.42758508914100485 0.05192032686414707 0.11905996758508916
1 0.24286006128702756 0.3674068071312804 0.051664964249233926 0.1283306320907617
2 0.09889683350357507 0.3245380875202593 0.03494382022471911 0.14769854132901133
4 0.23915219611848826 0.5291572123176661 0.05975485188968335 0.11364667747163697