0 0.9254114583333333 0.23897126969416127 0.03331770833333323 0.12864689527340128
0 0.5146354166666667 0.48188137164040784 0.057869791666666615 0.10178869323447635
4 0.13685937499999998 0.7522150139017609 0.06570833333333331 0.14202965708989806
4 0.13865104166666667 0.48973123262279883 0.041921875000000004 0.13686746987951814
0 0.5389427083333334 0.5793975903614458 0.04080208333333335 0.13067655236329936
0 0.38028125 0.7974698795180724 0.05065624999999999 0.163262279888786
1 0.3520520833333334 0.5362001853568118 0.04172916666666661 0.10918443002780347
0 0.8391302083333334 0.6277664504170528 0.034505208333333336 0.1791102873030584
3 0.16321354166666666 0.3082947173308619 0.029239583333333326 0.14810936051899906
0 0.5873281250000001 0.5177942539388323 0.03318229166666668 0.15372567191844294
0 0.4719375 0.6429008341056535 0.037453125000000045 0.17558850787766453
3 0.744609375 0.533466172381835 0.032447916666666764 0.19157553290083415
0 0.458203125 0.5304819277108433 0.04743229166666663 0.10241890639481
1 0.43101562499999996 0.43721964782205747 0.04395312500000005 0.11930491195551438
1 0.397046875 0.5064874884151993 0.04213541666666672 0.10645968489341978
4 0.14145312499999999 0.6339666357738647 0.059765625 0.12385542168674687
2 0.23084895833333335 0.45295644114921224 0.04592187499999998 0.1639110287303059
0 0.9550572916666666 0.48975903614457833 0.03233854166666674 0.17021316033364228
4 0.29626562500000003 0.4443651529193698 0.046671874999999946 0.11145505097312325
1 0.40451041666666665 0.471306765523633 0.046208333333333344 0.07873030583873956
1 0.3041145833333333 0.5592956441149213 0.04808854166666663 0.1217516218721037
4 0.6495208333333333 0.20105653382761815 0.0551510416666666 0.11498609823911031
0 0.4178020833333333 0.575746061167748 0.04589583333333339 0.16275254865616323
0 0.413203125 0.5796663577386469 0.05795312499999999 0.09434661723818347
3 0.8645572916666667 0.0470064874884152 0.044338541666666724 0.0940129749768304