2 0.814640625 0.480375 0.037757812499999946 0.12743055555555555
4 0.8366093749999999 0.5534305555555556 0.04107031250000013 0.10344444444444446
4 0.7413828125 0.7395416666666667 0.057421875 0.12013888888888889
4 0.7115781250000001 0.31790277777777776 0.05452343749999997 0.09433333333333331
4 0.651546875 0.293125 0.04735937499999991 0.09231944444444448
4 0.6902890625 0.24566666666666667 0.04351562500000004 0.0984722222222222
1 0.714765625 0.5742222222222222 0.045164062499999956 0.09523611111111117
1 0.6909296875 0.5440277777777778 0.03962500000000002 0.08169444444444451
1 0.671125 0.5123194444444444 0.045546874999999966 0.07898611111111112
1 0.6831875000000001 0.46794444444444444 0.03759374999999991 0.06015277777777786
1 0.6891015625 0.4205 0.04010937499999993 0.07933333333333334
0 0.6402187500000001 0.648875 0.05757031250000004 0.08548611111111105
0 0.6234609375 0.570861111111111 0.04815625000000008 0.09741666666666665
0 0.608875 0.4996805555555555 0.05500000000000007 0.08330555555555558
0 0.5940859374999999 0.3982777777777778 0.055367187500000095 0.07898611111111112
0 0.5861953125 0.32493055555555556 0.03507812500000007 0.1002361111111111
0 0.48860937499999996 0.21019444444444446 0.027585937499999956 0.09977777777777776
0 0.498140625 0.4340138888888889 0.03428125000000008 0.10161111111111107
0 0.5202265625 0.5394722222222222 0.036484375000000034 0.11709722222222231
0 0.538 0.8294444444444445 0.03872656249999995 0.1260277777777778
0 0.2666015625 0.6667638888888889 0.02672656250000003 0.12433333333333339
0 0.18977343750000003 0.29956944444444444 0.030960937500000018 0.10316666666666663