2 0.28059375000000003 0.28338888888888886 0.02217968749999999 0.10361111111111107
4 0.2850390625 0.25255555555555553 0.029250000000000043 0.09572222222222225
4 0.29100000000000004 0.39793055555555557 0.035445312500000006 0.109375
4 0.22686718749999998 0.5714444444444444 0.04244531250000003 0.08066666666666672
4 0.4380078125 0.144625 0.040078124999999964 0.08366666666666668
1 0.340078125 0.36569444444444443 0.04050000000000002 0.09555555555555553
1 0.3460859375 0.3081111111111111 0.030257812500000016 0.05630555555555558
1 0.3762890625 0.32813888888888887 0.034804687499999966 0.08212499999999999
1 0.38253906249999997 0.2757777777777778 0.03832031249999997 0.04858333333333336
1 0.380953125 0.22586111111111112 0.04328125000000003 0.07370833333333332
4 0.188859375 0.7763611111111112 0.044140625 0.08937499999999987
0 0.249265625 0.8023333333333332 0.026945312500000006 0.11477777777777792
0 0.3103515625 0.5997222222222223 0.032500000000000015 0.10536111111111113
0 0.34484375 0.4506805555555556 0.051132812500000034 0.10468055555555557
0 0.37756249999999997 0.36540277777777774 0.04864843749999999 0.11051388888888893
0 0.41117968749999995 0.2993611111111111 0.053312500000000006 0.08806944444444448
0 0.4521484375 0.20373611111111112 0.05185937500000008 0.0770972222222222
0 0.49787499999999996 0.16304166666666667 0.02909375000000001 0.08791666666666664
0 0.45563281250000004 0.4594861111111111 0.03451562500000005 0.10244444444444444
0 0.51990625 0.3709861111111111 0.026765624999999994 0.10699999999999998
0 0.6084765625 0.32352777777777775 0.02578125 0.10143055555555552
0 0.8151640625000001 0.4865833333333333 0.028140624999999985 0.09520833333333327
3 0.1402109375 0.10318055555555557 0.028218750000000004 0.07462499999999998