4 0.07564062499999999 0.48659722222222224 0.037789062500000005 0.13152777777777785
4 0.24619531249999999 0.17458333333333334 0.05448437500000001 0.1213888888888889
4 0.313515625 0.5822361111111111 0.0462890625 0.12041666666666673
4 0.4090859375 0.7532361111111112 0.05782812499999999 0.13141666666666676
4 0.3984296875 0.8459444444444445 0.05623437500000002 0.14699999999999988
1 0.2769453125 0.37244444444444447 0.052359374999999986 0.08933333333333336
1 0.30674999999999997 0.41001388888888884 0.042750000000000024 0.07279166666666662
1 0.34059375 0.4486111111111111 0.044218750000000015 0.07463888888888891
1 0.32071875 0.4835138888888889 0.03987499999999997 0.05797222222222224
1 0.32810937500000004 0.49904166666666666 0.04064843749999998 0.05641666666666667
2 0.184375 0.4527638888888889 0.031242187500000008 0.14440277777777782
0 0.37509375 0.3253888888888889 0.0626953125 0.09244444444444445
0 0.34334375 0.15590277777777778 0.02887500000000003 0.1284861111111111
0 0.5082421874999999 0.3762777777777778 0.04148437499999993 0.08866666666666671
0 0.383890625 0.4255694444444445 0.053718749999999996 0.08168055555555563
0 0.411578125 0.5004027777777778 0.050273437499999976 0.08968055555555562
0 0.44053125 0.6003055555555556 0.05643750000000001 0.10318055555555551
0 0.5293515625 0.490125 0.04620312500000008 0.1330416666666666
0 0.6646015625 0.7085 0.035453125000000085 0.15033333333333335
0 0.715796875 0.8331944444444445 0.045656250000000044 0.1608194444444444
0 0.884828125 0.5267361111111111 0.04153124999999989 0.13958333333333334
0 0.6709921875 0.20419444444444446 0.029484375000000007 0.12506944444444446