2 0.7425546875 0.5637222222222222 0.05507031250000001 0.12256944444444444
4 0.7192421875 0.6485555555555556 0.02803906250000008 0.11954166666666674
4 0.540515625 0.7504305555555555 0.03950781249999995 0.13008333333333336
4 0.563171875 0.662 0.04107031249999995 0.09268055555555559
4 0.761125 0.3158611111111111 0.04248437500000009 0.11829166666666668
4 0.8185546875 0.16615277777777776 0.04592968749999997 0.10816666666666666
1 0.598765625 0.6278333333333334 0.04801562500000003 0.10941666666666663
1 0.6122109375 0.5887777777777778 0.03306249999999995 0.08824999999999995
1 0.6054062499999999 0.5424583333333334 0.04248437500000009 0.07769444444444436
1 0.6436484375 0.5139722222222223 0.04525781250000005 0.0981666666666666
1 0.6679140625 0.48676388888888894 0.0431640625 0.09766666666666658
0 0.3655625 0.6583749999999999 0.027531250000000007 0.12066666666666674
0 0.23090625 0.7098055555555555 0.028351562499999972 0.13472222222222213
0 0.40988281249999997 0.58175 0.027867187500000012 0.12281944444444454
0 0.4639296875 0.4627361111111111 0.03215625000000007 0.10126388888888885
0 0.5459921875 0.26440277777777776 0.028828125000000072 0.10143055555555552
0 0.3016875 0.4739583333333333 0.02728124999999997 0.1121944444444444
0 0.6239921875000001 0.15011111111111114 0.026875000000000072 0.09940277777777778
0 0.6198203125 0.42481944444444447 0.04507812500000004 0.07537499999999997
0 0.581046875 0.4820138888888889 0.05689843749999994 0.0683333333333334
0 0.5152578125 0.61675 0.05125781249999992 0.09023611111111116
0 0.483 0.7059305555555555 0.059578124999999996 0.10058333333333336
3 0.0904375 0.327375 0.027578124999999988 0.11313888888888886