2 0.255546875 0.43901388888888887 0.03983593750000001 0.12275
4 0.4096796875 0.6938472222222222 0.0494140625 0.12009722222222217
4 0.4188515625 0.9199027777777778 0.053312500000000006 0.11262499999999989
4 0.3762109375 0.5791666666666667 0.04217968750000001 0.1167638888888888
4 0.29948437499999997 0.2380833333333333 0.04096093749999996 0.09756944444444444
4 0.29182031249999996 0.13993055555555556 0.039328125000000026 0.09904166666666667
1 0.36071875000000003 0.5145 0.040328125000000006 0.10233333333333326
1 0.3680703125 0.46484722222222224 0.03409374999999999 0.06518055555555549
1 0.38149999999999995 0.44504166666666667 0.039023437499999994 0.08205555555555562
1 0.3471484375 0.4057777777777778 0.03885937500000001 0.09581944444444446
1 0.33102343749999996 0.3716666666666667 0.0435546875 0.08975000000000001
0 0.59946875 0.7017916666666667 0.02399218750000003 0.10961111111111105
0 0.5471484375 0.5629166666666667 0.027414062499999937 0.12191666666666663
0 0.4451328125 0.5570972222222222 0.049046874999999976 0.08013888888888895
0 0.4726796875 0.48066666666666663 0.04269531250000007 0.11187499999999993
0 0.41842968750000004 0.44762500000000005 0.040148437500000037 0.0759305555555555
0 0.41644531249999994 0.38522222222222224 0.05207031250000003 0.06790277777777776
0 0.41578906250000003 0.3104027777777778 0.026382812499999984 0.10097222222222224
0 0.3713046875 0.13616666666666669 0.024289062500000024 0.09716666666666668
0 0.5080390625 0.2472916666666667 0.031828125000000006 0.09151388888888887
0 0.6055390625 0.34055555555555556 0.03082812500000003 0.0915833333333333
0 0.73075 0.4592638888888889 0.0291015625 0.08412500000000007