2 0.7973828124999999 0.5385972222222223 0.034554687499999924 0.11956944444444449
4 0.689453125 0.21736111111111112 0.03984375 0.09861111111111111
4 0.6703125 0.2763888888888889 0.0453125 0.08888888888888889
4 0.7879296874999999 0.4907361111111111 0.044210937500000026 0.11161111111111113
4 0.8123437499999999 0.6381527777777778 0.03330468750000008 0.11019444444444448
4 0.694921875 0.7770833333333333 0.04765625 0.10972222222222222
1 0.688125 0.46655555555555556 0.04765625 0.08611111111111111
1 0.680859375 0.5081666666666667 0.037226562500000074 0.07284722222222229
1 0.655421875 0.5584583333333333 0.04375 0.07922222222222217
1 0.686203125 0.6429166666666666 0.04677343749999992 0.09806944444444446
1 0.678859375 0.586625 0.037406250000000085 0.05461111111111118
0 0.351125 0.16875 0.027304687500000036 0.1125
0 0.108203125 0.4395833333333333 0.02734375 0.12361111111111112
0 0.5660937500000001 0.8031111111111111 0.02788281250000004 0.12844444444444447
0 0.6120546874999999 0.7181805555555556 0.05401562500000008 0.08356944444444446
0 0.6086328125 0.5888888888888889 0.04992968750000006 0.07870833333333328
0 0.4788203125 0.7034166666666667 0.026531250000000027 0.12920833333333337
0 0.4713828125 0.5695694444444445 0.02497656250000002 0.12002777777777772
0 0.4927890625 0.49294444444444446 0.030742187499999928 0.10972222222222222
0 0.534140625 0.2921944444444444 0.022921874999999935 0.10405555555555558
0 0.606296875 0.42331944444444447 0.04933593750000007 0.07531944444444447
0 0.5977265625 0.48413888888888884 0.05245312500000008 0.07891666666666673