0 0.28684375 0.7438333333333332 0.037249999999999964 0.12376388888888883
0 0.454296875 0.8382499999999999 0.03203125 0.10704166666666658
0 0.5603828125 0.6742361111111111 0.02924218750000005 0.10680555555555553
0 0.5680390625 0.5884722222222222 0.04499218749999993 0.07140277777777773
0 0.5319375 0.4938055555555556 0.03925000000000001 0.07650000000000005
0 0.49386718749999997 0.4185 0.03883593750000003 0.0731111111111111
0 0.4595546875 0.3499027777777778 0.04807812499999997 0.05812500000000003
0 0.42000000000000004 0.42820833333333336 0.02875781249999996 0.09254166666666666
0 0.42670312499999996 0.5218194444444444 0.027843750000000077 0.11308333333333327
0 0.2160703125 0.40052777777777776 0.03660156250000002 0.0927222222222222
0 0.32649218750000003 0.2627083333333333 0.028273437499999953 0.09208333333333335
4 0.5109296875 0.2645 0.039054687500000004 0.07620833333333334
4 0.717671875 0.48375 0.0291015625 0.10361111111111114
4 0.6932968749999999 0.6883888888888888 0.05221093749999994 0.08787499999999998
4 0.7660625 0.7002222222222223 0.03992968749999992 0.10043055555555563
2 0.677828125 0.4209444444444444 0.0306640625 0.10854166666666663
3 0.827140625 0.1748472222222222 0.024585937499999842 0.09197222222222222
3 0.35546875 0.034722222222222224 0.025 0.06944444444444445
4 0.5355078125 0.36051388888888886 0.030382812500000078 0.06548611111111108
1 0.560046875 0.3755 0.031039062500000013 0.039888888888888925
1 0.5697656249999999 0.4086666666666667 0.029226562500000063 0.043777777777777756
1 0.562484375 0.4646527777777778 0.037460937500000034 0.06263888888888892
1 0.5985078125000001 0.4796666666666667 0.03104687500000001 0.05930555555555562
1 0.6251015625 0.5194722222222222 0.0435546875 0.07215277777777784