0 0.2690625 0.6660833333333334 0.03687500000000003 0.10440277777777772
0 0.35164062500000004 0.5113888888888889 0.03266406249999996 0.07277777777777775
0 0.24557812499999998 0.2299861111111111 0.028664062499999955 0.07106944444444446
0 0.5161015625 0.19420833333333334 0.01624218749999997 0.057875000000000024
0 0.5169374999999999 0.2554444444444444 0.01668749999999992 0.06688888888888893
0 0.5017734375 0.4113333333333334 0.026992187499999966 0.07545833333333339
0 0.5153125000000001 0.6964583333333333 0.03219531250000003 0.10124999999999997
0 0.6188828125 0.8217777777777777 0.03410937500000007 0.11023611111111127
0 0.7471484375 0.432375 0.026015624999999966 0.08420833333333333
0 0.8235078124999999 0.47481944444444446 0.021742187499999944 0.07741666666666668
0 0.7537421875 0.33802777777777776 0.02064843750000005 0.04826388888888889
4 0.44381250000000005 0.22112500000000002 0.02042968750000007 0.07558333333333335
4 0.5435390625000001 0.3190138888888889 0.01833593750000002 0.07413888888888888
4 0.5994296875 0.17233333333333334 0.019164062499999978 0.07243055555555557
4 0.4260390625 0.6521111111111111 0.025515625000000063 0.07090277777777772
4 0.6550234374999999 0.8539583333333334 0.026851562499999915 0.11875
2 0.8623593749999999 0.4251388888888889 0.0215937499999999 0.05305555555555562
1 0.7706875 0.44766666666666666 0.02728906250000005 0.08883333333333339
1 0.780375 0.3425694444444444 0.029507812499999987 0.07681944444444445
1 0.8070703124999999 0.33620833333333333 0.02039062499999993 0.08909722222222219
1 0.852390625 0.4655 0.029789062500000085 0.06433333333333341
3 0.7718828125 0.9781805555555555 0.01875781249999999 0.04247222222222212
1 0.7657499999999999 0.40227777777777773 0.01899999999999995 0.04345833333333328