2 0.684171875 0.586375 0.05641406250000003 0.12601388888888893
4 0.877890625 0.6287638888888889 0.046914062500000145 0.10566666666666673
4 0.8321171875 0.13743055555555558 0.03528124999999989 0.09938888888888892
4 0.7091484375 0.47568055555555555 0.03567968750000006 0.11875
4 0.583390625 0.7113472222222221 0.03757812499999993 0.12469444444444441
4 0.5966171874999999 0.6759583333333333 0.047890624999999964 0.12065277777777779
1 0.6798984375 0.48819444444444443 0.04165624999999995 0.11673611111111105
1 0.6545625 0.5238333333333334 0.05545312500000001 0.10523611111111109
1 0.62634375 0.5571388888888889 0.051843749999999925 0.09859722222222224
1 0.6266328125 0.6099583333333334 0.04347656250000007 0.13259722222222226
1 0.6051249999999999 0.6265277777777778 0.04522656250000008 0.11958333333333336
0 0.7686640625 0.13541666666666666 0.04229687500000008 0.10009722222222221
0 0.6374609375 0.4586527777777778 0.04766406249999999 0.08516666666666674
0 0.592703125 0.4257916666666667 0.03560937499999994 0.09722222222222222
0 0.5152890625000001 0.4885138888888889 0.04310156250000006 0.0998472222222222
0 0.4658828125 0.5530833333333334 0.048828125 0.11645833333333336
0 0.5862109375 0.5523472222222222 0.03524999999999991 0.09129166666666669
0 0.55996875 0.6045277777777778 0.053726562499999984 0.09837500000000006
0 0.5190546875 0.6654861111111111 0.049117187499999916 0.1018055555555555
0 0.47456250000000005 0.6955 0.037046875000000055 0.1283194444444445
0 0.3087734375 0.7350972222222222 0.035453124999999995 0.12333333333333327
0 0.2963515625 0.35736111111111113 0.03271875 0.12205555555555556