2 0.66496875 0.3705 0.04013281249999991 0.11852777777777782
4 0.8814296875000001 0.3643194444444445 0.05355468750000014 0.138
4 0.718671875 0.8104583333333333 0.04797656250000006 0.15699999999999995
4 0.600765625 0.18702777777777777 0.03827343750000001 0.075375
4 0.6167265625 0.2625277777777778 0.05152343750000003 0.11851388888888886
4 0.6000703125 0.27305555555555555 0.03688281250000003 0.04622222222222226
1 0.615828125 0.3059861111111111 0.05323437500000008 0.11208333333333335
1 0.5980390625 0.3272222222222222 0.030265625000000008 0.05109722222222225
1 0.6151953125 0.3843611111111111 0.02146093750000002 0.1135833333333333
1 0.617234375 0.41686111111111107 0.03410156250000007 0.099125
1 0.6659453125 0.4700833333333333 0.059507812500000055 0.12200000000000004
0 0.6283046875 0.5199722222222222 0.04366406250000008 0.1642916666666666
0 0.582234375 0.44766666666666666 0.056992187500000034 0.13595833333333332
0 0.5733515625 0.3910416666666667 0.06853906250000001 0.13463888888888884
0 0.5672578125000001 0.31406944444444446 0.058679687499999925 0.12398611111111109
0 0.5390859375 0.23829166666666665 0.046875 0.133875
0 0.3369375 0.1603888888888889 0.03751562499999998 0.12298611111111109
0 0.372296875 0.33013888888888887 0.03791406249999998 0.13768055555555556
0 0.3993671875 0.4411944444444445 0.045187500000000026 0.1468055555555556
0 0.33023437499999997 0.7966805555555556 0.042851562500000016 0.15880555555555545
0 0.20778124999999997 0.5702499999999999 0.043828125000000016 0.14288888888888887
0 0.145234375 0.2756388888888889 0.04076562500000001 0.12472222222222223