4 0.321390625 0.8420972222222222 0.04158593750000002 0.09252777777777763
4 0.4250625 0.42252777777777784 0.029929687499999958 0.0498472222222222
4 0.44203906249999997 0.2818611111111111 0.037796875000000084 0.07205555555555555
4 0.486046875 0.09809722222222221 0.03258593750000003 0.07398611111111113
4 0.2969765625 0.5352083333333334 0.0326171875 0.09540277777777785
3 0.1271953125 0.3107361111111111 0.023140625000000005 0.0701805555555556
1 0.4119296875 0.4544027777777778 0.030414062500000005 0.04491666666666671
1 0.4061875 0.4829444444444445 0.03137500000000002 0.06311111111111119
1 0.41714062500000004 0.5205972222222222 0.029781249999999915 0.07447222222222223
1 0.3903359375 0.5584444444444444 0.030671874999999994 0.05898611111111115
1 0.3774609375 0.5935694444444445 0.034601562499999974 0.07119444444444444
2 0.34797656250000003 0.486375 0.02435156249999997 0.10052777777777777
0 0.437109375 0.6439722222222223 0.04608593750000001 0.08426388888888883
0 0.3829765625 0.8581666666666666 0.03002343749999996 0.08855555555555554
0 0.44820312500000004 0.5925555555555555 0.04171093750000008 0.06288888888888886
0 0.4595234375 0.5031527777777778 0.04247656249999991 0.059069444444444404
0 0.47696875 0.4430694444444444 0.04137500000000003 0.05830555555555558
0 0.5463671875 0.3034444444444444 0.024460937499999957 0.08200000000000003
0 0.572078125 0.1228611111111111 0.017593749999999984 0.07906944444444446
0 0.5601796875 0.4736111111111111 0.01724218749999995 0.10001388888888887
0 0.54228125 0.5495555555555556 0.0251953125 0.08790277777777773
0 0.5273359375 0.5994305555555555 0.017210937499999978 0.09836111111111118
0 0.7681875 0.4290972222222222 0.022304687499999965 0.09736111111111115