2 0.19147656249999997 0.5440138888888889 0.02752343749999999 0.13455555555555554
4 0.171171875 0.6083611111111111 0.03523437500000002 0.11809722222222219
4 0.2400390625 0.714625 0.03332812499999997 0.14634722222222216
4 0.3006953125 0.7543888888888889 0.05172656250000003 0.1279722222222223
4 0.33230468750000003 0.34569444444444447 0.049742187499999965 0.10681944444444448
4 0.3325859375 0.20768055555555556 0.04379687500000005 0.10069444444444445
1 0.2834375 0.6402916666666667 0.04782031250000003 0.12591666666666662
1 0.3053203125 0.6074722222222222 0.044656249999999974 0.08993055555555556
1 0.327875 0.5721527777777777 0.04449218750000004 0.09274999999999996
1 0.312203125 0.5207777777777778 0.04103906249999998 0.07890277777777786
1 0.30640625 0.4775138888888889 0.041031249999999984 0.0813055555555555
0 0.39875 0.4533888888888889 0.05682812500000001 0.08774999999999993
0 0.380546875 0.5449583333333333 0.04759375000000001 0.09238888888888887
0 0.3884921875 0.632625 0.05403906250000001 0.09552777777777774
0 0.3725625 0.70025 0.045804687499999996 0.13205555555555562
0 0.49090625 0.6660138888888889 0.02614843750000002 0.1412777777777778
0 0.5193828125 0.8300138888888889 0.02875781249999996 0.14168055555555553
0 0.658390625 0.693625 0.04808593749999997 0.12722222222222226
0 0.5238046875 0.5714166666666667 0.028156249999999973 0.1305972222222222
0 0.50534375 0.34252777777777776 0.021953124999999928 0.11383333333333334
0 0.4100703125 0.2136527777777778 0.03458593749999998 0.10180555555555557
0 0.8177890624999999 0.34456944444444443 0.029031249999999887 0.12211111111111113