2 0.7971328125 0.5552222222222222 0.04739062500000006 0.1263194444444445
4 0.84315625 0.5103333333333333 0.036156250000000154 0.12929166666666672
4 0.6437421875 0.7347916666666666 0.05621093750000004 0.10430555555555551
4 0.5608906250000001 0.7741944444444444 0.06981249999999992 0.11825000000000013
4 0.76228125 0.3285416666666667 0.055984375000000065 0.10279166666666666
4 0.7673046875 0.404125 0.04306249999999991 0.12809722222222225
1 0.645109375 0.629625 0.03915624999999991 0.1271944444444445
1 0.6555 0.5599305555555555 0.03535937499999999 0.08219444444444438
1 0.659140625 0.510875 0.03286718749999995 0.07381944444444441
1 0.6999921875 0.4766944444444445 0.04162499999999998 0.12412500000000001
1 0.736890625 0.44050000000000006 0.05324218750000007 0.11540277777777783
0 0.5453515624999999 0.6737638888888889 0.06488281249999997 0.10772222222222215
0 0.5640703125 0.577388888888889 0.06577343750000005 0.10602777777777782
0 0.6290703125 0.424375 0.06252343749999997 0.09408333333333335
0 0.6697656249999999 0.3801111111111111 0.04346093750000009 0.0804305555555555
0 0.552234375 0.12816666666666668 0.02921875000000007 0.10958333333333337
0 0.519 0.3566944444444444 0.035039062499999926 0.1324166666666667
0 0.45083593750000006 0.27134722222222224 0.031546875000000085 0.11444444444444442
0 0.42475781250000005 0.4460138888888889 0.03653906249999998 0.11641666666666659
0 0.400515625 0.6435555555555555 0.031117187499999987 0.14013888888888892
0 0.29009375 0.7614027777777779 0.03328906250000001 0.1359166666666666
0 0.1501484375 0.5317083333333333 0.03155468749999999 0.13506944444444444