3 0.784765625 0.17430555555555555 0.01640625 0.059722222222222225
3 0.3137421875 0.15833333333333333 0.015273437499999964 0.05555555555555555
3 0.006796874999999999 0.3453333333333333 0.013492187500000002 0.0684444444444444
3 0.2546875 0.9833333333333333 0.0328125 0.03333333333333333
3 0.99453125 0.4847222222222222 0.0109375 0.07222222222222222
4 0.28203125 0.2184583333333333 0.0296875 0.05694444444444444
4 0.59040625 0.2574722222222222 0.020414062500000087 0.06097222222222219
4 0.619625 0.3456666666666667 0.021867187500000006 0.07269444444444449
4 0.62321875 0.602625 0.022531249999999937 0.07613888888888896
4 0.776984375 0.9087222222222222 0.023007812500000037 0.07477777777777767
0 0.7758359375 0.8434305555555556 0.025101562500000084 0.07851388888888886
0 0.7493046875 0.5322083333333333 0.023609375000000023 0.05887499999999998
0 0.59709375 0.6660833333333334 0.02578125 0.06944444444444445
0 0.6647968750000001 0.36941666666666667 0.023867187499999963 0.06295833333333335
0 0.4662578125 0.4606944444444444 0.019054687500000077 0.07415277777777776
0 0.4630859375 0.22494444444444445 0.027390624999999957 0.05543055555555559
0 0.40689843750000004 0.28675 0.021476562500000008 0.06456944444444446
0 0.2283125 0.40231944444444445 0.02421875 0.06944444444444445
0 0.2571640625 0.4184583333333334 0.02391406250000001 0.06502777777777785
1 0.13443750000000002 0.4638055555555555 0.0170390625 0.07741666666666668
1 0.180046875 0.4243333333333333 0.025179687500000013 0.08004166666666666
1 0.200921875 0.4195277777777778 0.017804687499999992 0.07777777777777778
1 0.20593750000000002 0.4261388888888889 0.026226562500000015 0.06479166666666664
1 0.24784375 0.4231388888888889 0.02252343750000003 0.07056944444444453
0 0.154015625 0.446125 0.018507812499999998 0.07277777777777775
2 0.14125000000000001 0.4444444444444444 0.01788281249999999 0.075
0 0.1723515625 0.4173611111111111 0.024171875 0.0684444444444444