4 0.23642968749999999 0.6296388888888889 0.03338281250000001 0.10372222222222215
4 0.358375 0.8359444444444445 0.044187499999999956 0.10799999999999998
4 0.356015625 0.6720833333333333 0.036406250000000015 0.07472222222222216
4 0.27447656249999997 0.31401388888888887 0.033859375000000025 0.08912500000000002
4 0.2726875 0.16051388888888887 0.03431249999999997 0.07656944444444444
1 0.3260546875 0.4804305555555556 0.033835937499999955 0.060875000000000054
1 0.3331484375 0.5266111111111111 0.032132812499999996 0.06990277777777784
1 0.352875 0.54975 0.03487499999999999 0.05783333333333331
1 0.33689843750000004 0.601125 0.03400781249999998 0.07445833333333335
1 0.33795312499999997 0.6333333333333333 0.029468750000000023 0.075
2 0.23739062500000002 0.5468888888888889 0.028351562499999972 0.0882222222222222
0 0.32290625 0.16655555555555557 0.02706249999999999 0.08033333333333334
0 0.38071875 0.4545138888888889 0.04581249999999999 0.06459722222222221
0 0.3870703125 0.5385694444444444 0.04617968750000001 0.05897222222222227
0 0.4003203125 0.6076388888888888 0.04936718750000004 0.06527777777777778
0 0.4179609375 0.6923888888888888 0.045320312499999994 0.07076388888888895
0 0.4454765625 0.8371666666666666 0.030929687499999935 0.09509722222222226
0 0.5173125 0.6020833333333333 0.029445312500000043 0.0875
0 0.48775 0.5129166666666667 0.02449218749999993 0.0797222222222222
0 0.4461015625 0.4040416666666667 0.02341406250000002 0.08913888888888882
0 0.454515625 0.2779861111111111 0.01996874999999996 0.0892916666666667
0 0.8092499999999999 0.4751944444444444 0.027874999999999962 0.09484722222222217