2 0.18805468749999998 0.5978888888888889 0.04451562499999999 0.11594444444444447
4 0.1453515625 0.6822222222222222 0.03728906250000001 0.11722222222222219
4 0.352921875 0.31822222222222224 0.04430468750000003 0.09920833333333338
4 0.40582031250000006 0.16497222222222221 0.04632812499999996 0.09238888888888887
4 0.251265625 0.7680138888888889 0.042062500000000023 0.08983333333333342
4 0.32571875 0.5086944444444444 0.04353906250000002 0.0680277777777778
1 0.3108984375 0.5529444444444445 0.042265625000000015 0.0674583333333334
1 0.29678125 0.5787777777777778 0.03634374999999999 0.06298611111111115
1 0.3080234375 0.6342083333333334 0.04054687499999998 0.09165277777777779
1 0.2713984375 0.6753888888888888 0.03705468749999996 0.08116666666666675
1 0.255609375 0.7051666666666667 0.03986718749999998 0.05355555555555548
0 0.30278125 0.8098472222222223 0.04489062500000003 0.12647222222222215
0 0.3289375 0.7431111111111111 0.05031249999999998 0.09531944444444451
0 0.349171875 0.6919583333333333 0.05453906250000005 0.09723611111111118
0 0.3699765625 0.6070972222222223 0.05030468749999999 0.09048611111111107
0 0.385234375 0.5602222222222223 0.045656250000000044 0.08201388888888883
0 0.4147421875 0.47502777777777777 0.04389843750000004 0.0992222222222223
0 0.446765625 0.3321388888888889 0.030148437499999937 0.1033611111111111
0 0.45991406250000005 0.6442361111111111 0.03192187499999992 0.11361111111111105
0 0.44475781249999996 0.8506250000000001 0.03145312499999999 0.12652777777777766
0 0.81446875 0.5435972222222222 0.031140625000000012 0.10751388888888884
0 0.580875 0.19412500000000002 0.02335937500000007 0.10777777777777775