0 0.1213359375 0.42447222222222225 0.02296093749999999 0.09616666666666668
0 0.2795625 0.753388888888889 0.028367187500000047 0.10401388888888895
0 0.5085 0.6725277777777778 0.04705468750000001 0.0728333333333334
0 0.489640625 0.6095833333333333 0.033210937499999996 0.07751388888888881
0 0.5321484375 0.5777222222222222 0.04351562500000004 0.058236111111111044
0 0.5545 0.5098611111111111 0.042570312500000006 0.055833333333333394
0 0.5706640625 0.44956944444444447 0.03836718749999992 0.05745833333333334
0 0.5531640624999999 0.3247083333333333 0.024914062500000077 0.09108333333333331
0 0.5895937499999999 0.20498611111111112 0.02706250000000008 0.0682916666666667
0 0.4964921875 0.41856944444444444 0.02888281250000002 0.09825000000000002
0 0.4661953125 0.5077499999999999 0.02614062500000003 0.08172222222222227
4 0.6421718750000001 0.40111111111111114 0.03277343750000004 0.08277777777777781
4 0.695546875 0.3173611111111111 0.03171874999999993 0.08472222222222223
4 0.706359375 0.21329166666666666 0.031468749999999976 0.07937499999999999
4 0.5457890625 0.7383888888888889 0.036890625000000024 0.11012499999999995
3 0.9635390625 0.8208749999999999 0.028640624999999885 0.09729166666666661
4 0.7155546875 0.506986111111111 0.02017187499999995 0.09731944444444436
2 0.7023046875000001 0.5634166666666667 0.038976562500000075 0.1018333333333334
1 0.5757421875000001 0.633638888888889 0.028046875000000072 0.08670833333333326
1 0.5839218749999999 0.5790555555555555 0.027218749999999937 0.04700000000000004
1 0.583015625 0.5414722222222222 0.02852343749999999 0.04406944444444447
1 0.6109843749999999 0.5323472222222223 0.03116406250000008 0.06309722222222215
1 0.62053125 0.48813888888888884 0.03169531249999995 0.06794444444444439
3 0.700375 0.06931944444444443 0.022632812500000023 0.0780277777777778