3 0.0203125 0.3277777777777778 0.0171875 0.11666666666666667
2 0.2163515625 0.4673611111111111 0.02139843749999999 0.12083333333333333
0 0.425 0.13472222222222222 0.028125 0.07777777777777778
0 0.750390625 0.36180555555555555 0.02265625 0.10416666666666667
0 0.8201015625 0.5878472222222222 0.033226562500000154 0.12255555555555557
0 0.479 0.6689861111111112 0.03046875 0.11805555555555564
0 0.485546875 0.41805555555555557 0.01796875 0.10833333333333334
0 0.445703125 0.29930555555555555 0.02734375 0.08472222222222223
0 0.4155703125 0.3651527777777778 0.04854687500000003 0.07626388888888884
0 0.409765625 0.4409722222222222 0.04921875 0.07083333333333333
0 0.4 0.53125 0.0453125 0.07083333333333333
0 0.38828125 0.60625 0.05 0.0763888888888889
0 0.36875 0.8041666666666667 0.0390625 0.10555555555555556
4 0.29175 0.8131944444444444 0.052437500000000005 0.10972222222222222
4 0.287109375 0.6284722222222222 0.02265625 0.11527777777777778
4 0.350640625 0.13777777777777778 0.03760937499999999 0.07547222222222223
4 0.3508046875 0.3059861111111111 0.038046875000000036 0.09329166666666669
4 0.226171875 0.4168472222222222 0.03046875 0.09462499999999999
1 0.33914062500000003 0.39966666666666667 0.034078125 0.07081944444444446
1 0.319921875 0.5486111111111112 0.03828125 0.08611111111111111
1 0.34283593749999997 0.43975000000000003 0.037710937499999986 0.05172222222222223
1 0.3515546875 0.48581944444444447 0.03903906250000002 0.09141666666666673
1 0.3349609375 0.517125 0.036687500000000026 0.07965277777777781