2 0.75028125 0.5487361111111111 0.04520312499999992 0.12127777777777785
4 0.7334921875 0.6380694444444445 0.032960937500000044 0.10662499999999997
4 0.608078125 0.6900972222222223 0.051171875 0.11926388888888897
4 0.7196640624999999 0.34706944444444443 0.04635156249999994 0.0949166666666667
4 0.6899609375 0.3025555555555556 0.04124999999999997 0.10022222222222225
4 0.7331953125 0.27493055555555557 0.04496874999999996 0.08951388888888888
1 0.6250625000000001 0.6211249999999999 0.037171874999999945 0.09991666666666658
1 0.6324375 0.5684583333333334 0.040382812500000045 0.061152777777777736
1 0.62453125 0.5259444444444444 0.03913281249999993 0.05781944444444444
1 0.653125 0.4908333333333333 0.04092187500000009 0.09133333333333332
1 0.6685234375 0.43773611111111116 0.041437499999999974 0.07312499999999997
0 0.62296875 0.3066666666666667 0.03228124999999995 0.09394444444444443
0 0.6058046874999999 0.39143055555555556 0.05442968750000006 0.08219444444444442
0 0.5806875 0.5079166666666667 0.05749218749999994 0.07981944444444448
0 0.5581171875 0.5917638888888889 0.05242187499999993 0.07711111111111109
0 0.54259375 0.6610277777777778 0.05348437500000003 0.07923611111111105
0 0.4705078125 0.7076666666666667 0.04474218749999999 0.11852777777777775
0 0.45355468749999994 0.4433333333333333 0.030257812500000016 0.10756944444444451
0 0.5116015625 0.39416666666666667 0.03284374999999997 0.10119444444444446
0 0.487875 0.17722222222222223 0.031601562500000034 0.09204166666666665
0 0.2414921875 0.5271111111111111 0.03439062499999999 0.11443055555555554
0 0.3404453125 0.2460138888888889 0.030203124999999977 0.09784722222222221