4 0.1716953125 0.6926666666666667 0.045679687499999976 0.11034722222222229
4 0.25480468749999996 0.5246666666666666 0.041953125000000036 0.08268055555555552
4 0.3974375 0.2840833333333333 0.03949999999999996 0.0737222222222222
4 0.195875 0.4010138888888889 0.030320312500000002 0.09926388888888893
0 0.4435703125 0.31193055555555554 0.038710937499999966 0.09052777777777779
0 0.41928124999999994 0.3697083333333333 0.02605468749999993 0.08106944444444444
0 0.38440625 0.4287222222222222 0.03756250000000003 0.08800000000000002
0 0.347171875 0.4706527777777778 0.024031249999999994 0.09406944444444447
0 0.3821171875 0.5511805555555556 0.03576562499999998 0.08848611111111117
0 0.49761718750000006 0.45590277777777777 0.04210156250000008 0.09236111111111112
0 0.5124921875 0.39531944444444445 0.03279687500000002 0.08787499999999998
0 0.5466328125000001 0.3373611111111111 0.02608593750000008 0.09972222222222224
0 0.690984375 0.2898472222222222 0.028843750000000057 0.08523611111111112
0 0.866 0.5195000000000001 0.027312500000000028 0.10566666666666673
1 0.299984375 0.43618055555555557 0.03596093749999998 0.09734722222222227
1 0.34492968749999997 0.4273472222222222 0.037382812500000015 0.08702777777777773
1 0.3752421875 0.35409722222222223 0.02921093749999999 0.05543055555555551
1 0.4146015625 0.30670833333333336 0.03171093749999998 0.05295833333333333
1 0.3962578125 0.32937500000000003 0.02064843749999996 0.03570833333333331
2 0.22737500000000002 0.3637916666666667 0.025062500000000033 0.11091666666666669
3 0.051054687499999994 0.22341666666666668 0.023992187500000005 0.12261111111111109
3 0.572453125 0.08001388888888888 0.029289062500000008 0.08997222222222222
3 0.07717968750000001 0.8753611111111111 0.031570312499999996 0.117375
0 0.23870312500000002 0.7040833333333333 0.03365625000000003 0.10815277777777778
1 0.3583125 0.3779861111111111 0.02400000000000002 0.02819444444444438