2 0.7440156250000001 0.4592777777777778 0.023671874999999964 0.10001388888888887
4 0.881046875 0.4853611111111111 0.05428125000000002 0.09849999999999995
4 0.732515625 0.47861111111111115 0.0509765625 0.08779166666666671
4 0.707625 0.2615 0.03242968749999999 0.08687500000000002
4 0.60375 0.8119861111111111 0.034062499999999926 0.1323194444444444
4 0.6941796874999999 0.33875 0.03991406249999994 0.09138888888888891
1 0.6825390625 0.5550277777777778 0.04632812499999996 0.07670833333333336
1 0.665359375 0.4885138888888889 0.026039062499999942 0.06591666666666672
1 0.671375 0.4657777777777778 0.039617187500000026 0.10100000000000003
1 0.668578125 0.42163888888888884 0.038718749999999955 0.08219444444444438
1 0.6865703125 0.39429166666666665 0.04815625000000008 0.11636111111111107
0 0.651109375 0.3133888888888889 0.04178125000000001 0.09899999999999996
0 0.6448750000000001 0.38331944444444443 0.027437499999999913 0.08605555555555557
0 0.6243046875 0.4660416666666667 0.042367187500000014 0.11513888888888886
0 0.63709375 0.5209861111111111 0.025742187500000034 0.10801388888888887
0 0.6413984375 0.57325 0.042210937499999976 0.1354027777777778
0 0.5440078125000001 0.8013194444444445 0.03229687499999993 0.10819444444444457
0 0.5118750000000001 0.4921111111111111 0.05124218749999994 0.0981111111111111
0 0.53796875 0.41984722222222226 0.04289843750000007 0.09802777777777784
0 0.5890546875 0.21391666666666667 0.03592187500000001 0.08895833333333335
0 0.46419531249999996 0.32926388888888886 0.03410937500000007 0.10574999999999998
0 0.088015625 0.5101527777777778 0.02708593750000001 0.12309722222222222