2 0.1722109375 0.47130555555555553 0.0328125 0.10502777777777779
4 0.1785859375 0.4254861111111111 0.02899218750000001 0.10097222222222228
4 0.2697109375 0.846375 0.036476562500000045 0.11677777777777767
4 0.28397656250000003 0.7110416666666667 0.04810937500000003 0.11363888888888896
4 0.3326015625 0.27811111111111114 0.03345312500000004 0.11443055555555554
4 0.31727343750000003 0.107875 0.03063281250000003 0.09773611111111112
0 0.487375 0.7978055555555555 0.03641406249999992 0.13056944444444443
0 0.538609375 0.6412361111111111 0.025460937499999937 0.11434722222222228
0 0.7112890625 0.43548611111111113 0.03725000000000005 0.10919444444444446
0 0.5074375 0.4994166666666666 0.032007812500000024 0.10037499999999998
0 0.5059609375 0.37543055555555555 0.028257812500000055 0.10627777777777775
0 0.51728125 0.18541666666666667 0.019015624999999935 0.11329166666666665
0 0.4346875 0.28347222222222224 0.027945312499999986 0.10369444444444448
0 0.392953125 0.3674305555555556 0.024359375000000006 0.11434722222222224
0 0.37596875 0.45361111111111113 0.029312499999999984 0.11658333333333341
0 0.368421875 0.5542222222222223 0.03771874999999998 0.09394444444444443
0 0.36046875 0.6229027777777778 0.04245312500000002 0.11926388888888889
1 0.2727734375 0.5747222222222222 0.05000781249999999 0.10850000000000001
1 0.29235937500000003 0.5235694444444445 0.04474218749999999 0.051111111111111045
1 0.313703125 0.46552777777777776 0.02415624999999997 0.10911111111111119
1 0.29293749999999996 0.37608333333333327 0.02796093749999997 0.10931944444444446
1 0.29071875 0.44597222222222227 0.03679687500000002 0.08423611111111108