0 0.341359375 0.18715277777777778 0.03133593750000001 0.14929166666666668
0 0.1272421875 0.3582222222222222 0.0314453125 0.14422222222222228
0 0.3881640625 0.5094166666666666 0.03304687499999996 0.15772222222222215
0 0.5371171875 0.8231944444444446 0.04451562500000002 0.17418055555555567
0 0.563171875 0.47590277777777773 0.04708593749999999 0.1490416666666666
0 0.5730859374999999 0.38783333333333336 0.06007812500000007 0.06455555555555557
0 0.5665 0.32195833333333335 0.04825781249999998 0.06615277777777777
0 0.5509999999999999 0.2708055555555555 0.04486718750000005 0.09437499999999999
0 0.5610859375 0.1759027777777778 0.03875781249999992 0.10456944444444448
0 0.43671875 0.26540277777777777 0.0328125 0.13915277777777776
0 0.45111718749999996 0.38281944444444443 0.03661718749999991 0.13436111111111113
1 0.6459374999999999 0.44925 0.04813281249999992 0.11238888888888883
1 0.6462421875000001 0.3823472222222222 0.05028906249999991 0.0424583333333334
1 0.621625 0.3591944444444444 0.043257812499999916 0.07118055555555555
1 0.6378671875 0.3129166666666667 0.03510937500000004 0.036944444444444474
1 0.6328984375 0.28331944444444446 0.042367187500000014 0.03330555555555558
1 0.6413203125 0.26140277777777776 0.04045312499999998 0.03948611111111112
4 0.6570390625 0.22856944444444444 0.04375781249999999 0.07102777777777776
4 0.7018359375000001 0.23661111111111113 0.04317968749999999 0.1037916666666667
4 0.9027109375 0.35423611111111114 0.035117187499999855 0.147375
4 0.674484375 0.8022638888888889 0.06459375000000005 0.16284722222222223
2 0.6628828125 0.3473611111111111 0.03827343750000001 0.06972222222222221