2 0.39082812499999997 0.5420416666666666 0.03932812499999998 0.08909722222222219
4 0.2820625 0.5900833333333334 0.03863281250000004 0.09461111111111112
4 0.462484375 0.6979861111111112 0.03423437499999995 0.10975000000000006
4 0.32878124999999997 0.3672083333333333 0.03353124999999997 0.07486111111111107
4 0.2711875 0.234625 0.034398437499999976 0.09234722222222223
1 0.36632031249999997 0.4532222222222222 0.038429687500000045 0.08615277777777774
1 0.40207031249999997 0.5100555555555556 0.037640625000000004 0.08158333333333334
1 0.434578125 0.5127777777777778 0.02770312500000003 0.07777777777777778
1 0.4361328125 0.5533194444444445 0.026335937500000028 0.07945833333333338
1 0.44621093749999996 0.5760694444444444 0.029367187499999937 0.08797222222222227
4 0.4634296875 0.6127777777777778 0.03130468749999995 0.08194444444444444
0 0.523484375 0.6601944444444444 0.045265625000000045 0.09666666666666669
0 0.701984375 0.6686805555555555 0.030171874999999914 0.09631944444444447
0 0.543921875 0.5274027777777778 0.03245312499999997 0.08326388888888896
0 0.506234375 0.6057361111111111 0.03662500000000009 0.06976388888888892
0 0.48667187500000003 0.5473055555555556 0.036992187499999926 0.0747916666666667
0 0.4643671875 0.5078055555555555 0.03811718749999997 0.07152777777777777
0 0.4470546875 0.4489722222222222 0.02427343749999995 0.06840277777777778
0 0.38786718750000004 0.4285 0.03580468749999999 0.06626388888888894
0 0.40229687500000005 0.35083333333333333 0.024132812500000034 0.07719444444444443
0 0.6187890625 0.3434027777777778 0.022718749999999944 0.09375
0 0.3157890625 0.22956944444444444 0.0236328125 0.08224999999999996
3 0.1628359375 0.9450972222222223 0.029179687500000016 0.10980555555555548
3 0.9669531250000001 0.3178472222222222 0.017734374999999858 0.10650000000000001
3 0.21065625 0.07320833333333333 0.02421875 0.074375