3 0.9777109375 0.1118888888888889 0.029078124999999844 0.11354166666666667
3 0.11978906250000002 0.4422083333333333 0.029765625000000018 0.11159722222222225
2 0.7331484374999999 0.35918055555555556 0.026492187500000063 0.11783333333333337
4 0.75525 0.4016388888888889 0.0263671875 0.10799999999999998
4 0.6832890625 0.2921666666666667 0.02357812500000005 0.08222222222222221
4 0.5928984374999999 0.24634722222222222 0.04468750000000003 0.0950277777777778
4 0.6558359375 0.2805972222222222 0.040156250000000074 0.099125
4 0.7476484375 0.8255694444444444 0.05425781250000004 0.11345833333333341
1 0.6631171874999999 0.44193055555555555 0.047531249999999935 0.07831944444444443
1 0.6439843749999999 0.418125 0.03892968749999994 0.07801388888888883
1 0.6164765625 0.39558333333333334 0.03864843750000002 0.07947222222222226
1 0.6214999999999999 0.34274999999999994 0.03585156250000008 0.04997222222222221
1 0.627453125 0.32240277777777776 0.04020312500000003 0.06916666666666664
0 0.5358359375 0.24290277777777775 0.04171093750000008 0.09230555555555553
0 0.546640625 0.3104166666666667 0.05294531249999999 0.07077777777777775
0 0.5680390625 0.38215277777777773 0.05014062500000005 0.07038888888888886
0 0.5816015625000001 0.44558333333333333 0.05061718749999997 0.07116666666666668
0 0.5935390625 0.49926388888888895 0.053390624999999935 0.07613888888888896
0 0.5035859375 0.4546805555555556 0.029570312499999928 0.10375000000000006
0 0.48464843750000003 0.4123472222222222 0.03413281250000004 0.09440277777777782
0 0.48390625 0.32691666666666663 0.030375000000000086 0.09954166666666665
0 0.342140625 0.22679166666666667 0.026242187500000024 0.10255555555555554
0 0.6691796875 0.8371666666666666 0.037460937500000034 0.12363888888888887
0 0.1362265625 0.4876388888888889 0.023429687500000008 0.11559722222222225