2 0.805328125 0.536875 0.04731249999999996 0.12102777777777776
4 0.8099453125 0.6202638888888888 0.03947656250000007 0.11484722222222214
4 0.6415546875 0.7745 0.05300781249999993 0.10815277777777794
4 0.6160703125 0.724375 0.04367187500000007 0.11565277777777776
4 0.7965703125000001 0.2415972222222222 0.04830468750000003 0.09372222222222225
4 0.714578125 0.3993055555555556 0.05196874999999999 0.08549999999999992
1 0.7351015624999999 0.44005555555555553 0.04468750000000003 0.09751388888888894
1 0.6974218750000001 0.48712500000000003 0.03823437500000004 0.10388888888888882
1 0.67525 0.5114583333333333 0.03503124999999994 0.07576388888888883
1 0.6661640625 0.5531944444444444 0.037429687500000065 0.08244444444444446
1 0.6604375 0.6174305555555556 0.03832031249999997 0.12498611111111112
0 0.6734296875 0.3596388888888889 0.05707031249999996 0.07566666666666669
0 0.631484375 0.45349999999999996 0.06381250000000005 0.08418055555555558
0 0.5958593750000001 0.5475 0.04867187499999996 0.08568055555555547
0 0.57584375 0.6356527777777778 0.05990625000000005 0.09743055555555552
0 0.54221875 0.6878888888888889 0.039460937499999994 0.11413888888888898
0 0.4819453125 0.4788888888888889 0.030679687499999986 0.12399999999999996
0 0.54553125 0.391875 0.03618749999999995 0.11269444444444443
0 0.42503124999999997 0.3165 0.03960937500000004 0.11187499999999997
0 0.5451640624999999 0.14690277777777777 0.027671875000000058 0.09815277777777776
0 0.3207890625 0.7362222222222223 0.03235937499999997 0.12863888888888897
0 0.1687109375 0.46793055555555557 0.03414843749999998 0.10366666666666664