0 0.749703125 0.25206944444444446 0.0416015625 0.14025
0 0.9095078125 0.3866111111111111 0.03932031249999994 0.15098611111111113
0 0.7074609374999999 0.771611111111111 0.05867187499999993 0.1626666666666666
0 0.585671875 0.5213194444444444 0.03697656249999994 0.15930555555555562
0 0.611984375 0.35441666666666666 0.04165624999999995 0.1356111111111111
0 0.5303828125 0.34655555555555556 0.060765624999999976 0.12366666666666669
0 0.486703125 0.44798611111111114 0.05778125000000003 0.09875000000000003
0 0.4514296875 0.5132638888888889 0.047140624999999936 0.1095833333333333
0 0.4142265625 0.6025833333333334 0.05435937499999999 0.12538888888888886
0 0.38725 0.673 0.0723671875 0.14012499999999997
0 0.470078125 0.7924305555555555 0.04578906249999992 0.1623750000000001
4 0.258796875 0.6843611111111111 0.057398437500000024 0.11037500000000004
4 0.081703125 0.41909722222222223 0.04440625 0.13819444444444445
4 0.38270312500000003 0.30530555555555555 0.04553906249999997 0.12173611111111107
4 0.4586796875 0.2634444444444445 0.05452343749999997 0.15466666666666667
4 0.30078125 0.6435555555555555 0.046875 0.08988888888888892
1 0.330609375 0.5924722222222222 0.04503124999999999 0.09604166666666664
1 0.36038281250000004 0.5428472222222223 0.04486718749999996 0.10790277777777785
1 0.39634375 0.4908333333333333 0.04637500000000001 0.08722222222222216
1 0.3956875 0.43234722222222227 0.050820312499999964 0.05636111111111117
1 0.40928906249999997 0.40066666666666667 0.04196875000000002 0.08702777777777773
2 0.3532578125 0.4590416666666667 0.04035156249999998 0.07641666666666665