4 0.0871328125 0.3725277777777778 0.040625 0.1361111111111111
4 0.22618749999999999 0.1820277777777778 0.052312500000000026 0.14713888888888887
4 0.231640625 0.5020833333333333 0.06015625 0.14305555555555555
4 0.253125 0.8694444444444445 0.06875 0.14444444444444443
4 0.29021875 0.21722222222222223 0.04635156250000003 0.048680555555555574
1 0.29396093749999996 0.24130555555555558 0.04675000000000003 0.047749999999999994
1 0.27740624999999997 0.39079166666666665 0.052156249999999994 0.12430555555555556
1 0.2870390625 0.36130555555555555 0.050078125000000015 0.10365277777777777
1 0.31134375 0.32691666666666663 0.05535937500000001 0.12341666666666669
1 0.29196093749999996 0.28356944444444443 0.04988281250000002 0.08044444444444447
0 0.38276562499999994 0.16722222222222222 0.05348437499999999 0.10711111111111112
0 0.374578125 0.20954166666666668 0.04140625 0.09395833333333332
0 0.378046875 0.2921388888888889 0.06767187500000005 0.0955972222222222
0 0.37975 0.38058333333333333 0.07317968749999997 0.0930277777777778
0 0.37620312499999997 0.45029166666666665 0.05798437499999998 0.1342916666666666
0 0.3671875 0.8722222222222222 0.04375 0.16111111111111112
0 0.48001562499999995 0.47727777777777775 0.03984375 0.15454166666666663
0 0.545546875 0.3673472222222222 0.03829687499999999 0.14301388888888894
0 0.544015625 0.29545833333333327 0.03759374999999991 0.1409583333333333
0 0.482609375 0.2787777777777778 0.04760156250000005 0.15286111111111111
0 0.914453125 0.4152777777777778 0.03671875 0.1527777777777778
2 0.126203125 0.3047361111111111 0.051203125000000016 0.15113888888888888