2 0.40239062499999995 0.5372777777777777 0.034710937500000004 0.11108333333333335
4 0.3266875 0.5671388888888889 0.032289062500000035 0.10024999999999994
4 0.240296875 0.5847916666666667 0.03253906249999998 0.11180555555555556
4 0.57125 0.8737638888888889 0.050429687499999966 0.12669444444444447
4 0.2338828125 0.15608333333333332 0.04835156249999999 0.09526388888888891
1 0.4470703125 0.6332638888888888 0.04437499999999996 0.0922777777777777
1 0.43269531250000004 0.5883333333333334 0.037867187500000024 0.08520833333333336
1 0.431203125 0.5293749999999999 0.03738281249999993 0.05783333333333331
1 0.40418750000000003 0.5115833333333333 0.03933593749999997 0.08397222222222227
1 0.3874453125 0.4772083333333333 0.03867187500000004 0.08516666666666674
4 0.369921875 0.4467222222222222 0.03842187499999996 0.08281944444444443
0 0.5226875 0.639375 0.05011718750000007 0.07725000000000001
0 0.4805703125 0.5499583333333333 0.04167968749999993 0.07431944444444444
0 0.4566796875 0.4819027777777778 0.048867187499999964 0.06369444444444447
0 0.43143750000000003 0.43690277777777775 0.03772656249999997 0.06936111111111103
0 0.5213125 0.4124305555555555 0.03116406250000008 0.0944722222222222
0 0.5681953125 0.47656944444444443 0.03292968750000007 0.0931527777777777
0 0.5748515624999999 0.5647083333333333 0.03592968750000001 0.0895972222222222
0 0.645515625 0.8630416666666666 0.03596874999999997 0.11825000000000013
0 0.7456953125 0.5954305555555556 0.031492187499999956 0.10868055555555556
0 0.6265390625 0.28238888888888886 0.022312499999999957 0.09776388888888887
0 0.32735156249999997 0.13469444444444442 0.027187499999999965 0.08679166666666666
3 0.010624999999999999 0.8649305555555555 0.021249999999999998 0.13679166666666667