3 0.9305312499999999 0.4590694444444444 0.030101562500000158 0.09806944444444446
3 0.70146875 0.4190694444444445 0.026382812499999984 0.0920138888888889
3 0.3347109375 0.35247222222222224 0.025 0.0759722222222222
2 0.6505468750000001 0.4438611111111111 0.02312499999999993 0.09212500000000005
4 0.62290625 0.43456944444444445 0.020773437499999936 0.08086111111111115
4 0.663546875 0.5048333333333334 0.040625 0.10406944444444453
4 0.77515625 0.5660555555555555 0.040664062499999966 0.09695833333333341
4 0.9425234375 0.6442222222222221 0.041304687499999916 0.10906944444444441
4 0.429015625 0.3893611111111111 0.026640624999999928 0.08211111111111112
1 0.5408671875 0.44508333333333333 0.02332031249999993 0.07938888888888884
1 0.5585625000000001 0.4524027777777778 0.026203124999999973 0.05358333333333339
1 0.57190625 0.4721388888888889 0.027820312499999923 0.06497222222222218
1 0.596515625 0.4727916666666667 0.026414062499999957 0.06794444444444439
1 0.6230625 0.4817083333333333 0.03582812499999992 0.08081944444444436
0 0.6359765625 0.6601250000000001 0.03856249999999992 0.11958333333333336
0 0.6466953125 0.6032916666666667 0.02546874999999993 0.11305555555555552
0 0.596828125 0.49463888888888885 0.026632812499999936 0.11311111111111119
0 0.5476796875 0.4910555555555556 0.03296875000000003 0.07416666666666663
0 0.514875 0.46544444444444444 0.02706250000000008 0.10216666666666659
0 0.49143749999999997 0.44269444444444445 0.03147656249999997 0.0935972222222222
0 0.457796875 0.4239305555555556 0.0234375 0.09897222222222221
0 0.4141875 0.5489166666666667 0.02927343750000002 0.09379166666666663
0 0.3598984375 0.44534722222222217 0.023039062500000006 0.0876527777777778
0 0.28938281250000003 0.396375 0.01958593750000004 0.07697222222222216
0 0.1085703125 0.4882638888888889 0.0171875 0.10843055555555563