0 0.571484375 0.13125 0.02109375 0.07916666666666666
0 0.555859375 0.2548611111111111 0.01953125 0.09861111111111111
0 0.56015625 0.37083333333333335 0.0328125 0.09722222222222222
0 0.7953125 0.3958333333333333 0.0203125 0.1
0 0.57734375 0.5270833333333333 0.0265625 0.09583333333333334
0 0.494140625 0.6965277777777777 0.02734375 0.10416666666666667
0 0.475390625 0.8270833333333333 0.02578125 0.11805555555555555
0 0.366015625 0.5375 0.03046875 0.10277777777777777
0 0.387890625 0.5 0.04453125 0.06111111111111111
0 0.428515625 0.39166666666666666 0.03515625 0.07222222222222222
0 0.441015625 0.34652777777777777 0.03359375 0.059722222222222225
2 0.241015625 0.39375 0.01953125 0.10416666666666667
4 0.469140625 0.11944444444444445 0.03515625 0.08611111111111111
4 0.41215624999999995 0.22731944444444444 0.03993749999999996 0.07719444444444443
4 0.273828125 0.6298611111111111 0.03828125 0.10972222222222222
4 0.173828125 0.8291666666666667 0.04140625 0.11944444444444445
4 0.380078125 0.3020833333333333 0.03359375 0.07361111111111111
1 0.36171875 0.3548611111111111 0.025 0.0375
1 0.359765625 0.3888888888888889 0.02734375 0.03333333333333333
1 0.3625 0.43125 0.034375 0.06527777777777778
1 0.33515625 0.45069444444444445 0.028125 0.05416666666666667
1 0.31296875 0.49330555555555555 0.04437499999999996 0.0782777777777778
3 0.040625 0.23125 0.03125 0.07361111111111111
3 0.5487265625 0.025694444444444443 0.022445312500000016 0.05138888888888889