2 0.813484375 0.32479166666666665 0.02839843749999993 0.07805555555555554
4 0.790125 0.2975 0.02310156249999995 0.07955555555555552
4 0.6609921875 0.23033333333333333 0.03268749999999994 0.0845277777777778
4 0.8188984375 0.4087222222222222 0.026023437499999958 0.09211111111111102
4 0.8644453125 0.5010416666666667 0.03787500000000001 0.09541666666666673
4 0.9356406249999999 0.6411944444444445 0.043906249999999855 0.10447222222222226
1 0.7854375000000001 0.3895138888888889 0.03834375000000003 0.07018055555555552
1 0.7552734375 0.3688055555555556 0.027749999999999986 0.06772222222222221
1 0.7254140625 0.35150000000000003 0.02788281250000004 0.06606944444444443
1 0.722578125 0.323875 0.031367187500000074 0.04251388888888891
1 0.714015625 0.29409722222222223 0.026039062499999942 0.053458333333333344
0 0.748546875 0.4509722222222222 0.037460937500000034 0.0640972222222222
0 0.6864296875 0.3611111111111111 0.03389843750000008 0.06424999999999999
0 0.6590703125 0.34755555555555556 0.022328124999999942 0.08906944444444444
0 0.6374609375 0.27220833333333333 0.033265624999999945 0.07409722222222226
0 0.5079140625 0.5759027777777778 0.02399218750000003 0.10570833333333335
0 0.6095625 0.7445416666666668 0.03408593750000009 0.10848611111111105
0 0.3789921875 0.4674027777777777 0.019492187500000036 0.0985555555555556
0 0.40116406250000003 0.23177777777777778 0.018640624999999966 0.080125
0 0.30225 0.3819166666666667 0.02405468749999997 0.09294444444444443
0 0.26153125 0.6745833333333333 0.02168749999999999 0.11159722222222225
3 0.5338828125 0.08705555555555554 0.020664062500000035 0.072
3 0.9293828124999999 0.17226388888888888 0.025242187499999957 0.07962499999999997
0 0.06542187499999999 0.3485972222222222 0.019367187499999994 0.09348611111111108
3 0.017390625 0.15072222222222223 0.021171875 0.08343055555555556