0 0.3751953125 0.6849583333333333 0.05116406250000001 0.1449305555555556
0 0.0939609375 0.43293055555555554 0.03551562500000001 0.12974999999999995
0 0.47238281249999997 0.34576388888888887 0.03960156250000004 0.1359722222222222
0 0.512734375 0.4123888888888889 0.03860156250000006 0.1275555555555556
0 0.5370859375 0.5362638888888889 0.036757812499999966 0.13920833333333335
0 0.57215625 0.29988888888888887 0.029132812499999973 0.11088888888888886
0 0.6207578125000001 0.3240416666666667 0.05222656249999993 0.10363888888888889
0 0.6412578124999999 0.39119444444444446 0.053414062499999915 0.09905555555555559
0 0.6607109375 0.4407083333333333 0.05266406250000007 0.11304166666666665
0 0.6736718749999999 0.5389722222222222 0.05984374999999993 0.10818055555555553
0 0.7187421875 0.5651111111111111 0.04063281249999999 0.10523611111111109
4 0.829703125 0.3899027777777778 0.02503124999999997 0.09647222222222224
4 0.738140625 0.6304444444444445 0.05596875000000008 0.09977777777777783
4 0.80115625 0.5465972222222223 0.035117187499999945 0.11820833333333335
1 0.7636171875 0.4996111111111112 0.041304687499999916 0.10200000000000008
1 0.720328125 0.45675000000000004 0.03128124999999997 0.12184722222222225
4 0.7050234375 0.30323611111111115 0.02253906249999993 0.03980555555555559
4 0.6179453125000001 0.2773611111111111 0.02495312500000004 0.06305555555555552
1 0.7181093749999999 0.354 0.029976562499999915 0.05799999999999999
2 0.8513437500000001 0.41318055555555555 0.04417968750000014 0.13747222222222225
3 0.505484375 0.04583333333333333 0.03747656250000002 0.09166666666666666
1 0.7188749999999999 0.40426388888888887 0.03150781249999994 0.055763888888888856
1 0.718359375 0.3724166666666667 0.028914062499999994 0.05594444444444441