0 0.528203125 0.18352777777777776 0.02672656250000003 0.09204166666666665
0 0.6679062499999999 0.33243055555555556 0.020179687499999942 0.10930555555555554
0 0.609359375 0.4313472222222222 0.027218749999999937 0.08701388888888886
0 0.577828125 0.5218055555555555 0.028726562499999986 0.10081944444444449
0 0.49734375000000003 0.6381944444444444 0.025632812499999956 0.10415277777777779
0 0.4662109375 0.7992916666666667 0.022265625 0.11530555555555554
0 0.45688281249999996 0.5050833333333333 0.046578124999999915 0.0768333333333334
0 0.48276562500000003 0.4631805555555556 0.056343749999999915 0.06806944444444443
0 0.4850625 0.3976527777777778 0.042007812499999984 0.06476388888888888
0 0.4943046875 0.31958333333333333 0.04174218750000005 0.06418055555555553
4 0.46589843750000004 0.17677777777777778 0.038507812499999974 0.08534722222222221
4 0.31037499999999996 0.43854166666666666 0.03237500000000004 0.09097222222222222
4 0.3457578125 0.4729027777777778 0.0350546875 0.1152638888888889
4 0.3421015625 0.6333194444444444 0.04391406250000003 0.08052777777777781
4 0.32160937500000003 0.7862083333333334 0.048968749999999964 0.10576388888888902
1 0.3934140625 0.47 0.0366171875 0.07611111111111105
1 0.4117578125 0.4338888888888889 0.03139843750000004 0.06740277777777774
1 0.43537499999999996 0.40938888888888886 0.03081250000000004 0.06601388888888884
1 0.42214843750000003 0.3671666666666667 0.035398437499999956 0.04266666666666671
1 0.42274218750000003 0.33743055555555557 0.034195312499999984 0.030402777777777758
2 0.3265 0.3787777777777778 0.020437499999999977 0.10200000000000004
3 0.0788828125 0.223875 0.03286718749999999 0.09115277777777778
3 0.5376953125 0.0375 0.026960937499999994 0.075
0 0.8697968749999999 0.5718194444444444 0.03178124999999987 0.11862499999999995