2 0.8272656250000001 0.504 0.04159374999999983 0.14504166666666676
4 0.8388671875 0.6155416666666667 0.04125000000000014 0.13305555555555548
4 0.6731953125000001 0.7527083333333334 0.048609375000000024 0.13850000000000004
4 0.711015625 0.3420416666666667 0.048171875000000065 0.12218055555555551
4 0.6785390625 0.3013333333333333 0.04299999999999997 0.12448611111111106
4 0.715765625 0.2453611111111111 0.04489843750000002 0.11112499999999999
1 0.6916328125 0.625 0.05650781249999994 0.11976388888888892
1 0.6881484375 0.5740833333333333 0.045906249999999996 0.10002777777777776
1 0.6635234375 0.5317361111111112 0.04466406250000006 0.0974444444444444
1 0.6859453125 0.4821666666666667 0.03336718750000003 0.10134722222222226
1 0.7083203124999999 0.43244444444444446 0.06179687499999993 0.1065555555555556
0 0.59809375 0.35659722222222223 0.05087499999999991 0.11587500000000005
0 0.6011953125 0.4629166666666667 0.06007031250000008 0.08538888888888892
0 0.60696875 0.5554305555555555 0.053054687500000065 0.0981666666666666
0 0.5799531250000001 0.6997222222222224 0.05775000000000006 0.1194583333333334
0 0.5450234375 0.5215694444444444 0.042906250000000055 0.12865277777777778
0 0.42859375 0.6214583333333333 0.02421093750000001 0.14327777777777773
0 0.5001484375 0.371125 0.024890624999999923 0.14330555555555552
0 0.45925000000000005 0.2642638888888889 0.023734375000000085 0.12763888888888894
0 0.3981015625 0.2129861111111111 0.025734374999999955 0.12005555555555555
0 0.263953125 0.33125 0.028156249999999973 0.13601388888888893
0 0.26275 0.7396111111111111 0.038718750000000045 0.1284166666666667