4 0.173734375 0.6777083333333334 0.0416015625 0.10819444444444441
4 0.3594609375 0.4853611111111111 0.040460937499999974 0.09295833333333327
4 0.3538515625 0.41120833333333334 0.03729687500000001 0.09463888888888887
4 0.5599375 0.19905555555555554 0.03169531249999995 0.07031944444444443
4 0.5130859375 0.237375 0.02852343749999999 0.0775138888888889
2 0.371859375 0.3130277777777778 0.02190624999999997 0.10106944444444442
1 0.41993749999999996 0.37070833333333336 0.042929687500000036 0.08031944444444446
1 0.4450546875 0.35220833333333335 0.020828125000000065 0.05719444444444445
1 0.4696328125 0.35475 0.027914062500000014 0.06505555555555552
1 0.47097656250000003 0.30772222222222223 0.029921874999999966 0.040458333333333325
1 0.47654687500000004 0.28604166666666664 0.029640625000000042 0.04430555555555552
3 0.16211718749999998 0.18691666666666668 0.025765625000000014 0.09005555555555554
3 0.676453125 0.09065277777777778 0.02477343750000003 0.07425000000000001
3 0.12315625 0.8068333333333333 0.025562500000000023 0.07755555555555545
0 0.464546875 0.6926527777777778 0.03377343750000002 0.12580555555555561
0 0.43078125 0.4657638888888889 0.020937499999999963 0.10654166666666672
0 0.46060156250000006 0.42251388888888886 0.03660937499999992 0.08275000000000006
0 0.49828124999999995 0.37755555555555553 0.033117187500000075 0.08379166666666668
0 0.5230937499999999 0.3423611111111111 0.02725781250000008 0.08748611111111113
0 0.5408906250000001 0.31122222222222223 0.03540624999999995 0.07477777777777775
0 0.5625546875 0.282875 0.03582812499999992 0.07037500000000002
0 0.5727265625 0.2520833333333333 0.01889062500000005 0.06806944444444443
0 0.6616171875 0.2137222222222222 0.0169921875 0.08299999999999999
0 0.7181328125 0.5352777777777777 0.028453125000000058 0.1094305555555555
0 0.833234375 0.34700000000000003 0.024156250000000056 0.0893472222222222