3 0.82421875 0.03680555555555556 0.0265625 0.07361111111111111
4 0.92421875 0.3840277777777778 0.034375 0.12916666666666668
4 0.737515625 0.4621527777777778 0.02659374999999997 0.1076388888888889
4 0.3480625 0.7781666666666667 0.05669531249999995 0.13131944444444438
4 0.5799531250000001 0.5783055555555555 0.04973437500000007 0.11773611111111108
2 0.80915625 0.4211111111111111 0.046039062499999964 0.1310972222222222
0 0.6699296875 0.5925277777777778 0.05545312500000001 0.12672222222222224
0 0.173453125 0.7775555555555556 0.0634296875 0.14398611111111112
0 0.154296875 0.475 0.03046875 0.11388888888888889
0 0.3987734375 0.3204166666666666 0.043851562499999996 0.1119861111111111
0 0.521875 0.24027777777777778 0.0390625 0.1
0 0.57271875 0.3693611111111111 0.03304687499999996 0.11649999999999999
0 0.533203125 0.438125 0.02734375 0.10659722222222222
0 0.56484375 0.5333333333333333 0.0296875 0.09722222222222222
0 0.6546640625 0.4406111111111111 0.03606250000000007 0.09893055555555558
1 0.5580468749999999 0.44356944444444446 0.04271093750000006 0.12294444444444443
1 0.6546093749999999 0.47130555555555553 0.03071874999999995 0.1361666666666666
1 0.6853671875 0.5505972222222222 0.03701562500000009 0.11231944444444444
1 0.6955390625 0.4980555555555556 0.04733593749999994 0.13223611111111117
1 0.70225 0.444875 0.04210156250000008 0.13797222222222227
1 0.682421875 0.4083333333333333 0.01640625 0.06388888888888888
0 0.66228125 0.4005 0.03332812500000006 0.06880555555555551
0 0.6991796875 0.4142222222222222 0.02410156249999993 0.09276388888888884