2 0.23196093750000002 0.39875000000000005 0.04035156249999998 0.10006944444444442
4 0.23833593749999998 0.4674166666666667 0.018867187499999983 0.09276388888888884
4 0.403515625 0.14722222222222223 0.03828125 0.1
4 0.3788828125 0.29433333333333334 0.02273437500000002 0.10286111111111111
4 0.3050234375 0.7951111111111111 0.036453124999999975 0.10694444444444444
4 0.2973125 0.5320277777777778 0.026953125 0.09611111111111117
1 0.3326796875 0.4691388888888888 0.04849218750000004 0.10469444444444444
1 0.323453125 0.4416527777777778 0.045906249999999996 0.10574999999999998
1 0.3516953125 0.3545138888888889 0.017406249999999977 0.1002083333333333
1 0.34294531250000004 0.38187499999999996 0.031117187500000032 0.09268055555555559
0 0.4190078125 0.3215277777777778 0.03125 0.10694444444444444
0 0.502734375 0.3451388888888889 0.02734375 0.11805555555555555
0 0.4734375 0.4962083333333333 0.03125 0.10277777777777777
0 0.3640625 0.38643055555555555 0.02645312500000001 0.08048611111111113
0 0.4911796875 0.6006666666666667 0.029460937500000027 0.10084722222222224
0 0.573859375 0.8021388888888888 0.027523437500000015 0.12072222222222233
0 0.7231015625 0.6082638888888888 0.02171093749999997 0.10431944444444446
0 0.691796875 0.3590277777777778 0.03046875 0.09861111111111111
0 0.67109375 0.18333333333333332 0.0265625 0.09444444444444444
0 0.35628906250000003 0.47005555555555556 0.022726562500000026 0.10241666666666668
0 0.3553046875 0.43133333333333335 0.030093749999999985 0.1006666666666667
1 0.332828125 0.4154305555555556 0.024039062499999986 0.09981944444444445