2 0.176484375 0.3094027777777778 0.04021875000000001 0.10808333333333332
4 0.2407265625 0.4312361111111111 0.03504687500000001 0.09097222222222222
4 0.3676640625 0.5156944444444445 0.05519531249999998 0.09324999999999999
4 0.32401562500000003 0.6685138888888887 0.03883593750000003 0.12181944444444441
4 0.3086484375 0.8341944444444445 0.03978124999999997 0.1489166666666667
4 0.3088515625 0.2309027777777778 0.029148437500000048 0.08524999999999999
1 0.326546875 0.2371111111111111 0.02963281249999996 0.060555555555555585
1 0.325640625 0.26216666666666666 0.02860156250000001 0.05322222222222221
1 0.3010390625 0.33063888888888887 0.04264062500000003 0.11423611111111111
1 0.32243750000000004 0.3389444444444445 0.037945312500000036 0.11373611111111114
1 0.3279375 0.3878194444444445 0.03364062499999996 0.128125
0 0.38409375 0.844125 0.03801562500000002 0.12545833333333323
0 0.38372656250000003 0.6686388888888888 0.03273437499999998 0.12011111111111106
0 0.4293828125 0.5037083333333333 0.04016406250000006 0.1046527777777778
0 0.5098984375 0.40119444444444446 0.04060156250000002 0.08572222222222226
0 0.52290625 0.2969583333333333 0.03215625000000007 0.09802777777777776
0 0.546015625 0.19570833333333332 0.03546093750000008 0.09434722222222224
0 0.336859375 0.16334722222222223 0.03392187499999997 0.08511111111111111
0 0.35415625 0.29393055555555553 0.047710937500000036 0.10583333333333332
0 0.3453125 0.3325138888888889 0.03499999999999996 0.09673611111111116
0 0.294671875 0.42923611111111115 0.04317968749999999 0.12100000000000001
0 0.8724999999999999 0.44843055555555555 0.029296875 0.11770833333333333