0 0.1489765625 0.36241666666666666 0.03485156250000001 0.09427777777777777
0 0.5433515625 0.30694444444444446 0.036734374999999986 0.11390277777777777
0 0.44895312499999995 0.7754166666666666 0.03803125000000005 0.12027777777777765
0 0.5874843750000001 0.5765138888888889 0.02971093749999998 0.11412499999999995
0 0.6252890625 0.4407638888888889 0.046296874999999994 0.1120833333333334
0 0.6203671875000001 0.38643055555555555 0.057703124999999925 0.07006944444444446
0 0.6211953125 0.3200694444444444 0.04667187500000001 0.0595833333333333
0 0.6261796875 0.2740972222222222 0.05232031250000002 0.06762499999999999
0 0.6124296874999999 0.2263888888888889 0.028257812500000055 0.10555555555555556
0 0.6395546875 0.18706944444444445 0.027132812500000013 0.09913888888888889
0 0.58040625 0.14504166666666668 0.028257812500000055 0.09286111111111113
4 0.6984375 0.15645833333333334 0.02742187499999993 0.10181944444444445
4 0.730890625 0.2124722222222222 0.03991406249999994 0.10272222222222219
4 0.8590703124999999 0.31875 0.027507812500000027 0.10140277777777776
4 0.7425234374999999 0.5635277777777777 0.04754687499999992 0.11318055555555556
4 0.7074765625 0.8087916666666667 0.05245312500000008 0.12315277777777787
1 0.6978984374999999 0.4089583333333333 0.042671874999999915 0.07902777777777775
1 0.692328125 0.347125 0.03309374999999992 0.041472222222222244
1 0.676296875 0.3223888888888889 0.03649218750000003 0.06700000000000002
1 0.70028125 0.2715972222222222 0.03166406249999998 0.040402777777777746
1 0.701546875 0.2391111111111111 0.035890625000000044 0.05322222222222221
2 0.7089296875 0.3205 0.027445312500000086 0.1006666666666667