0 0.14292968749999999 0.5319444444444444 0.03274218749999998 0.12222222222222222
0 0.247828125 0.27455555555555555 0.03333593749999997 0.10774999999999998
0 0.52625 0.6449722222222222 0.04060156250000002 0.10870833333333331
0 0.73678125 0.8803055555555557 0.04380468749999995 0.12777777777777777
0 0.589078125 0.5104166666666666 0.0328125 0.10972222222222222
0 0.6061953124999999 0.4333472222222222 0.05311718750000001 0.09549999999999999
0 0.5916328125 0.36415277777777777 0.061257812500000064 0.10584722222222223
0 0.5328125 0.26458333333333334 0.0546875 0.09583333333333334
0 0.4959375 0.218125 0.046554687499999935 0.10986111111111112
0 0.48224999999999996 0.16018055555555555 0.03096875000000008 0.10201388888888892
4 0.5431484375 0.14586111111111114 0.042617187499999966 0.10287500000000001
4 0.6957265625 0.4708888888888889 0.051773437499999984 0.11540277777777783
4 0.7648125 0.5797638888888889 0.05214062500000001 0.10238888888888893
4 0.902953125 0.8538194444444445 0.05610156249999996 0.1194166666666667
4 0.7109453125 0.22301388888888887 0.029281250000000016 0.10198611111111112
2 0.7353828124999999 0.2687361111111111 0.03732031249999999 0.1141388888888889
1 0.605734375 0.23275 0.04993750000000006 0.11330555555555553
1 0.667546875 0.35683333333333334 0.06203125000000007 0.10043055555555559
1 0.641109375 0.3363611111111111 0.033531250000000054 0.09834722222222227
1 0.6165468749999999 0.3022222222222222 0.037046875000000055 0.09938888888888889
1 0.611796875 0.24770833333333334 0.030093749999999985 0.04434722222222223
0 0.5082187499999999 0.20127777777777775 0.05505468750000002 0.09924999999999998