2 0.2738359375 0.35025 0.017960937500000006 0.09494444444444447
4 0.42971875 0.1776388888888889 0.03119531250000005 0.0802777777777778
4 0.28323437500000004 0.5494861111111111 0.039773437499999974 0.08506944444444445
4 0.3056875 0.45180555555555557 0.035507812500000034 0.07862500000000001
4 0.2239765625 0.7480694444444445 0.04422656250000001 0.09334722222222228
4 0.2871640625 0.3146805555555555 0.01629687500000001 0.07380555555555554
1 0.3751328125 0.313875 0.029429687499999968 0.030527777777777803
1 0.3705234375 0.3468333333333333 0.024585937500000023 0.04645833333333332
1 0.3399609375 0.4327361111111111 0.03303906249999997 0.05954166666666667
1 0.35440625 0.3933055555555556 0.028687500000000022 0.02550000000000002
1 0.37878124999999996 0.38459722222222226 0.02630468749999997 0.05841666666666671
3 0.4995859375 0.04811111111111111 0.025734375000000042 0.07322222222222222
3 0.96796875 0.08811111111111111 0.021875 0.07899999999999999
3 0.20274999999999999 0.9673611111111111 0.025812499999999995 0.06527777777777778
3 0.12137500000000001 0.17854166666666668 0.018195312500000015 0.09569444444444443
0 0.3852265625 0.47633333333333333 0.04232031249999997 0.058236111111111044
0 0.4076640625 0.43405555555555553 0.035632812499999965 0.05701388888888882
0 0.41156249999999994 0.37405555555555553 0.034062499999999975 0.059222222222222204
0 0.44211718749999995 0.30569444444444444 0.037351562499999956 0.06140277777777775
0 0.47540625 0.18245833333333333 0.02268749999999997 0.07881944444444444
0 0.50871875 0.3848472222222222 0.022132812499999942 0.08080555555555552
0 0.49296093750000003 0.44336111111111115 0.023421875000000016 0.08116666666666675
0 0.454109375 0.5574444444444444 0.019148437499999994 0.09544444444444448
0 0.45259375 0.7897638888888889 0.01925000000000008 0.10730555555555554
0 0.667671875 0.5474444444444445 0.018156250000000006 0.10323611111111117
0 0.7616484375 0.3363333333333333 0.018617187499999945 0.08933333333333332