2 0.208984375 0.3840277777777778 0.03046875 0.10138888888888889
4 0.2194375 0.383 0.04080468750000001 0.08820833333333332
4 0.36291406249999997 0.0968888888888889 0.03590625000000003 0.08566666666666668
4 0.320625 0.27643055555555557 0.03155468749999999 0.0925694444444445
4 0.34765625 0.8169861111111112 0.034375 0.11047222222222217
4 0.286796875 0.42109722222222223 0.02817968750000004 0.09977777777777783
0 0.3475859375 0.31569444444444444 0.034499999999999975 0.06355555555555555
0 0.382328125 0.10804166666666667 0.024406250000000008 0.09941666666666668
0 0.446875 0.27847222222222223 0.0234375 0.09305555555555556
0 0.4585390625 0.3784722222222222 0.027015624999999942 0.09063888888888888
0 0.44331250000000005 0.43670833333333337 0.04428125000000005 0.09243055555555549
0 0.37493750000000003 0.38472222222222224 0.02963281249999996 0.0928055555555555
0 0.354921875 0.5025416666666667 0.029890624999999994 0.10770833333333327
0 0.39800781250000006 0.8170972222222221 0.04062500000000004 0.08611111111111111
0 0.8301562499999999 0.46484722222222224 0.042640624999999946 0.09205555555555552
0 0.5050625 0.47656944444444443 0.02578125 0.10416666666666667
1 0.34346875 0.37523611111111116 0.04442187500000001 0.08098611111111115
1 0.31021875 0.4797083333333333 0.03515625 0.09305555555555556
1 0.30574218750000004 0.4391388888888889 0.02600781249999997 0.08662500000000001
1 0.3428125 0.3874722222222223 0.03844531250000003 0.08549999999999996
1 0.3477265625 0.39847222222222217 0.043359375 0.08859722222222222
0 0.3185703125 0.4634027777777777 0.02834374999999998 0.10215277777777772