2 0.6828359374999999 0.48688888888888887 0.03631250000000001 0.1060416666666667
4 0.7242890625 0.44254166666666667 0.03895312499999992 0.12681944444444437
4 0.8687734375 0.49068055555555556 0.03855468749999993 0.10699999999999996
4 0.6408437499999999 0.7090000000000001 0.05343750000000007 0.11854166666666661
4 0.704796875 0.34065277777777775 0.041999999999999996 0.076875
4 0.6856093750000001 0.3635833333333333 0.038000000000000075 0.05143055555555552
1 0.6545859375 0.5749583333333333 0.04506250000000005 0.09288888888888888
1 0.6576796875 0.530513888888889 0.03849218749999998 0.08987500000000005
1 0.6540703125 0.4813055555555556 0.0408203125 0.06954166666666674
1 0.675796875 0.433 0.038429687500000045 0.052750000000000026
1 0.67915625 0.40355555555555556 0.03942187500000003 0.05837499999999996
0 0.5683828125 0.7215972222222221 0.037531249999999974 0.10013888888888885
0 0.56365625 0.6290555555555556 0.03304687499999996 0.11038888888888891
0 0.5885390625 0.6111527777777778 0.04058593750000004 0.07626388888888884
0 0.585375 0.5443194444444445 0.04690624999999997 0.07163888888888895
0 0.6030078125 0.4580416666666667 0.04317187499999999 0.08245833333333334
0 0.6115390625 0.38968055555555553 0.04137500000000003 0.07415277777777776
0 0.625046875 0.29833333333333334 0.035374999999999976 0.09749999999999999
0 0.470765625 0.42113888888888895 0.03259375000000002 0.10541666666666663
0 0.5108046875000001 0.25375 0.028921874999999986 0.10340277777777776
0 0.3006484375 0.30843055555555554 0.027328125000000016 0.10811111111111116
0 0.20427343750000002 0.5346666666666666 0.026546875000000015 0.12763888888888886