2 0.5793515625000001 0.5179444444444444 0.025515625000000063 0.11098611111111106
4 0.6189765625 0.469375 0.022523437499999945 0.11158333333333338
4 0.5677187499999999 0.3439027777777778 0.02938281249999992 0.09131944444444444
4 0.4441484375 0.6492916666666667 0.02927343750000002 0.10108333333333329
4 0.4322109375 0.6138055555555556 0.019539062499999992 0.11069444444444451
4 0.4448203125 0.5744583333333334 0.02865625000000005 0.08315277777777778
1 0.5218515625 0.44175 0.03724218750000006 0.07091666666666675
1 0.50315625 0.47481944444444446 0.03504687499999992 0.07518055555555556
1 0.47192968750000003 0.4796111111111111 0.030601562500000058 0.04700000000000004
1 0.46949218750000005 0.5319444444444444 0.03435937500000001 0.0825694444444445
1 0.4585859375 0.5579583333333333 0.030539062499999936 0.08726388888888895
0 0.263046875 0.5945416666666666 0.021648437500000027 0.10993055555555552
0 0.3378828125 0.5750416666666667 0.024171875000000044 0.09669444444444444
0 0.335390625 0.5419166666666667 0.026203124999999973 0.10318055555555551
0 0.3833046875 0.5487777777777778 0.02907812500000002 0.10061111111111119
0 0.40478125 0.5058888888888889 0.024343750000000018 0.09552777777777774
0 0.3594921875 0.44572222222222224 0.022468749999999992 0.1003611111111111
0 0.362 0.4185277777777777 0.02788281250000004 0.1018888888888889
0 0.40843749999999995 0.4350972222222222 0.021828125000000042 0.08033333333333338
0 0.44689843749999997 0.43398611111111113 0.03870312499999997 0.07984722222222224
0 0.4652578125 0.38526388888888885 0.015265624999999972 0.1034027777777778
0 0.502375 0.30613888888888885 0.01978124999999995 0.09861111111111111
3 0.19521875 0.35738888888888887 0.01981250000000001 0.10002777777777776
3 0.7667109375 0.8124444444444445 0.034867187500000084 0.10286111111111104
3 0.963953125 0.5209166666666667 0.02538281249999983 0.1068194444444444
3 0.7460312499999999 0.03206944444444444 0.032289062499999945 0.06413888888888888