2 0.7439375 0.4081527777777778 0.020804687500000085 0.10433333333333333
4 0.757015625 0.4409861111111111 0.022203125000000056 0.10311111111111113
4 0.7060859374999999 0.613125 0.042289062500000085 0.09213888888888894
4 0.7192109375 0.8004166666666666 0.04375 0.10048611111111098
4 0.63346875 0.3192361111111111 0.02893749999999997 0.06958333333333336
4 0.624375 0.33444444444444443 0.030757812499999915 0.03837499999999999
1 0.6328125 0.3729444444444444 0.03229687499999993 0.07981944444444448
1 0.6334296875 0.4061111111111111 0.03219531250000003 0.06912499999999998
1 0.6215859375 0.4430694444444444 0.03149999999999995 0.07237500000000002
1 0.6422343749999999 0.469875 0.031218750000000028 0.07211111111111106
1 0.65971875 0.4949166666666666 0.03990624999999994 0.0771944444444445
0 0.585375 0.7592777777777777 0.024874999999999935 0.11444444444444449
0 0.59534375 0.5662916666666666 0.024148437500000064 0.1052222222222222
0 0.5896484375 0.4875833333333333 0.021749999999999936 0.09840277777777781
0 0.57421875 0.44393055555555555 0.03013281249999995 0.08201388888888883
0 0.5626328125 0.3820277777777778 0.034445312499999936 0.07554166666666665
0 0.5520390625 0.31233333333333335 0.02690625000000004 0.0882916666666667
0 0.5039374999999999 0.283375 0.02346093749999998 0.0845277777777778
0 0.5086640625000001 0.408 0.019820312499999916 0.10556944444444444
0 0.4315390625 0.5197222222222222 0.02248437499999998 0.0990694444444445
0 0.43058593749999996 0.4279166666666667 0.024406250000000008 0.08351388888888889
0 0.44243750000000004 0.3332777777777778 0.018093750000000065 0.09666666666666662
3 0.5271171875 0.029819444444444444 0.03372656250000006 0.05962500000000001
3 0.9412421875 0.21429166666666666 0.031468750000000156 0.09316666666666665
3 0.9925234375 0.5519444444444445 0.0149531249999999 0.09559722222222228