2 0.2871796875 0.40494444444444444 0.04793750000000001 0.10852777777777776
4 0.2812734375 0.34754166666666664 0.03219531250000003 0.09295833333333334
4 0.32242187499999997 0.5331250000000001 0.035507812500000034 0.10948611111111117
4 0.33853125 0.5936666666666667 0.041999999999999996 0.10088888888888888
4 0.2786328125 0.6753472222222222 0.04641406249999998 0.1001666666666666
4 0.4979453125 0.10284722222222221 0.03803906250000004 0.09188888888888888
1 0.4036328125 0.3641388888888889 0.035789062499999955 0.08116666666666662
1 0.40327343750000005 0.39225000000000004 0.03546093750000003 0.05929166666666658
1 0.4118984375 0.4446805555555556 0.03913281249999998 0.07954166666666664
1 0.3801640625 0.465625 0.031468749999999976 0.08890277777777776
1 0.3598515625 0.49869444444444444 0.04176562500000003 0.09647222222222228
0 0.41502343750000004 0.6172361111111111 0.028312500000000008 0.10202777777777783
0 0.4219609375 0.5703055555555555 0.048453124999999986 0.07418055555555551
0 0.54934375 0.7693611111111112 0.03232031249999991 0.11713888888888885
0 0.46048437499999995 0.475 0.053804687500000094 0.06997222222222221
0 0.46778906249999996 0.3872916666666667 0.05011718750000007 0.0742777777777778
0 0.49575781250000006 0.30562500000000004 0.03720312499999991 0.09997222222222225
0 0.548375 0.46502777777777776 0.02739843749999995 0.1073333333333333
0 0.5538125 0.5392638888888889 0.030429687500000035 0.11483333333333343
0 0.7164453125 0.363125 0.033242187499999964 0.10497222222222224
0 0.7678828125 0.668375 0.03240625000000001 0.10501388888888882
0 0.546359375 0.11363888888888887 0.027742187499999994 0.08775000000000001
3 0.033218750000000005 0.22829166666666667 0.021515625000000003 0.10774999999999998