4 0.2432109375 0.3460416666666667 0.03077343749999999 0.10319444444444446
4 0.290140625 0.6324305555555556 0.027531250000000007 0.1259722222222223
4 0.2001171875 0.7395694444444445 0.041953125000000015 0.151375
0 0.44847656249999995 0.8317777777777777 0.034445312499999936 0.1413472222222222
0 0.5974375000000001 0.6976388888888889 0.027695312500000034 0.13415277777777782
0 0.9158671875 0.501125 0.023929687500000085 0.1300277777777778
0 0.629796875 0.26004166666666667 0.026773437499999986 0.11174999999999997
0 0.531203125 0.32111111111111107 0.045210937499999916 0.08388888888888886
0 0.576921875 0.39290277777777777 0.022585937500000063 0.11080555555555552
0 0.544 0.4515416666666667 0.023937500000000077 0.14195833333333338
0 0.45596875 0.5237638888888889 0.024820312499999986 0.11975000000000004
0 0.4521171875 0.5095972222222223 0.047968750000000074 0.0830555555555555
0 0.47742968750000003 0.4280138888888889 0.04392187500000002 0.07825000000000004
0 0.5090859375 0.3525138888888889 0.04317968749999999 0.07725000000000001
3 0.1133515625 0.14197222222222222 0.023585937499999998 0.11606944444444443
4 0.3305859375 0.45056944444444447 0.026335937500000028 0.13725000000000007
1 0.38766406249999996 0.46102777777777776 0.03560937500000003 0.08318055555555554
1 0.40648437499999995 0.42990277777777774 0.032234374999999996 0.08201388888888883
1 0.44010156250000004 0.40111111111111114 0.03542968749999993 0.0716666666666667
1 0.43351562499999996 0.35220833333333335 0.03296875000000003 0.04052777777777779
1 0.4491484375 0.327375 0.03570312500000004 0.06309722222222224
4 0.4573125 0.2977638888888889 0.037148437499999964 0.06776388888888892
2 0.40992968750000003 0.3614305555555556 0.025460937499999982 0.08118055555555558
3 0.159375 0.9615833333333333 0.03436718750000001 0.07127777777777769