0 0.0624375 0.33555555555555555 0.039179687500000004 0.13501388888888885
0 0.44983593749999995 0.7915416666666666 0.04407812500000006 0.13029166666666658
0 0.5373828125 0.5524861111111111 0.04867187499999996 0.1438472222222223
0 0.577359375 0.5154861111111111 0.04841406250000002 0.08097222222222215
0 0.590765625 0.4603055555555556 0.05080468749999998 0.0758194444444445
0 0.6118203125 0.39043055555555556 0.05447656250000001 0.08084722222222224
0 0.64053125 0.3433055555555556 0.04644531250000004 0.07859722222222226
0 0.6520703125 0.2638888888888889 0.03178906250000004 0.08333333333333333
0 0.6703125 0.21491666666666667 0.029625000000000058 0.10761111111111113
0 0.5618828125 0.30951388888888887 0.03404687499999994 0.12180555555555554
0 0.5196171875 0.39720833333333333 0.040460937499999974 0.13886111111111113
2 0.689265625 0.45884722222222224 0.03322656249999998 0.1149027777777778
4 0.532734375 0.7969583333333332 0.05609374999999996 0.1494583333333332
4 0.885734375 0.48168055555555556 0.04802343749999984 0.13556944444444446
4 0.7573828125000001 0.2870833333333333 0.04757812500000007 0.08249999999999996
4 0.730359375 0.32080555555555557 0.04509375000000002 0.09162499999999996
4 0.7049609375 0.3415972222222222 0.04271875000000005 0.06933333333333332
1 0.6570625 0.5414861111111111 0.04382031249999994 0.1246388888888889
1 0.6643515625 0.49934722222222216 0.045882812500000016 0.10699999999999996
1 0.6505234375 0.43143055555555554 0.03697656249999994 0.04897222222222221
1 0.683640625 0.3994027777777778 0.039148437499999925 0.0404722222222222
1 0.6980390625 0.3714166666666667 0.042953125000000016 0.07615277777777779