0 0.2972109375 0.4159027777777778 0.030570312499999995 0.11791666666666664
0 0.34475 0.17691666666666667 0.02611718749999996 0.10662499999999997
0 0.49085156249999995 0.35631944444444447 0.02142968750000005 0.11543055555555558
0 0.40736718749999995 0.6557083333333333 0.039953125000000034 0.1141805555555556
0 0.5003437500000001 0.8544027777777777 0.028992187499999923 0.12823611111111102
0 0.56534375 0.619375 0.04118750000000002 0.13319444444444442
0 0.519734375 0.4563611111111111 0.026156250000000013 0.12661111111111106
0 0.583125 0.3148611111111111 0.030617187500000042 0.1158333333333333
0 0.6054296875 0.40648611111111116 0.03132812499999993 0.10186111111111115
0 0.620921875 0.5224166666666666 0.039406250000000045 0.11705555555555552
0 0.6697656249999999 0.6240277777777778 0.04328125000000007 0.12581944444444448
4 0.77175 0.7134444444444443 0.05131250000000005 0.11022222222222217
4 0.7675468750000001 0.5096111111111111 0.033531250000000054 0.11366666666666671
4 0.8901875 0.4068611111111111 0.024125000000000084 0.11927777777777777
4 0.60403125 0.1882638888888889 0.04399999999999995 0.0876388888888889
4 0.6446171875 0.30969444444444444 0.03142187500000002 0.08329166666666662
1 0.657765625 0.38966666666666666 0.03603124999999992 0.071875
1 0.6347578125 0.4041944444444444 0.022648437500000007 0.07783333333333328
1 0.6621171875 0.4740138888888889 0.03826562500000001 0.07630555555555547
1 0.6982109375000001 0.5175000000000001 0.03951562499999994 0.08123611111111112
1 0.7219453125 0.56175 0.04360937499999995 0.08205555555555562
2 0.694390625 0.43398611111111113 0.034093750000000075 0.07354166666666673