2 0.72953125 0.4133194444444444 0.02505468749999995 0.06929166666666665
4 0.8687343750000001 0.43086111111111114 0.028476562499999858 0.07877777777777782
4 0.7676640625 0.33156944444444447 0.02803906250000008 0.07625000000000001
4 0.7726171875000001 0.17041666666666666 0.03167968749999996 0.07701388888888891
4 0.6948359375 0.6307222222222222 0.035500000000000045 0.07522222222222218
4 0.63615625 0.8532638888888889 0.039070312499999996 0.08773611111111121
1 0.7115078125000001 0.4759861111111111 0.03333593750000006 0.0716111111111112
1 0.7069140625 0.4347777777777778 0.027937499999999994 0.045874999999999964
1 0.6998984375 0.39936111111111117 0.027453125000000078 0.04366666666666674
1 0.7157265625 0.37919444444444445 0.025906250000000065 0.0587361111111111
1 0.735828125 0.35290277777777773 0.026156250000000013 0.07359722222222219
0 0.5157734375 0.8442638888888889 0.022914062499999943 0.10222222222222209
0 0.5820546875 0.6037222222222223 0.02223437500000003 0.08824999999999995
0 0.648203125 0.5091111111111111 0.04482812500000009 0.07362499999999998
0 0.609609375 0.44575 0.025390625 0.07951388888888888
0 0.6593515625 0.4366111111111111 0.0306640625 0.05295833333333333
0 0.6678124999999999 0.37368055555555557 0.02742968749999992 0.06631944444444444
0 0.605109375 0.35025 0.02377343750000005 0.08530555555555554
0 0.6949140625 0.29841666666666666 0.023828125 0.06351388888888891
0 0.71609375 0.15863888888888888 0.020859375000000034 0.0728611111111111
0 0.383859375 0.21673611111111113 0.020500000000000008 0.08277777777777778
0 0.1027109375 0.4691527777777778 0.03031250000000001 0.09111111111111114
3 0.035734375 0.2957916666666667 0.024039062499999996 0.08762499999999997