0 0.1574375 0.4837916666666666 0.025820312500000008 0.10111111111111105
0 0.322265625 0.31875 0.02578125 0.10694444444444444
0 0.4123203125 0.11758333333333333 0.01755468750000002 0.08793055555555555
0 0.394140625 0.4028194444444444 0.03046875 0.10277777777777777
0 0.48203125 0.6326388888888889 0.0234375 0.11527777777777778
0 0.42109375 0.8673611111111111 0.028125 0.12083333333333333
0 0.5309765625 0.5866388888888889 0.036484375000000034 0.1149583333333333
0 0.5224375 0.5081111111111111 0.04731249999999996 0.07455555555555549
0 0.5071875 0.43177777777777776 0.029781249999999915 0.07516666666666667
0 0.48775 0.435375 0.025382812500000008 0.10277777777777777
0 0.49233593750000004 0.3591111111111111 0.033554687500000034 0.07247222222222219
4 0.545703125 0.11944444444444445 0.03046875 0.08333333333333333
4 0.5484375 0.26458333333333334 0.040625 0.09027777777777778
4 0.60290625 0.3355138888888889 0.025437499999999957 0.07419444444444442
4 0.6527109375 0.6968472222222223 0.04499218749999993 0.10297222222222228
4 0.659375 0.8819444444444444 0.04375 0.10277777777777777
2 0.699015625 0.438625 0.025882812500000085 0.10361111111111114
1 0.5795546875 0.38843055555555556 0.03128124999999997 0.07615277777777779
1 0.5743984375 0.43030555555555555 0.03253906250000007 0.05174999999999999
1 0.5682265625 0.47237500000000004 0.035273437500000074 0.07849999999999997
1 0.5926015625 0.5027083333333333 0.03667187500000004 0.0748472222222222
1 0.6078046875 0.538625 0.038148437499999945 0.09125000000000007
3 0.92421875 0.28055555555555556 0.0203125 0.09722222222222222