2 0.3651640625 0.5905972222222222 0.030742187500000018 0.10220833333333337
4 0.15525781249999998 0.6117222222222222 0.03789843749999999 0.13018055555555558
4 0.0773046875 0.65125 0.036453124999999996 0.10934722222222225
4 0.34940625000000003 0.19906944444444447 0.044601562500000025 0.11554166666666667
4 0.38525 0.801875 0.05319531249999998 0.1280000000000001
4 0.3588046875 0.7459861111111111 0.04124218749999997 0.10613888888888891
1 0.371578125 0.7013611111111111 0.042671875000000005 0.09020833333333339
1 0.37578125 0.6445000000000001 0.043257812500000006 0.04861111111111111
1 0.3919921875 0.6005 0.04230468750000003 0.0837083333333333
1 0.37405468750000004 0.5528472222222223 0.042210937499999976 0.04915277777777776
1 0.368609375 0.5164583333333334 0.04500781250000001 0.06905555555555559
0 0.43525 0.21063888888888888 0.03292968750000007 0.10337500000000001
0 0.4422890625 0.5054861111111111 0.057710937500000094 0.0871388888888889
0 0.4486484375 0.5932638888888888 0.042679687500000084 0.08783333333333335
0 0.45591406250000005 0.7459027777777777 0.04495312499999997 0.0950277777777778
0 0.4552890625 0.6689444444444445 0.04346875000000008 0.08287499999999995
0 0.558515625 0.6478055555555555 0.034914062500000044 0.12179166666666659
0 0.5810703125 0.7719861111111112 0.026960937499999994 0.12709722222222222
0 0.6332421874999999 0.8537777777777779 0.03153124999999992 0.12345833333333348
0 0.7794531250000001 0.5901805555555556 0.04424999999999999 0.1265972222222222
0 0.5644296875 0.5403333333333333 0.02840624999999992 0.12151388888888891
0 0.5397578125 0.5206666666666666 0.03560937499999994 0.08629166666666666