2 0.377421875 0.3821805555555556 0.030507812499999964 0.06887500000000005
4 0.3755 0.4452361111111111 0.027992187500000033 0.10401388888888886
4 0.31048437500000003 0.2534166666666667 0.036734374999999986 0.09266666666666662
4 0.22428906249999997 0.4357638888888889 0.027937499999999994 0.0975972222222222
4 0.46860937500000005 0.6076111111111111 0.04227343749999992 0.1034861111111111
4 0.6017812499999999 0.832361111111111 0.041257812499999956 0.11059722222222237
1 0.4140703125 0.4627777777777778 0.03605468750000003 0.07945833333333338
1 0.4062734375 0.4376527777777778 0.0328125 0.07209722222222217
1 0.4039453125 0.3922638888888889 0.03336718750000003 0.056624999999999974
1 0.3762890625 0.3714722222222222 0.03160937500000003 0.0715138888888889
1 0.35841406249999996 0.34258333333333335 0.03795312500000003 0.0608055555555556
0 0.36994531249999996 0.2421388888888889 0.026296874999999977 0.08162499999999998
0 0.38321875 0.2720972222222222 0.034601562499999974 0.07356944444444441
0 0.42097656250000004 0.34670833333333334 0.040124999999999925 0.06380555555555559
0 0.44586718750000004 0.38102777777777774 0.04107031249999995 0.06343055555555553
0 0.4604296875 0.42845833333333333 0.03431250000000006 0.05894444444444452
0 0.47824218749999997 0.4680277777777778 0.04405468750000008 0.06905555555555559
0 0.531703125 0.5181805555555555 0.04037500000000005 0.09823611111111114
0 0.5731328125 0.5915694444444445 0.028515625 0.0996388888888889
0 0.5588359374999999 0.4100416666666667 0.02581249999999997 0.09845833333333331
0 0.5254765625 0.3748611111111111 0.02909375000000001 0.09608333333333338
0 0.6624453124999999 0.8174305555555554 0.03576562499999998 0.09230555555555561
3 0.8030546875000001 0.34715277777777775 0.019484375000000043 0.09901388888888887
3 0.03940625 0.6251111111111111 0.027632812500000003 0.11470833333333338