4 0.33474561403508774 0.849838056680162 0.04725000000000001 0.11066801619433213
0 0.34862719298245615 0.3971862348178138 0.04823684210526317 0.0972334682860998
0 0.4354561403508772 0.8562753036437247 0.03642543859649121 0.11057354925775971
4 0.3950438596491228 0.5447165991902834 0.047907894736842115 0.09451417004048579
4 0.32571491228070176 0.6674696356275304 0.05201754385964908 0.11095141700404855
0 0.562969298245614 0.5389473684210526 0.03598245614035086 0.10094466936572194
0 0.2923377192982456 0.43128205128205127 0.04573245614035087 0.11241565452091762
0 0.5419912280701754 0.6750472334682861 0.03688157894736849 0.10047908232118764
0 0.28357894736842104 0.49413630229419697 0.040714912280701725 0.10365047233468294
4 0.32802631578947367 0.1748987854251012 0.04023245614035088 0.08526315789473685
1 0.2252719298245614 0.48458839406207826 0.04423245614035086 0.1004925775978408
1 0.19521491228070173 0.3246558704453441 0.03505701754385963 0.09157219973009449
0 0.8147543859649123 0.3015519568151147 0.030539473684210575 0.09317813765182184
4 0.15447807017543858 0.38775978407557354 0.030381578947368412 0.0926788124156545
0 0.22574122807017546 0.28570175438596496 0.026899122807017537 0.06481106612685557
1 0.2222719298245614 0.3515114709851552 0.039214912280701765 0.10481106612685559
1 0.24757894736842107 0.43198380566801625 0.030434210526315834 0.09267881241565445
2 0.12494298245614036 0.39559379217273954 0.04191666666666665 0.08889338731443995
0 0.3565833333333333 0.16975033738191633 0.02610526315789473 0.08076923076923079
0 0.25464912280701757 0.3350067476383266 0.0363333333333333 0.08770580296896087
1 0.25644736842105265 0.411336032388664 0.01903947368421056 0.08445344129554662
0 0.26732894736842105 0.3671727395411606 0.03587719298245612 0.051167341430499315