4 0.28280263157894736 0.8598448043184885 0.053583333333333365 0.11951417004048576
4 0.2725657894736842 0.16460863697705802 0.05072368421052636 0.09052631578947366
0 0.33622368421052634 0.2891902834008097 0.046030701754385984 0.07527665317139005
4 0.29342105263157897 0.5525033738191633 0.04824561403508772 0.09023616734143051
4 0.2548157894736842 0.6744534412955465 0.05774561403508775 0.11242240215924434
0 0.4227850877192983 0.8625168690958165 0.038583333333333344 0.11278002699055321
0 0.40391666666666665 0.429136302294197 0.03735087719298249 0.099412955465587
0 0.34528947368421053 0.35243589743589737 0.05110087719298245 0.06937246963562749
0 0.35376754385964915 0.48755735492577595 0.05760964912280698 0.07524966261808366
0 0.5405394736842105 0.6747031039136301 0.03880263157894728 0.10574224021592438
0 0.3429122807017544 0.4084547908232119 0.042320175438596494 0.08201079622132251
0 0.3910482456140351 0.3449055330634278 0.03896052631578944 0.08527665317138997
0 0.3515 0.16354925775978407 0.03263157894736846 0.09185560053981107
1 0.26993421052631583 0.37176788124156546 0.03428508771929828 0.07739541160593795
0 0.5683421052631579 0.5380904183535763 0.032999999999999904 0.11275978407557363
1 0.272030701754386 0.4761133603238867 0.043780701754385934 0.09160593792172739
0 0.7741359649122806 0.2876788124156545 0.028052631578947385 0.10453441295546556
2 0.15629385964912282 0.4017678812415654 0.03361842105263157 0.10809716599190286
1 0.26704824561403506 0.3346153846153846 0.036600877192982474 0.0673414304993252
4 0.14211842105263156 0.36454790823211874 0.03205263157894739 0.09871120107962211
1 0.28833333333333333 0.4007692307692308 0.042609649122807056 0.07354925775978408
1 0.2796929824561404 0.4511605937921727 0.040688596491228066 0.08094466936572202