0 0.47994298245614037 0.8475573549257759 0.042820175438596536 0.10253711201079625
0 0.8435394736842106 0.34527665317138995 0.035271929824561433 0.0924358974358974
4 0.4084385964912281 0.6012618083670715 0.033350877192982444 0.11483805668016198
0 0.5788026315789474 0.5508771929824561 0.03363596491228073 0.08765856950067481
4 0.5402368421052631 0.5353981106612686 0.0438815789473685 0.0963562753036437
4 0.43397368421052634 0.8793387314439947 0.03804385964912276 0.11168690958164641
1 0.10218421052631577 0.3635964912280702 0.0391359649122807 0.10748313090418352
4 0.3924956140350877 0.2321187584345479 0.04086842105263161 0.09190958164642378
0 0.5002543859649122 0.6088124156545209 0.03815350877192973 0.09342780026990556
1 0.06417982456140352 0.35226045883940615 0.03203070175438597 0.10112685560053977
0 0.4200394736842106 0.2206072874493927 0.021855263157894704 0.08747638326585694
4 0.09898684210526315 0.4519500674763832 0.030241228070175447 0.07966261808367067
0 0.1479736842105263 0.47198380566801623 0.02543859649122807 0.10707827260458844
1 0.13604824561403508 0.40752361673414306 0.030035087719298255 0.08654520917678812
0 0.18106140350877192 0.4307894736842105 0.032188596491228065 0.09616059379217273
0 0.07588157894736841 0.3373009446693657 0.02057456140350876 0.08022267206477736
3 0.24528947368421053 0.009642375168690957 0.025166666666666716 0.019257759784075575
0 0.10422368421052632 0.3212078272604588 0.023416666666666662 0.03877867746288801
1 0.1093859649122807 0.4822402159244264 0.04777631578947369 0.09834008097165993
1 0.15519298245614033 0.42033063427800266 0.025640350877192998 0.0727597840755735
0 0.11424561403508773 0.42522941970310396 0.019407894736842107 0.039973009446693665
2 0.040210526315789474 0.41189608636977054 0.041346491228070166 0.09822537112010792