0 0.3926932084309133 0.4687096774193548 0.06868071818891489 0.10203366058906031
0 0.36629195940671355 0.3818232819074334 0.06391100702576112 0.10621318373071531
0 0.5043793911007026 0.887741935483871 0.050124902419984414 0.179242636746143
0 0.24986729117876658 0.7516690042075737 0.04557377049180328 0.17861150070126222
4 0.672256049960968 0.8485974754558204 0.07198282591725218 0.1900140252454418
1 0.5130601092896175 0.4621879382889201 0.054207650273224085 0.13450210378681624
2 0.6510226385636222 0.3379663394109397 0.041007025761124104 0.18389901823281904
0 0.15957064793130366 0.204656381486676 0.0386729117876659 0.13859747545582046
4 0.4041451990632319 0.08503506311360448 0.05472287275565962 0.13068723702664797
0 0.30876658860265416 0.08112201963534363 0.03370023419203744 0.14423562412342217
1 0.47110850897736145 0.3450210378681627 0.04454332552693204 0.07541374474053293
0 0.36725214676034346 0.24990182328190744 0.05032786885245904 0.13180925666199161
4 0.4879234972677595 0.1879663394109397 0.05144418423106955 0.14690042075736326
3 0.04415300546448088 0.3864936886395512 0.03635441061670569 0.14559607293127633
1 0.4850507416081187 0.3050350631136045 0.05222482435597197 0.12215988779803649
3 0.9811319281811085 0.06172510518934081 0.03540202966432467 0.12345021037868162
0 0.3690632318501171 0.31396914446002805 0.049469164715066356 0.08575035063113602
4 0.5781733021077283 0.7201683029453015 0.06786885245901643 0.18210378681626924
0 0.44104605776736927 0.5495652173913043 0.04670569867291173 0.15631136044880792
1 0.4844886807181889 0.4359747545582048 0.04644808743169399 0.10950911640953723
1 0.45577673692427795 0.40061711079943896 0.05266198282591728 0.11865357643758769
4 0.6430757220921155 0.30262272089761577 0.04049180327868844 0.1206451612903226