4 0.26295833333333335 0.6248005908419498 0.0550666666666667 0.12344165435745928
4 0.11289999999999999 0.43192023633677995 0.03665833333333334 0.11742983751846381
0 0.38645 0.4725997045790251 0.047649999999999956 0.08899556868537666
0 0.47287500000000005 0.28682422451994094 0.03419999999999997 0.11496307237813883
0 0.4760583333333333 0.49971935007385526 0.033116666666666676 0.11657311669128502
0 0.6238583333333333 0.18952732644017725 0.027900000000000015 0.11942392909896604
0 0.6130166666666667 0.6825849335302807 0.041474999999999984 0.1265878877400296
0 0.473725 0.39967503692762185 0.029516666666666726 0.13305760709010342
1 0.29258333333333336 0.5129837518463811 0.045266666666666705 0.0885819793205318
0 0.3953833333333333 0.3352732644017725 0.05585833333333331 0.07587887740029543
1 0.331275 0.44737075332348597 0.040358333333333295 0.08774002954209746
4 0.32354166666666667 0.2553175775480059 0.03904166666666668 0.1013589364844904
0 0.9451250000000001 0.39082717872968975 0.03490833333333323 0.11610044313146237
4 0.2929083333333333 0.574903988183161 0.04129166666666663 0.11669128508124077
1 0.31621666666666665 0.3495125553914328 0.04087499999999996 0.06440177252584937
0 0.37777499999999997 0.402629246676514 0.054383333333333325 0.07841949778434273
0 0.3676083333333333 0.5681683899556869 0.04862500000000002 0.07590841949778432
0 0.3840166666666667 0.6106499261447563 0.031000000000000038 0.12478581979320534
1 0.304575 0.4711964549483013 0.039491666666666654 0.0627621861152142
4 0.29345 0.3195716395864106 0.03780833333333334 0.10394387001477105
2 0.303875 0.42322008862629246 0.03870000000000005 0.09592319054652884
1 0.3142666666666667 0.37078286558345647 0.040866666666666634 0.039276218611521384