0 0.3814937106918239 0.29305970149253735 0.05582809224318657 0.10672574626865669
0 0.5297798742138364 0.15971082089552238 0.030780922431865778 0.10594216417910447
0 0.37220649895178193 0.5745988805970149 0.0566981132075472 0.1150839552238805
0 0.4567872117400419 0.36502798507462686 0.0404874213836478 0.10188432835820899
4 0.4718134171907757 0.14872201492537315 0.04325995807127881 0.09833022388059699
4 0.12020964360587003 0.36274253731343287 0.03963836477987421 0.10581156716417917
0 0.414685534591195 0.7904291044776119 0.03978511530398327 0.131893656716418
0 0.3415356394129979 0.42447761194029854 0.05231132075471695 0.09371268656716421
0 0.4581551362683438 0.47435634328358206 0.03876834381551364 0.1192817164179104
0 0.7644706498951781 0.7340951492537314 0.03263102725366888 0.12327425373134338
0 0.31909853249475895 0.46868470149253727 0.053888888888888854 0.11027052238805968
0 0.26210691823899374 0.5575839552238806 0.05421383647798745 0.11842350746268661
1 0.27677672955974847 0.4625466417910448 0.03346436058700208 0.09896455223880594
2 0.26708071278825996 0.38140858208955225 0.031100628930817626 0.1051865671641791
4 0.15979035639412997 0.6257742537313433 0.04875786163522011 0.09180037313432843
1 0.29778825995807123 0.33814365671641794 0.030990566037735905 0.07265858208955223
1 0.3229769392033543 0.29296641791044775 0.032327044025157264 0.11550373134328361
4 0.21573899371069183 0.5909888059701492 0.041640461215932935 0.1209888059701493
1 0.30087002096436055 0.38680970149253735 0.02825471698113212 0.07811567164179105
4 0.21654088050314466 0.5330503731343283 0.037976939203354314 0.09988805970149246
0 0.2899056603773585 0.6321735074626866 0.03463312368972742 0.10972014925373125
3 0.029261006289308174 0.14124067164179105 0.03900943396226415 0.0900466417910448