1 0.5773385416666666 0.4972289156626506 0.038265624999999893 0.06951807228915662
0 0.4672864583333334 0.8753382761816497 0.030390624999999952 0.11814643188137165
0 0.534484375 0.5208341056533827 0.0510104166666667 0.07395736793327151
0 0.5365833333333333 0.5950046339202966 0.04025520833333331 0.07319740500463394
4 0.571734375 0.12346617238183503 0.03661979166666664 0.08110287303058386
2 0.694765625 0.4719740500463392 0.027505208333333305 0.0899443929564411
0 0.5262864583333333 0.3677386468952734 0.04102604166666666 0.06826691380908245
0 0.26340104166666667 0.27232622798887857 0.021005208333333324 0.09269694161260425
0 0.49686979166666667 0.23595922150139018 0.02553645833333332 0.08658943466172382
4 0.6518645833333333 0.8599073215940686 0.04873437500000009 0.11419833178869326
0 0.5189791666666667 0.12910101946246524 0.02776041666666664 0.08030583873957367
4 0.7179062500000001 0.5396292863762743 0.031927083333333425 0.09257645968489352
1 0.59975 0.562354031510658 0.0327395833333334 0.07582947173308613
0 0.5351458333333333 0.45260426320667285 0.0466458333333333 0.06939759036144573
0 0.4648645833333333 0.45961075069508806 0.027651041666666622 0.09445783132530117
3 0.9543072916666666 0.3308341056533828 0.029666666666666685 0.10572752548656167
0 0.23700000000000002 0.6425764596848934 0.029463541666666693 0.11746061167747916
4 0.6022447916666667 0.23375347544022243 0.034572916666666724 0.08396663577386466
1 0.5901822916666667 0.45817423540315105 0.03064583333333341 0.05602409638554221
3 0.9865625 0.5819184430027804 0.02687499999999995 0.10668211306765514
1 0.594359375 0.4237071362372567 0.031218750000000028 0.05177942539388323
1 0.5815833333333333 0.38050973123262277 0.03410416666666668 0.056190917516218714
1 0.6035833333333334 0.5263206672845226 0.03427083333333343 0.06228915662650606
0 0.4560416666666667 0.5366357738646895 0.023838541666666657 0.10141797961075076