4 0.646625 0.25761816496756257 0.05798958333333341 0.1287210379981464
1 0.621203125 0.44827618164967564 0.05930729166666661 0.11068582020389245
4 0.5948541666666666 0.2989156626506024 0.06320312499999996 0.1403521779425394
0 0.49328125 0.22849860982391104 0.035208333333333286 0.15621872103799817
4 0.5704843749999999 0.8357367933271548 0.06778645833333338 0.15042632066728448
0 0.2514427083333333 0.41209453197405005 0.0512083333333333 0.15393883225208524
0 0.47016145833333334 0.8484151992585728 0.03589583333333337 0.1792307692307691
0 0.30051041666666667 0.30764596848934195 0.04194270833333332 0.14881371640407787
0 0.4991979166666667 0.44594995366079704 0.05826041666666661 0.11529193697868395
0 0.5111302083333333 0.531955514365153 0.04640104166666662 0.11091751621872109
0 0.3788229166666667 0.45925857275254867 0.03307291666666667 0.16848934198331794
4 0.69359375 0.1892678405931418 0.056010416666666646 0.13656163113994435
0 0.481890625 0.7231510658016682 0.08019270833333335 0.09118628359592225
2 0.7291770833333333 0.5399907321594068 0.06336458333333325 0.15412418906394806
1 0.604609375 0.49762743280815575 0.05022916666666669 0.11162187210379987
0 0.5252083333333333 0.38861909175162185 0.05764583333333337 0.12394810009267841
0 0.4799114583333333 0.6661723818350324 0.08217708333333332 0.10223354958294713
1 0.5670677083333333 0.5471825764596848 0.05151041666666671 0.09484708063021309
4 0.7357552083333334 0.6282576459684893 0.04585416666666665 0.15777571825764597
1 0.6121822916666667 0.6509267840593143 0.058645833333333286 0.14279888785912875
0 0.47834374999999996 0.6202873030583873 0.06771875 0.19329008341056528
1 0.5940989583333334 0.5820574606116774 0.04810416666666673 0.11655236329935124