4 0.6804895833333333 0.777775718257646 0.04984895833333335 0.1074606116774792
1 0.6702343749999999 0.6570064874884152 0.03947916666666676 0.09009267840593145
1 0.6381927083333333 0.4724745134383689 0.03344791666666656 0.06156626506024092
0 0.495328125 0.3216496756255792 0.022286458333333314 0.09791473586654308
0 0.5865104166666666 0.6694995366079703 0.05133333333333331 0.08554216867469876
0 0.48553645833333337 0.43121408711770154 0.02670312499999999 0.10784986098239105
0 0.49639062500000003 0.5480166821130676 0.02993229166666668 0.11040778498609834
0 0.5546666666666666 0.44529193697868397 0.03870833333333342 0.10233549582947175
2 0.765671875 0.5544578313253012 0.026114583333333267 0.11018535681186292
4 0.62071875 0.27335495829471734 0.032874999999999946 0.09101019462465247
0 0.29847395833333334 0.6664040778498609 0.029234375000000055 0.11899907321594078
0 0.5027760416666667 0.18504170528266914 0.026197916666666644 0.0837442075996293
0 0.5344374999999999 0.6253938832252085 0.027713541666666685 0.12410565338276189
4 0.5817187500000001 0.16677479147358665 0.03619791666666667 0.09793327154772939
3 0.36403125000000003 0.5827432808155699 0.02390104166666672 0.10909175162187214
1 0.6301614583333334 0.5836700648748842 0.0380468750000001 0.08033364226135316
0 0.2766822916666667 0.38544949026876735 0.029088541666666648 0.10088044485634849
1 0.6485572916666666 0.5264504170528267 0.03742187499999995 0.07518999073215951
4 0.6014947916666666 0.33746061167747915 0.03730729166666672 0.09544949026876738
0 0.5728541666666668 0.7989712696941613 0.03142187499999996 0.11816496756255793
0 0.5836510416666666 0.5860982391102872 0.04488541666666658 0.06513438368860053
1 0.6628541666666667 0.6057182576459685 0.0300052083333334 0.06156626506024102
4 0.7626979166666668 0.4864318813716404 0.02321874999999996 0.07079703429101024