3 0.097484375 0.2167655236329935 0.025822916666666657 0.11212233549582949
3 0.985328125 0.04288229842446709 0.0276614583333334 0.08575532900834106
0 0.7974583333333333 0.18554216867469878 0.03138020833333333 0.09862835959221503
0 0.39098437500000005 0.29525486561631137 0.022812499999999975 0.11064874884151991
0 0.393171875 0.4744392956441149 0.03522395833333327 0.09505097312326233
0 0.6294427083333333 0.23410565338276182 0.024411458333333278 0.1029286376274328
1 0.5800260416666667 0.5268025949953661 0.03736458333333322 0.09612604263206675
0 0.18694270833333335 0.506663577386469 0.028781249999999994 0.10537534754402228
0 0.46195833333333336 0.5577479147358665 0.044151041666666654 0.07480074142724749
4 0.7195572916666666 0.5391288229842447 0.027505208333333305 0.1017052826691381
3 0.27899479166666663 0.4492956441149212 0.03149479166666668 0.11905468025949952
4 0.7160572916666667 0.33759962928637627 0.038270833333333344 0.11072289156626508
0 0.18955729166666666 0.8030213160333642 0.037880208333333346 0.11636700648748836
1 0.5271718750000001 0.5520574606116775 0.029880208333333335 0.08559777571825755
4 0.8662552083333334 0.2046987951807229 0.04011458333333332 0.11849860982391104
4 0.8190989583333333 0.2890361445783133 0.034916666666666644 0.10620945319740503
4 0.2603385416666667 0.8234847080630213 0.04931770833333336 0.12918443002780342
0 0.5887083333333333 0.4022428174235403 0.0311770833333334 0.10556997219647819
0 0.34809375000000004 0.5464504170528267 0.03565104166666669 0.10276181649675614
1 0.6063645833333333 0.4842539388322521 0.040755208333333334 0.09581093605189996
1 0.5185052083333334 0.5919091751621872 0.03443749999999994 0.10785912882298414
2 0.6513645833333332 0.5836237256719184 0.023635416666666725 0.14204819277108433
0 0.35410416666666666 0.652808155699722 0.05437500000000005 0.09228915662650596
0 0.5712916666666668 0.44509731232622796 0.040156249999999956 0.07462465245597774
1 0.475859375 0.6370157553290083 0.03786979166666669 0.1130583873957368