0 0.5496666666666666 0.14844300278035216 0.03273958333333334 0.10714550509731234
4 0.47983333333333333 0.1419555143651529 0.05322916666666669 0.11098239110287303
0 0.46101041666666664 0.5060240963855421 0.056218750000000026 0.08890639481000932
4 0.14967708333333332 0.4316589434661724 0.04075 0.12096385542168674
4 0.35619270833333333 0.5773957367933271 0.055546875000000044 0.11696941612604267
0 0.6140833333333333 0.4088507877664504 0.03355208333333337 0.12002780352177941
4 0.25652604166666665 0.7445319740500463 0.06263541666666667 0.1568489341983318
4 0.30111979166666664 0.6069601482854494 0.054578124999999984 0.13458758109360522
0 0.8742968750000001 0.6373586654309547 0.03372395833333333 0.1519925857275255
0 0.47960416666666666 0.45876737720111216 0.042119791666666725 0.09291010194624652
0 0.4474427083333333 0.5612048192771084 0.06015625 0.09585727525486568
0 0.5342864583333333 0.6137349397590361 0.03249479166666666 0.1380444856348471
0 0.49711458333333336 0.3761167747914736 0.05478125000000003 0.08868396663577381
1 0.4146197916666667 0.46379981464318815 0.04647916666666667 0.08982391102873027
0 0.607296875 0.5520759962928639 0.032015624999999895 0.14384615384615387
0 0.5686458333333333 0.7770620945319741 0.042546875000000026 0.16228915662650614
0 0.7835520833333334 0.34409638554216865 0.02908333333333341 0.13662650602409634
1 0.41232291666666665 0.3794068582020389 0.043921874999999964 0.05966635773864689
1 0.367 0.5167284522706209 0.04318229166666671 0.05910101946246523
1 0.3849270833333333 0.495885078776645 0.04127083333333334 0.08238183503243748
2 0.3705416666666667 0.4282761816496756 0.04363020833333332 0.08853568118628358
3 0.29713541666666665 0.9749768303985171 0.03697916666666667 0.05004633920296571
1 0.40484375 0.41771084337349396 0.034192708333333384 0.049814643188137164
2 0.383984375 0.42186283595922147 0.02585416666666672 0.07412418906394812