0 0.44693229166666665 0.3452734012974977 0.02982291666666666 0.09393883225208528
0 0.48234375 0.6879981464318814 0.03345833333333334 0.10088044485634838
0 0.4134322916666667 0.5568674698795181 0.05139062500000004 0.06514365152919366
0 0.37965625000000003 0.692548656163114 0.054703124999999984 0.07873030583873962
0 0.36553125000000003 0.7540871177015755 0.03276562500000004 0.0938646895273401
0 0.4352916666666667 0.4421964782205746 0.05633854166666671 0.06999073215940683
4 0.38286458333333334 0.3351065801668211 0.041067708333333286 0.09547729379054679
2 0.22721875 0.529545875810936 0.045713541666666656 0.12058387395736789
0 0.5226822916666667 0.2798609823911029 0.029145833333333353 0.09761816496756257
4 0.26615625 0.6744022242817423 0.04872395833333331 0.09227988878591283
0 0.42192708333333334 0.4842075996292864 0.03417708333333339 0.10047265987025025
0 0.4072135416666667 0.6130583873957368 0.04390104166666665 0.10412418906394802
4 0.37136458333333333 0.27251158480074145 0.0456666666666667 0.09658016682113069
1 0.31209895833333334 0.6240129749768304 0.03811458333333337 0.08817423540315115
0 0.7928541666666666 0.3895736793327155 0.02575000000000003 0.10506024096385544
4 0.29969270833333334 0.7181927710843373 0.04559895833333331 0.10364226135310466
0 0.8528749999999999 0.6666543095458759 0.02712499999999996 0.11929564411492125
1 0.3427447916666667 0.46542168674698803 0.04173437499999994 0.06954587581093608
1 0.3440364583333333 0.51483781278962 0.03384375000000001 0.058869323447636686
1 0.35724999999999996 0.5635681186283596 0.04140625 0.08333642261353111
1 0.33353125 0.5861167747914735 0.0351927083333333 0.07881371640407782
4 0.23608854166666668 0.4634569045412419 0.032411458333333344 0.102937905468026