0 0.224328125 0.2861631139944393 0.029421875000000004 0.1012882298424467
0 0.66553125 0.3502873030583874 0.052255208333333296 0.0693234476367006
4 0.7898072916666667 0.6057831325301205 0.04303645833333339 0.10235403151065807
0 0.664078125 0.21290083410565336 0.028328124999999933 0.09255792400370712
0 0.6736041666666667 0.45890639481000933 0.05224479166666664 0.07183503243744212
4 0.7514531249999999 0.28496756255792405 0.029994791666666742 0.09139017608897128
0 0.6699427083333334 0.2689341983317887 0.038828125000000095 0.09268767377201112
0 0.6593333333333333 0.4006580166821131 0.0449062499999999 0.07329935125115851
4 0.7544270833333333 0.5597034291010194 0.04129166666666677 0.09859128822984234
1 0.7539270833333334 0.45763670064874884 0.04464062500000002 0.09949026876737722
0 0.649875 0.6042354031510658 0.033510416666666744 0.10640407784986093
0 0.3078333333333333 0.5965708989805376 0.03206249999999997 0.11804448563484699
0 0.6803541666666667 0.5109916589434662 0.04162500000000004 0.10295644114921221
0 0.5716666666666667 0.8381278962001854 0.03322395833333332 0.12050046339202965
0 0.5356041666666667 0.4055885078776645 0.02993750000000001 0.09486561631139946
1 0.732640625 0.3516682113067655 0.03677083333333329 0.06565338276181652
1 0.7197604166666667 0.3949582947173309 0.03622395833333343 0.07996292863762741
4 0.7218125000000001 0.2260982391102873 0.03591666666666669 0.08692307692307694
4 0.8046927083333333 0.8259592215013902 0.047078124999999936 0.12541241890639476
1 0.7381354166666667 0.3243280815569972 0.03318229166666668 0.08197405004633924
1 0.743890625 0.42414272474513437 0.03691666666666672 0.0779332715477294
2 0.8410624999999999 0.3783781278962002 0.030484375000000105 0.10886932344763672