2 0.1884947916666667 0.49258572752548657 0.032963541666666644 0.11574606116774795
4 0.3890885416666666 0.2935681186283596 0.040625 0.09851714550509727
4 0.22578125 0.7956626506024096 0.05274479166666666 0.1030491195551437
0 0.36974479166666663 0.5626876737720111 0.04990104166666664 0.07708989805375353
1 0.3204166666666667 0.5470435588507877 0.03767708333333329 0.07534754402224278
4 0.1603645833333333 0.581890639481001 0.02790625000000002 0.10601482854494912
0 0.7033020833333333 0.35255792400370717 0.03259895833333341 0.10013901760889708
0 0.32030729166666666 0.6982761816496756 0.0308958333333333 0.12670991658943467
0 0.4729010416666667 0.6169416126042632 0.02744791666666669 0.11114921223354964
1 0.27082812500000003 0.626014828544949 0.0355833333333333 0.0872011121408711
0 0.3506458333333333 0.6240315106580168 0.05600520833333332 0.08417979610750688
0 0.30019270833333334 0.8218072289156627 0.029005208333333362 0.11481927710843383
0 0.3950885416666667 0.5018443002780352 0.03506249999999997 0.09441149212233545
0 0.6383072916666667 0.16887859128822985 0.02698437499999997 0.10246524559777571
0 0.5010989583333333 0.31863762743280816 0.02624479166666672 0.11282669138090826
0 0.6689114583333333 0.7225301204819278 0.026791666666666696 0.12400370713623722
0 0.507953125 0.5357367933271547 0.0253541666666667 0.11601482854494909
1 0.28774479166666667 0.582159406858202 0.036999999999999984 0.07432808155699726
4 0.20439583333333333 0.4536515291936979 0.026302083333333334 0.09011121408711772
1 0.322859375 0.49351251158480075 0.037416666666666626 0.04736793327154769
1 0.32601562500000003 0.4445041705282669 0.03527083333333335 0.05908248378127896
4 0.43482291666666667 0.07368860055607043 0.024708333333333363 0.09372567191844298