1 0.7837760416666666 0.3404911955514365 0.04260416666666676 0.11663577386468955
0 0.5033958333333334 0.5615848007414272 0.03335416666666665 0.1440963855421687
1 0.7500885416666667 0.3824652455977757 0.045609375000000084 0.09459684893419838
0 0.6479791666666667 0.13226135310472661 0.037104166666666556 0.12099165894346618
0 0.5863072916666667 0.4947451343836886 0.06088541666666671 0.127451343836886
4 0.5611927083333333 0.8021686746987952 0.05813541666666661 0.15338276181649677
4 0.8805989583333333 0.14743280815569973 0.05472395833333342 0.12547729379054678
4 0.86553125 0.4850787766450417 0.03671875 0.13501390176088976
0 0.43391145833333333 0.27491195551436515 0.030557291666666705 0.14625579240037068
0 0.48488020833333334 0.39887859128822983 0.0348020833333333 0.14147358665430954
1 0.7141145833333333 0.399805375347544 0.03945833333333345 0.05250231696014827
0 0.14039062500000002 0.4833178869323448 0.02966666666666667 0.15054680259499542
0 0.22158854166666667 0.7072381835032437 0.03169791666666667 0.1586561631139945
1 0.7078958333333334 0.4861538461538461 0.03955729166666657 0.11550509731232628
0 0.6645416666666667 0.3870064874884152 0.04886979166666663 0.08943466172381835
0 0.7088802083333333 0.3109360518999073 0.04564583333333327 0.106533827618165
4 0.6043541666666666 0.6358387395736794 0.05723958333333338 0.1303243744207601
3 0.9268593749999999 0.018915662650602405 0.02748958333333344 0.03782205746061168
1 0.7175885416666666 0.45704355885078773 0.042520833333333265 0.08835959221501388
0 0.7246145833333333 0.27969416126042634 0.03264583333333325 0.101436515291937
2 0.8798229166666667 0.4173401297497683 0.029380208333333258 0.14302131603336427
4 0.8634947916666668 0.3721037998146432 0.036166666666666694 0.10796107506950882
0 0.6328854166666668 0.462354031510658 0.055281249999999935 0.0878313253012048