1 0.2832395833333334 0.5668860055607043 0.04249999999999998 0.07841519925857265
0 0.2970520833333333 0.7432622798887859 0.055213541666666664 0.08583873957367923
0 0.4731197916666667 0.3434383688600556 0.03243749999999999 0.10276181649675625
0 0.43319270833333334 0.47741427247451346 0.03925520833333328 0.11970342910101948
0 0.41051562500000005 0.29620018535681186 0.031010416666666648 0.10425393883225209
4 0.2973489583333333 0.35057460611677477 0.0501927083333334 0.10469879518072292
0 0.36008333333333337 0.4906765523632994 0.06139062500000006 0.06958294717330861
0 0.36482291666666666 0.4327803521779426 0.052114583333333304 0.06821130676552366
4 0.226859375 0.6746431881371641 0.055776041666666686 0.11156626506024106
0 0.9156822916666666 0.5508804448563485 0.027588541666666563 0.12688600556070442
0 0.32297916666666665 0.6212233549582947 0.05380208333333331 0.11098239110287303
2 0.1445 0.5366635773864689 0.03159374999999998 0.13088971269694163
1 0.22583333333333336 0.6299907321594068 0.04776562500000002 0.10246524559777567
0 0.3265572916666667 0.6917701575532901 0.037333333333333364 0.12262279888785908
4 0.33816145833333333 0.290194624652456 0.03763020833333333 0.0896107506950881
0 0.5203125 0.25078776645041706 0.03128645833333336 0.10637627432808153
4 0.3257395833333333 0.2562557924003707 0.04700000000000001 0.09219647822057463
0 0.345828125 0.544902687673772 0.05224479166666664 0.07225208526413349
1 0.24917708333333338 0.5917052826691381 0.039453125000000026 0.07759036144578316
1 0.262984375 0.5231881371640408 0.036104166666666694 0.07374420759962923
1 0.27023958333333337 0.46620945319740503 0.035927083333333346 0.06430027803521779
4 0.16090104166666666 0.4874420759962929 0.02478645833333335 0.0978127896200185