3 0.49604166666666666 0.16699721964782205 0.021895833333333316 0.08336422613531046
0 0.43836458333333334 0.41569045412418903 0.026427083333333337 0.09634847080630217
0 0.6010208333333333 0.5281278962001854 0.03891145833333335 0.06465245597775718
0 0.6319322916666666 0.6376645041705282 0.046453125000000026 0.07413345690454125
0 0.20794270833333334 0.5330305838739574 0.026109374999999997 0.10151992585727522
4 0.840203125 0.5322984244670992 0.02992708333333335 0.09795180722891571
0 0.5747864583333333 0.46215013901760893 0.041968749999999964 0.06448563484708067
0 0.6196510416666666 0.590259499536608 0.03498958333333325 0.07154772937905472
0 0.527109375 0.5551621872103799 0.027963541666666696 0.1018721037998147
4 0.6273072916666667 0.37253938832252087 0.03671875 0.09584800741427243
0 0.5056354166666667 0.5032808155699722 0.02570833333333328 0.09835959221501395
2 0.6819270833333333 0.5384615384615384 0.027927083333333276 0.054513438368859995
0 0.5557656249999999 0.6254958294717331 0.028901041666666554 0.09139017608897118
1 0.6535520833333333 0.5610936051899907 0.033854166666666664 0.06949026876737721
4 0.5876354166666666 0.27617238183503245 0.03661979166666664 0.08253938832252083
1 0.676 0.5849768303985172 0.03409895833333323 0.0672937905468025
0 0.6305364583333334 0.6862279888785914 0.03629687500000003 0.1109731232622799
0 0.5161354166666666 0.2877849860982391 0.01970833333333329 0.08486561631139938
1 0.6527499999999999 0.4918813716404078 0.03358333333333334 0.04063948100092675
4 0.6402291666666666 0.4759221501390176 0.030380208333333294 0.05569972196478217
4 0.7017916666666667 0.6416126042632067 0.037046875000000055 0.07616311399443935
1 0.6551302083333332 0.5173401297497683 0.03488020833333323 0.04151065801668208
1 0.6913125 0.6113160333642261 0.03443749999999994 0.06832252085264136