4 0.19205729166666666 0.8285912882298424 0.07242187499999998 0.14853568118628357
0 0.4579270833333334 0.2806487488415199 0.059348958333333354 0.1230676552363299
0 0.48189583333333336 0.19063948100092679 0.03708854166666668 0.1263855421686747
0 0.2809427083333333 0.8345412418906395 0.043406249999999987 0.15137164040778492
0 0.44113020833333333 0.38933271547729376 0.056265624999999986 0.09758109360518996
2 0.3073802083333333 0.39608897126969417 0.038515625000000026 0.06576459684893424
0 0.5743072916666667 0.42083410565338275 0.03937499999999995 0.1317608897126969
4 0.06604166666666665 0.3968303985171455 0.04006770833333333 0.12547729379054678
0 0.40422395833333336 0.46915662650602413 0.06532812500000003 0.10029657089898056
0 0.900328125 0.4868952734012975 0.042640624999999946 0.16202038924930484
4 0.39514062499999997 0.1943651529193698 0.06004687499999998 0.1353938832252085
4 0.208984375 0.6357738646895273 0.07158333333333336 0.13753475440222437
0 0.36335416666666664 0.5616126042632067 0.04865625000000004 0.148563484708063
0 0.5371197916666667 0.4926876737720111 0.038588541666666684 0.15354031510658017
1 0.3491145833333333 0.43699721964782207 0.04920833333333334 0.09898053753475436
1 0.29975 0.5038924930491196 0.048312499999999994 0.1110009267840593
0 0.3434010416666667 0.6481186283595922 0.035473958333333284 0.15278962001853558
0 0.6940052083333333 0.3134291010194625 0.027322916666666686 0.1550139017608897
4 0.31207812500000004 0.3243744207599629 0.04484374999999995 0.10615384615384613
1 0.31366666666666665 0.4703707136237256 0.044453124999999954 0.09664504170528264
1 0.3500520833333333 0.33085264133456904 0.05084895833333327 0.06535681186283594
1 0.3424583333333333 0.3719555143651529 0.042624999999999955 0.04796107506950881