3 0.9045625 0.6560518999073216 0.0266354166666666 0.08771084337349407
4 0.6239479166666667 0.5476552363299351 0.030130208333333287 0.08093605189990725
0 0.6470677083333333 0.2908155699721965 0.017453125000000114 0.07069508804448561
1 0.6811041666666667 0.446598702502317 0.025104166666666573 0.06624652455977759
4 0.5470624999999999 0.7493697868396664 0.032411458333333344 0.08695088044485628
0 0.7192500000000001 0.23492122335495833 0.017958333333333344 0.05572752548656165
0 0.42970312499999996 0.5716682113067656 0.01973437500000005 0.08367006487488413
0 0.3986927083333333 0.6623076923076923 0.02332291666666665 0.07770157553290076
3 0.17172916666666668 0.32830398517145504 0.01782812500000001 0.07544949026876735
4 0.6047604166666667 0.6292307692307693 0.030859375 0.0825949953660796
1 0.719265625 0.3656348470806302 0.024484375000000114 0.05624652455977762
4 0.7575364583333334 0.23913809082483778 0.025989583333333382 0.06278035217794255
0 0.6173020833333334 0.4725023169601483 0.030473958333333447 0.04637627432808158
0 0.4898177083333334 0.29579240037071364 0.0164427083333333 0.06598702502316964
1 0.7271249999999999 0.3378313253012048 0.02503124999999997 0.056153846153846186
1 0.696640625 0.42004633920296575 0.023911458333333257 0.05873957367933271
3 0.525921875 0.34582947173308615 0.015578124999999983 0.07778498609823917
0 0.6897968750000001 0.30940685820203895 0.029723958333333418 0.04812789620018531
3 0.7797447916666667 0.15019462465245598 0.017281249999999915 0.07154772937905467
0 0.4611927083333333 0.4960426320667285 0.021614583333333333 0.06048192771084337
0 0.62265625 0.36796107506950876 0.018380208333333314 0.06382761816496757
2 0.7752447916666667 0.39322520852641335 0.02017187500000001 0.07303985171455056
1 0.697015625 0.3851807228915663 0.02378645833333337 0.04337349397590357
4 0.7725885416666666 0.4367006487488415 0.017838541666666666 0.06954587581093602
0 0.6570260416666667 0.3794346617238184 0.024276041666666734 0.047358665430954607
0 0.675515625 0.33691380908248375 0.018348958333333342 0.05020389249304908
3 0.42421875 0.9042261353104726 0.021645833333333305 0.07217794253938821