2 0.3004739583333333 0.36949026876737723 0.02890625 0.08430027803521782
4 0.3985208333333333 0.2738183503243744 0.031692708333333285 0.08099165894346616
4 0.41688020833333334 0.11283595922150139 0.034848958333333374 0.07443929564411492
1 0.36359895833333333 0.4417330861909175 0.030307291666666694 0.07574606116774793
0 0.5168958333333333 0.4183966635773865 0.020296875000000013 0.09492122335495826
4 0.337671875 0.5721686746987952 0.03860937499999994 0.08896200185356813
4 0.29230208333333335 0.8542910101946246 0.04409895833333337 0.09410565338276178
0 0.5402916666666666 0.36 0.01999479166666666 0.09255792400370715
0 0.603734375 0.14155699721964782 0.021651041666666752 0.0750787766450417
0 0.715203125 0.3062557924003707 0.024692708333333258 0.0902965708989805
0 0.42661458333333335 0.44020389249304914 0.028791666666666653 0.07829471733086192
1 0.39696875 0.39429101019462465 0.029000000000000033 0.06713623725671913
1 0.3832760416666667 0.36064874884151993 0.0265989583333333 0.05354031510658015
3 0.4754947916666667 0.023123262279888784 0.023380208333333385 0.04624652455977757
0 0.5440833333333334 0.5854772937905468 0.02886979166666664 0.08467099165894337
0 0.51571875 0.8610750695088045 0.02236458333333336 0.09985171455050974
0 0.44475 0.3424652455977757 0.027786458333333285 0.07553290083410566
0 0.4363489583333333 0.3844114921223355 0.026723958333333304 0.07426320667284522
0 0.4635729166666666 0.2568582020389249 0.030322916666666682 0.08723818350324374
1 0.380359375 0.3265894346617238 0.02901562500000002 0.06058387395736794
0 0.4835729166666667 0.5636607970342911 0.023093749999999958 0.09314179796107507
4 0.2803020833333333 0.427321594068582 0.02236458333333336 0.08679332715477292
1 0.37226041666666665 0.4058758109360519 0.027536458333333277 0.05321594068582017
3 0.13755208333333335 0.21481927710843374 0.020364583333333346 0.08231696014828545
3 0.9135416666666667 0.021779425393883226 0.025 0.04355885078776645
3 0.02175 0.46973123262279887 0.03061979166666667 0.08745134383688602