0 0.43872916666666667 0.20734012974976834 0.055062500000000014 0.09315106580166822
1 0.5652604166666666 0.4942446709916589 0.05149479166666661 0.11524559777571823
4 0.5663125 0.2443651529193698 0.04285416666666677 0.10074142724745136
0 0.15472916666666667 0.24529193697868398 0.030593750000000006 0.13323447636700647
0 0.3575052083333333 0.4059221501390176 0.03413541666666665 0.13478220574606123
0 0.46527083333333336 0.478164967562558 0.059765625 0.08521779425393887
4 0.557640625 0.1377386468952734 0.04763541666666669 0.1190639481000927
0 0.47289583333333335 0.5522706209453198 0.05533333333333334 0.11504170528266904
1 0.5223125000000001 0.3988600556070436 0.048130208333333376 0.08594995366079704
0 0.4613125 0.347645968489342 0.05266666666666661 0.08211306765523635
1 0.5468854166666667 0.45227988878591285 0.044984374999999945 0.09771084337349403
0 0.5178489583333333 0.9089805375347544 0.04709895833333331 0.13886932344763672
0 0.34953645833333336 0.2712326227988879 0.03051041666666663 0.13383688600556068
4 0.6027395833333333 0.889147358665431 0.0734427083333332 0.13237256719184434
0 0.457703125 0.2647914735866543 0.037020833333333295 0.09117701575532901
0 0.4249322916666667 0.14683039851714552 0.03128124999999997 0.11416126042632067
0 0.4661354166666667 0.41483781278962 0.05375000000000003 0.08246524559777574
4 0.7943281249999999 0.3707506950880445 0.04297916666666666 0.13091751621872103
2 0.5596822916666666 0.37589434661723814 0.03708333333333324 0.08348470806302136
1 0.537375 0.3082205746061168 0.04683854166666664 0.05441149212233553
1 0.5394895833333333 0.34808155699721965 0.04174999999999998 0.060991658943466226
3 0.9925989583333333 0.16690454124189064 0.014796874999999925 0.1279610750695088
4 0.5390104166666667 0.26635773864689527 0.04475000000000004 0.05246524559777573