4 0.8187447916666667 0.454050046339203 0.05636458333333323 0.19267840593141797
4 0.3570260416666667 0.7229564411492123 0.04680208333333328 0.2145227062094532
0 0.28682812500000004 0.516663577386469 0.04530208333333334 0.20644114921223355
0 0.35416145833333335 0.36253012048192773 0.048833333333333326 0.1634847080630213
0 0.42758333333333337 0.435551436515292 0.06795312500000002 0.10912882298424473
0 0.3736197916666667 0.5141241890639481 0.07984374999999998 0.11853568118628363
0 0.47365104166666666 0.3614457831325301 0.0641510416666667 0.11320667284522704
0 0.32155208333333335 0.20779425393883227 0.04372916666666669 0.2069138090824838
1 0.5838385416666667 0.37730305838739575 0.0722499999999999 0.13319740500463395
2 0.5723072916666666 0.4322335495829472 0.04351041666666665 0.16561631139944397
1 0.49185416666666665 0.5234939759036145 0.060958333333333316 0.15085264133456902
1 0.526625 0.4744949026876738 0.06300520833333335 0.14299351251158476
0 0.5092916666666666 0.3092956441149212 0.06014583333333328 0.10293790546802589
4 0.4670520833333333 0.575291936978684 0.06357291666666663 0.1429471733086191
0 0.19904166666666667 0.7215569972196477 0.04653645833333334 0.2433920296570898
0 0.538078125 0.2481649675625579 0.0460052083333333 0.17099165894346618
4 0.6539531249999999 0.3270435588507878 0.07548437499999991 0.13117701575532897
1 0.5176354166666667 0.3909267840593142 0.051656250000000035 0.049935125115848
4 0.7142239583333333 0.2851436515291937 0.07747916666666678 0.14848007414272477
0 0.5734322916666666 0.18798887859128827 0.05171354166666665 0.16889712696941617
1 0.6118333333333333 0.34885078776645045 0.06705729166666667 0.12326227988878591
0 0.6357447916666668 0.11979610750695087 0.07225520833333335 0.209935125115848