0 0.7791666666666667 0.3219184430027804 0.022921875000000112 0.0844578313253012
4 0.33236979166666664 0.5502224281742355 0.039921875000000044 0.0924652455977757
0 0.56884375 0.3543280815569972 0.025453124999999945 0.08393883225208532
0 0.4828854166666667 0.31859128822984245 0.036921875000000055 0.05827618164967562
4 0.483203125 0.10548656163113994 0.036953125000000024 0.07531974050046338
0 0.5085625 0.24100092678405932 0.03642708333333336 0.06977757182576459
4 0.29304166666666664 0.3251251158480074 0.026838541666666653 0.08084337349397593
0 0.5959479166666667 0.5721316033364227 0.024296875000000048 0.09535681186283605
4 0.26772395833333335 0.8208897126969417 0.041750000000000016 0.09582020389249314
0 0.6648072916666667 0.11824837812789621 0.022104166666666696 0.07726598702502317
1 0.4346302083333333 0.357062094531974 0.030749999999999982 0.05886005560704355
0 0.5408645833333333 0.4276923076923077 0.023192708333333378 0.08922150139017607
1 0.40749479166666663 0.37559777571825764 0.028484375000000027 0.052261353104726585
0 0.5091927083333333 0.5629008341056534 0.02440104166666662 0.09139944392956452
4 0.39280729166666667 0.44443929564411494 0.03430208333333328 0.0631510658016682
1 0.39871874999999996 0.39759962928637627 0.030374999999999968 0.054142724745134346
0 0.5335260416666666 0.8411399443929565 0.024890624999999982 0.10700648748841524
0 0.46033333333333337 0.4165430954587581 0.03919270833333333 0.05993512511584797
1 0.42390104166666664 0.2838739573679333 0.0296875 0.041566265060240984
0 0.46461458333333333 0.358498609823911 0.03483333333333339 0.055310472659870207
2 0.40917708333333336 0.3353938832252085 0.026687500000000006 0.046969416126042586
3 0.24812499999999998 0.24667284522706212 0.02347395833333336 0.08116774791473588
3 0.038578125 0.4206394810009268 0.02338541666666667 0.09057460611677481
1 0.42109375 0.3148656163113995 0.02752604166666662 0.034439295644114895