0 0.37507291666666664 0.48510658016682107 0.04648958333333333 0.07066728452270621
0 0.38901041666666664 0.5664133456904541 0.05285937500000001 0.1116589434661724
0 0.4873333333333333 0.4074328081556997 0.033312500000000016 0.09068582020389251
0 0.45809374999999997 0.32379981464318813 0.03184375000000005 0.1050509731232623
0 0.6634739583333332 0.7902965708989805 0.036953124999999906 0.11535681186283599
0 0.37073958333333334 0.41759962928637623 0.04307291666666669 0.06989805375347541
4 0.36204166666666665 0.8136886005560705 0.057791666666666686 0.11477293790546796
1 0.3014322916666667 0.4018072289156627 0.03564583333333336 0.06897126969416122
0 0.5131666666666667 0.6035403151065802 0.03443749999999994 0.11453197405004627
0 0.8686822916666667 0.33125115848007414 0.03250000000000005 0.12197405004633921
4 0.24486979166666664 0.3372474513438369 0.03478645833333331 0.10733086190917511
4 0.28259895833333337 0.27045412418906395 0.04607812500000001 0.09071362372567192
0 0.35548437499999996 0.297386468952734 0.04160937500000005 0.09319740500463387
0 0.7823697916666668 0.5657367933271548 0.03761458333333323 0.11797961075069505
1 0.2871197916666667 0.3658109360518999 0.034489583333333344 0.09188137164040777
4 0.30616145833333336 0.6429935125115848 0.03501041666666668 0.12897126969416134
1 0.31115624999999997 0.514309545875811 0.037947916666666616 0.10655236329935128
1 0.32309895833333335 0.43398517145505094 0.037229166666666674 0.058257645968489355
4 0.16072395833333333 0.392224281742354 0.03276041666666665 0.10569045412418902
1 0.3116145833333333 0.47686746987951806 0.04217187500000001 0.08593141797961078
0 0.332359375 0.2653012048192771 0.03788541666666667 0.083660797034291
2 0.18797395833333336 0.4295551436515292 0.034276041666666694 0.12008341056533822