0 0.58059375 0.4966265060240964 0.036343750000000105 0.10063948100092676
0 0.41213541666666664 0.3882298424467099 0.030921874999999942 0.10454124189063944
0 0.5319322916666667 0.2649953660797034 0.036479166666666646 0.0906024096385542
4 0.8104427083333333 0.3622984244670992 0.03289062500000005 0.09521779425393884
4 0.6480104166666667 0.3070806302131603 0.03028645833333338 0.09305838739573677
0 0.5397864583333334 0.35852641334569046 0.04626041666666669 0.06910101946246519
0 0.5524635416666667 0.41684893419833174 0.03898437499999995 0.07626506024096383
4 0.7121718749999999 0.7903985171455051 0.04801041666666658 0.10675625579240042
0 0.45689583333333333 0.29676552363299347 0.03264583333333337 0.09873957367933268
0 0.6238177083333334 0.8015199258572753 0.02880208333333343 0.12227988878591294
0 0.14575520833333336 0.5548007414272474 0.03322916666666666 0.10784986098239122
0 0.5034635416666666 0.4745227062094532 0.02830208333333329 0.10567191844300276
0 0.4398489583333333 0.4935032437442076 0.024734375000000006 0.11911955514365151
4 0.670546875 0.48362372567191847 0.04031770833333326 0.10386468952734007
1 0.6322552083333334 0.4645690454124189 0.03533333333333341 0.07525486561631144
0 0.50309375 0.23450417052826691 0.023515625000000047 0.09299351251158477
2 0.6259739583333332 0.38652455977757183 0.0309322916666666 0.07006487488415201
1 0.6195520833333333 0.43169601482854497 0.03574479166666673 0.07218721037998145
1 0.599 0.3993049119555144 0.04102604166666666 0.07456904541241895
1 0.6082291666666666 0.351760889712697 0.03482291666666673 0.05032437442075992
1 0.6027135416666667 0.3280630213160334 0.0324947916666666 0.05172381835032432
4 0.5918020833333333 0.30453197405004634 0.03697916666666667 0.058359592215013925