0 0.44647916666666665 0.27352177942539385 0.046822916666666714 0.09244670991658943
0 0.43315624999999996 0.3374050046339203 0.03905208333333334 0.08128822984244674
4 0.31278124999999996 0.6706950880444856 0.048927083333333364 0.11058387395736788
4 0.26731770833333335 0.6955885078776645 0.05487499999999998 0.12326227988878591
0 0.5299375000000001 0.20701575532900834 0.026114583333333326 0.10066728452270621
0 0.5350833333333332 0.3771825764596849 0.03209374999999994 0.1096292863762743
1 0.334703125 0.49160333642261356 0.039692708333333354 0.08123262279888789
0 0.4394166666666666 0.4168118628359592 0.049203125000000014 0.0772196478220574
4 0.13200520833333332 0.3877571825764597 0.025911458333333335 0.11485634847080636
0 0.814328125 0.3506209453197405 0.029979166666666637 0.10974976830398514
0 0.5477447916666667 0.464578313253012 0.033781250000000006 0.11088044485634851
0 0.5475572916666667 0.7392493049119555 0.029098958333333275 0.13747914735866534
4 0.37914583333333335 0.27620018535681184 0.03503124999999999 0.060973123262279855
0 0.40415104166666665 0.5500834105653383 0.029635416666666713 0.1297312326227989
1 0.37622916666666667 0.4122984244670992 0.039729166666666656 0.08437442075996289
0 0.40760416666666666 0.4789898053753476 0.03915625000000003 0.06882298424467098
1 0.35282291666666665 0.3603151065801668 0.0362916666666667 0.045727525486561664
1 0.34728125 0.44807228915662656 0.03630208333333336 0.0665245597775718
1 0.36280208333333336 0.32814643188137166 0.03669270833333336 0.051362372567191804
2 0.34986979166666665 0.3901668211306766 0.03339583333333328 0.05494902687673769
0 0.7771822916666667 0.6290546802594995 0.029364583333333392 0.13014828544949034
4 0.3565729166666667 0.30588507877664506 0.03433333333333337 0.079740500463392