4 0.6580312500000001 0.37965708989805375 0.04866145833333325 0.11199258572752552
4 0.7308333333333333 0.46497683039851706 0.04223958333333329 0.11143651529193693
0 0.6464166666666666 0.8140315106580167 0.05238541666666663 0.129156626506024
4 0.5986666666666667 0.1635495829471733 0.04877083333333327 0.10870250231696017
0 0.5936822916666666 0.46291010194624654 0.0466458333333333 0.10327154772937912
0 0.21400520833333334 0.6034105653382762 0.028963541666666672 0.13451343836886015
1 0.7064687500000001 0.6701853568118629 0.04061979166666655 0.09014828544949025
0 0.5052135416666667 0.6226969416126042 0.0348020833333333 0.12140871177015755
0 0.45038020833333337 0.4564226135310473 0.03123958333333334 0.12334569045412416
0 0.6064427083333332 0.6464133456904542 0.04868750000000001 0.08291010194624655
0 0.5843072916666666 0.5462187210379982 0.0636562499999999 0.07920296570898984
0 0.6169635416666667 0.7015291936978685 0.05357812499999994 0.11483781278962009
1 0.6761874999999999 0.5096292863762744 0.03984375 0.07810009267840591
4 0.729546875 0.7806024096385542 0.04357812500000004 0.10749768303985173
2 0.8272604166666666 0.5864689527340129 0.03522395833333339 0.1375718257645969
1 0.6858125 0.5731881371640408 0.04037499999999999 0.08564411492122342
0 0.49976041666666665 0.23094531974050045 0.026114583333333385 0.11930491195551438
1 0.6702760416666667 0.632613531047266 0.04973958333333333 0.09102873030583876
0 0.5916822916666666 0.370454124189064 0.026869791666666743 0.11973123262279894
0 0.57646875 0.7672474513438369 0.028239583333333228 0.13942539388322525
4 0.840640625 0.6901390176088971 0.04299479166666676 0.1256997219647821
1 0.7232500000000001 0.7104077849860982 0.04331249999999993 0.07294717330861912