0 0.5366666666666667 0.5763021316033364 0.04514062500000004 0.0963299351251159
0 0.6969635416666667 0.5360518999073216 0.029057291666666648 0.10416126042632076
0 0.6403697916666666 0.3459870250231696 0.028249999999999886 0.09880444856348472
4 0.51790625 0.8100556070435588 0.04392187500000002 0.11341983317886943
0 0.57584375 0.28355885078776644 0.025656250000000113 0.09150139017608899
0 0.5235572916666666 0.5040407784986098 0.038442708333333304 0.07754402224281744
1 0.4664114583333333 0.5427247451343837 0.03349479166666664 0.08626506024096378
0 0.5938229166666668 0.40099165894346617 0.026864583333333296 0.09328081556997217
0 0.71003125 0.7635403151065802 0.02745833333333323 0.11121408711770157
4 0.402125 0.35085264133456906 0.03315625000000004 0.07259499536607975
0 0.5118385416666666 0.43832252085264134 0.040395833333333304 0.0638646895273401
3 0.667140625 0.4548656163113995 0.024270833333333287 0.08577386468952736
4 0.348828125 0.5406209453197406 0.024723958333333348 0.10745134383688605
0 0.60346875 0.48561631139944395 0.02866666666666665 0.10311399443929564
0 0.4961770833333333 0.39514365152919373 0.035947916666666656 0.05707136237256723
0 0.4906875 0.3402873030583874 0.030546875000000046 0.057803521779425396
2 0.33716666666666667 0.4779796107506951 0.02705729166666669 0.10034291010194622
1 0.45353645833333334 0.4378220574606117 0.033046875000000024 0.060352177942539394
3 0.10802083333333333 0.6663021316033365 0.026505208333333325 0.11331788693234475
1 0.47061458333333334 0.4702502316960148 0.03829687499999999 0.057265987025023134
4 0.33579166666666665 0.42194624652455975 0.028796874999999982 0.09465245597775718
1 0.44379687500000004 0.40503243744207595 0.03576041666666671 0.052075996292863816
4 0.4333958333333333 0.3710379981464319 0.031057291666666723 0.05151992585727529
1 0.4603229166666667 0.4972845227062095 0.03158333333333339 0.05859128822984247