2 0.8141770833333334 0.461696014828545 0.033348958333333435 0.10961075069508808
4 0.7150312499999999 0.1822150139017609 0.039656249999999935 0.09181649675625579
4 0.8260520833333334 0.5501760889712697 0.034317708333333266 0.09554216867469872
0 0.6312916666666666 0.5358665430954588 0.05291145833333341 0.07089898053753475
4 0.6837864583333333 0.22382761816496755 0.04259895833333331 0.09276181649675629
0 0.6294687499999999 0.6072196478220575 0.04769791666666663 0.1220759962928638
4 0.6965364583333333 0.8072011121408712 0.056416666666666754 0.10586654309545877
0 0.6301458333333334 0.1707506950880445 0.028000000000000115 0.09790546802594995
1 0.6823072916666667 0.48208526413345687 0.03569270833333344 0.07943466172381838
1 0.7125052083333333 0.38973123262279885 0.041249999999999905 0.07666357738646898
1 0.714421875 0.5459870250231696 0.039390625000000054 0.10202965708989797
0 0.522828125 0.5081927710843374 0.031973958333333385 0.12063021316033366
0 0.6265520833333333 0.3291288229842447 0.05110416666666661 0.08406858202038928
0 0.6299166666666667 0.4723818350324374 0.04148958333333326 0.06453197405004633
0 0.5542135416666666 0.2090732159406858 0.02280729166666665 0.1000463392029657
0 0.6278281250000001 0.8108619091751621 0.037880208333333346 0.10789620018535688
0 0.513484375 0.3749953660797034 0.0249635416666667 0.10545875810936048
0 0.6294791666666666 0.4175532900834106 0.05337500000000001 0.07288229842446708
0 0.14379166666666665 0.4054772937905468 0.026755208333333336 0.11087117701575533
4 0.8248229166666667 0.41276181649675625 0.03099479166666678 0.10988878591288224
1 0.7046979166666667 0.43227062094531976 0.0327395833333334 0.07923076923076924
1 0.7099218749999999 0.5021686746987952 0.035994791666666734 0.07057460611677482