0 0.2883802083333334 0.21947173308619092 0.03396354166666669 0.10532900834105652
0 0.5067552083333333 0.49054680259499533 0.03460416666666669 0.1145783132530121
4 0.526734375 0.2025208526413346 0.04357812499999998 0.10322520852641337
0 0.6068385416666667 0.5277201112140871 0.04900520833333341 0.08252085264133453
1 0.7104322916666667 0.5571362372567191 0.042593750000000104 0.07632993512511575
2 0.8074843749999999 0.4697961075069509 0.027927083333333276 0.13328081556997226
0 0.5507135416666666 0.5776459684893419 0.03479687499999997 0.10958294717330863
4 0.6363229166666666 0.34411492122335496 0.03505208333333343 0.10695088044485633
1 0.6660468749999999 0.5037627432808155 0.03997395833333333 0.07964782205746067
0 0.6676041666666667 0.6208989805375348 0.037244791666666784 0.13012974976830405
1 0.6640572916666667 0.42340129749768307 0.03769791666666673 0.09349397590361445
0 0.6373229166666667 0.5721779425393884 0.041078124999999945 0.09780352177942536
0 0.242921875 0.6193790546802594 0.032005208333333354 0.1444485634847082
0 0.593859375 0.4604263206672845 0.05981770833333329 0.07390176088971265
0 0.19347916666666667 0.37274328081556996 0.028885416666666684 0.1388600556070436
0 0.4922916666666667 0.35 0.030661458333333277 0.12408711770157552
4 0.7354843750000001 0.5929008341056534 0.03830208333333331 0.08446709916589444
0 0.5288645833333334 0.6749119555143652 0.039755208333333354 0.14200185356811865
3 0.4161927083333333 0.06749768303985171 0.027723958333333344 0.10591288229842447
1 0.70025 0.5249304911955515 0.03952083333333339 0.067979610750695
4 0.7992708333333333 0.43113067655236326 0.026734374999999963 0.10491195551436515
1 0.6734375 0.4525949953660797 0.03323437499999997 0.04811862835959223
4 0.7673125 0.6151992585727525 0.048093750000000074 0.08850787766450417