0 0.5725625 0.49692307692307686 0.05290624999999996 0.08424467099165897
3 0.8875364583333333 0.15635773864689528 0.02322395833333341 0.11693234476367008
0 0.4645 0.2746987951807229 0.03653125000000005 0.08925857275254863
0 0.4110520833333334 0.4211399443929565 0.03159895833333337 0.10690454124189067
3 0.3579791666666667 0.03887859128822985 0.026005208333333366 0.0777571825764597
0 0.5857604166666667 0.6916682113067655 0.03533854166666662 0.11707136237256713
0 0.5139739583333333 0.3981649675625579 0.056119791666666606 0.07506024096385543
4 0.4897604166666667 0.19969416126042633 0.0417604166666667 0.08750695088044487
0 0.12402083333333333 0.3184059314179796 0.034093750000000006 0.10921223354958298
0 0.49458854166666666 0.33176088971269696 0.042661458333333374 0.06815569972196475
4 0.46716145833333333 0.11355885078776645 0.041078124999999945 0.08582020389249304
0 0.36672916666666666 0.12938832252085267 0.03252083333333336 0.0778498609823911
0 0.7633958333333334 0.8213345690454125 0.03928125000000004 0.11178869323447627
0 0.391859375 0.6787395736793327 0.03867708333333333 0.13336422613531057
1 0.6089427083333334 0.4045227062094532 0.04271874999999999 0.08596848934198331
0 0.35241666666666666 0.31573679332715476 0.03017708333333336 0.06862835959221497
2 0.7150729166666667 0.32226135310472664 0.023817708333333344 0.10996292863762741
4 0.7473072916666667 0.6225023169601482 0.046635416666666644 0.10024096385542176
1 0.5435885416666667 0.28623725671918443 0.03555729166666666 0.08450417052826698
1 0.5664270833333334 0.36961075069508803 0.030770833333333296 0.07792400370713627
1 0.5628020833333333 0.33424467099165894 0.030255208333333408 0.11025023169601486
4 0.901984375 0.7867747914735866 0.052578124999999906 0.10619091751621865
1 0.6410729166666667 0.45433734939759035 0.0338281249999999 0.09225208526413342
4 0.6910000000000001 0.29320667284522706 0.024364583333333436 0.09830398517145499
3 0.35332291666666665 0.38300278035217794 0.026000000000000037 0.11106580166821134