4 0.7653020833333334 0.759870250231696 0.06183854166666668 0.13017608897126973
4 0.6517916666666667 0.25918443002780356 0.0410312500000001 0.1122150139017609
0 0.5891770833333333 0.4256719184430028 0.0530520833333334 0.09854494902687677
0 0.5997395833333333 0.4852177942539388 0.06109895833333331 0.08002780352177939
4 0.6235104166666667 0.2963206672845227 0.05156770833333345 0.1156904541241891
2 0.8118385416666667 0.4654680259499537 0.03429166666666674 0.126468952734013
0 0.5594270833333332 0.6120111214087118 0.04872395833333343 0.13079703429101008
1 0.717703125 0.5827432808155699 0.05233854166666655 0.11076923076923076
1 0.6649635416666667 0.5086190917516218 0.04529166666666669 0.09888785912882303
0 0.6528541666666666 0.6742817423540315 0.0598541666666667 0.10339202965708985
0 0.6061979166666667 0.54339202965709 0.059348958333333236 0.08775718257645973
1 0.6747708333333333 0.44568118628359593 0.04278645833333338 0.07522706209453199
0 0.33571354166666667 0.18679332715477295 0.03019270833333335 0.12590361445783135
0 0.4193072916666667 0.8183503243744208 0.04131770833333329 0.13578313253012048
4 0.6668125 0.3459962928637627 0.03794270833333328 0.09726598702502322
0 0.36459895833333333 0.2775625579240037 0.03018750000000002 0.12754402224281744
0 0.5688229166666667 0.38297497683039855 0.06067708333333333 0.07744207599629281
4 0.8364375000000001 0.5275718257645968 0.029604166666666744 0.1272381835032437
0 0.5391302083333334 0.3585727525486561 0.03629166666666664 0.11512511584800744
1 0.7044791666666667 0.5326691380908248 0.037729166666666696 0.09513438368860064
1 0.6655208333333333 0.3910658016682113 0.03661458333333343 0.05822057460611682
0 0.6102239583333334 0.5640037071362372 0.05559895833333333 0.11055607043558847