4 0.28984375 0.6183688600556071 0.04716145833333331 0.09628359592215023
4 0.5082447916666667 0.0998239110287303 0.03724479166666666 0.08626506024096386
2 0.3161614583333333 0.3500556070435588 0.03764062499999999 0.10249304911955517
0 0.4837604166666667 0.3579518072289157 0.04442187499999998 0.07871177015755335
0 0.45693229166666666 0.42309545875810933 0.0449583333333333 0.06945319740500469
0 0.7933958333333333 0.3358387395736793 0.025369791666666686 0.10707136237256716
4 0.3564375 0.5188137164040778 0.039380208333333284 0.07629286376274322
1 0.39708854166666663 0.4119462465245598 0.03424479166666667 0.06903614457831327
0 0.441515625 0.484643188137164 0.0480104166666667 0.06654309545875807
0 0.49927604166666667 0.2846524559777572 0.04985416666666668 0.061964782205746076
0 0.7575416666666667 0.6625301204819277 0.027687499999999924 0.10898980537534746
0 0.7043072916666666 0.11344763670064875 0.02347395833333342 0.10025023169601484
0 0.5918229166666666 0.37212233549582946 0.021468749999999894 0.11004633920296572
4 0.23107291666666668 0.8797497683039852 0.04043229166666666 0.11379054680259497
1 0.4262447916666667 0.39013901760889713 0.036031250000000035 0.06982391102873034
0 0.432765625 0.5202316960148285 0.03341666666666671 0.09839666357738648
3 0.09605208333333333 0.17952734012974977 0.022812500000000006 0.10493049119555141
0 0.5646979166666667 0.485690454124189 0.023145833333333362 0.11646895273401299
1 0.42072916666666665 0.34845227062094536 0.03323437499999997 0.05021316033364222
1 0.4190260416666666 0.310454124189064 0.03290625000000003 0.05762743280815565
1 0.3853020833333333 0.4395180722891566 0.03464583333333333 0.06421686746987948
0 0.49086979166666667 0.8438183503243745 0.028213541666666706 0.1216404077849861
4 0.377765625 0.4874142724745134 0.035947916666666656 0.06491195551436511