3 0.064203125 0.3130861909175162 0.02445312500000001 0.09913809082483784
0 0.5413125 0.6257367933271547 0.024515625000000027 0.10341056533827611
3 0.8946666666666666 0.6520759962928638 0.02599479166666659 0.11451343836886001
3 0.39145833333333335 0.047877664504170525 0.024239583333333314 0.07038924930491194
3 0.485875 0.5177293790546803 0.025880208333333363 0.1035403151065802
0 0.6076614583333334 0.643985171455051 0.0338958333333333 0.09012974976830398
1 0.6965260416666667 0.6388415199258572 0.031130208333333322 0.09153846153846153
1 0.6703749999999999 0.6870713623725672 0.034895833333333334 0.09442075996292852
1 0.7589166666666666 0.3988600556070436 0.03207291666666663 0.07361445783132536
1 0.7410729166666666 0.46961075069508795 0.02926041666666658 0.07968489341983315
4 0.7981927083333333 0.18706209453197406 0.026578125000000105 0.07999073215940686
0 0.39546354166666664 0.7690361445783133 0.030140624999999942 0.10341056533827611
0 0.6027291666666666 0.4842075996292864 0.023515625000000047 0.09724745134383694
0 0.37432291666666667 0.5597312326227989 0.027401041666666615 0.11833178869323453
0 0.4455989583333333 0.1983132530120482 0.022406249999999992 0.07973123262279891
4 0.6820833333333333 0.8501760889712697 0.04946354166666656 0.11341056533827629
0 0.6900677083333334 0.3681649675625579 0.02091145833333338 0.08998146431881375
4 0.781796875 0.2572752548656163 0.031020833333333307 0.08336422613531048
0 0.6838385416666667 0.4358758109360519 0.033302083333333364 0.05449490268767373
2 0.8218697916666666 0.5705004633920298 0.032250000000000036 0.09792400370713632
0 0.6545625 0.5796478220574607 0.03491145833333344 0.05603336422613534
4 0.8042239583333333 0.32683966635773865 0.028421875000000086 0.07780352177942544
4 0.6760052083333333 0.8059962928637627 0.04008854166666656 0.10367006487488406
0 0.5366458333333333 0.26371640407784985 0.02244791666666662 0.08025949953660799
3 0.8089010416666667 0.10059314179796107 0.023864583333333418 0.0731510658016682
1 0.6978958333333334 0.5650139017608897 0.030562499999999916 0.0604633920296571
0 0.6632135416666666 0.516339202965709 0.04042708333333327 0.06016682113067662