3 0.04710416666666666 0.17867469879518072 0.02661458333333333 0.07864689527340131
0 0.23760416666666667 0.6742910101946246 0.03172916666666665 0.10465245597775726
0 0.423296875 0.2815477293790547 0.04175520833333337 0.0556904541241891
4 0.15677083333333333 0.6667469879518072 0.05365104166666666 0.11661723818350318
0 0.31263541666666667 0.4906024096385542 0.02638020833333338 0.09954587581093607
2 0.2656822916666667 0.2710658016682113 0.02396354166666666 0.11022242817423543
3 0.5071979166666667 0.036932344763670064 0.02559375000000005 0.07386468952734013
0 0.48478125 0.18588507877664504 0.022776041666666677 0.07765523632993514
0 0.3793958333333334 0.3778962001853568 0.03503124999999999 0.10598702502316962
0 0.47145312500000003 0.25152919369786836 0.02319270833333332 0.09179796107506949
4 0.22041145833333334 0.49334569045412424 0.04183333333333336 0.1005282669138091
0 0.391609375 0.35025949953660795 0.046510416666666644 0.06289156626506025
0 0.43749479166666666 0.24387395736793327 0.04132812499999995 0.05258572752548657
3 0.11103645833333334 0.8328452270620945 0.033973958333333346 0.12036144578313264
4 0.40852083333333333 0.1802873030583874 0.033114583333333295 0.08250231696014827
0 0.400171875 0.3107599629286376 0.034609375000000026 0.062159406858202086
0 0.49038541666666663 0.29971269694161257 0.02585416666666672 0.08734012974976832
0 0.8310104166666666 0.38297497683039855 0.02092708333333325 0.11624652455977763
1 0.36416145833333335 0.31104726598702503 0.03174479166666669 0.05834105653382766
1 0.3273125 0.33973123262279886 0.037197916666666705 0.08269694161260428
1 0.3668802083333333 0.2431417979610751 0.02941145833333335 0.055458758109360545
1 0.3396354166666667 0.3253012048192771 0.028348958333333365 0.06401297497683034
1 0.36313020833333337 0.2727340129749768 0.029989583333333295 0.031371640407785006
4 0.30739583333333337 0.25542168674698795 0.020567708333333337 0.09740500463392032
4 0.2721145833333333 0.2526691380908248 0.02028125000000003 0.09121408711770157