1 0.7407083333333334 0.34003707136237254 0.036802083333333256 0.060176088971269755
4 0.7685833333333334 0.17464318813716403 0.05065104166666667 0.09666357738646897
1 0.7615208333333333 0.3174976830398517 0.036343750000000105 0.08987951807228918
0 0.5618020833333334 0.3263762743280816 0.03347916666666677 0.1016774791473587
0 0.38642187499999997 0.25989805375347547 0.025802083333333316 0.12086190917516215
0 0.5981666666666666 0.7321779425393883 0.03465104166666677 0.12162187210379984
0 0.6713333333333333 0.36047265987025023 0.0420989583333333 0.0725301204819277
0 0.6896145833333333 0.270389249304912 0.04264583333333339 0.10031510658016683
1 0.750078125 0.44178869323447634 0.03681770833333336 0.10212233549582941
4 0.7395156249999999 0.7240778498609823 0.05489583333333338 0.12491195551436513
2 0.8676875000000001 0.37601482854494905 0.042203125000000105 0.11856348470806308
0 0.6684635416666667 0.17522706209453195 0.031901041666666664 0.09298424467099164
4 0.7240104166666667 0.50516218721038 0.044916666666666556 0.11540315106580165
0 0.6660468749999999 0.4640037071362373 0.04813020833333326 0.11974050046339196
0 0.5408229166666667 0.40927710843373494 0.029734375000000018 0.1136329935125116
4 0.8512083333333333 0.4359777571825764 0.034713541666666715 0.11835959221501388
0 0.49593750000000003 0.5253197405004635 0.025421874999999972 0.11746061167747916
0 0.09450520833333333 0.501760889712697 0.025661458333333324 0.12497683039851712
1 0.7218229166666668 0.3846524559777572 0.0408541666666667 0.08161260426320673
4 0.8995729166666667 0.4180352177942539 0.028703125000000065 0.11631139944392951
0 0.6695885416666666 0.4252363299351251 0.049921874999999956 0.07536607970342915
1 0.7432760416666666 0.40734939759036143 0.04144270833333342 0.0724745134383689
3 0.7521822916666667 0.02535681186283596 0.025260416666666667 0.05071362372567192