0 0.6813072916666666 0.5022520852641335 0.059812500000000074 0.07574606116774793
4 0.7510625 0.1176923076923077 0.03707812500000003 0.11557924003707137
4 0.7654791666666667 0.8393512511584801 0.05186979166666674 0.13240963855421697
2 0.8908697916666667 0.5856255792400371 0.03509895833333327 0.13715477293790548
4 0.7341614583333332 0.41066728452270623 0.043208333333333356 0.1064226135310473
1 0.7664895833333334 0.515616311399444 0.038432291666666646 0.0828544949026877
0 0.6244270833333334 0.40583873957367933 0.03411979166666678 0.10679332715477295
0 0.6760677083333333 0.5773957367933271 0.051895833333333266 0.08013901760889715
1 0.7720833333333333 0.6774328081556997 0.04069270833333339 0.11121408711770157
4 0.7743645833333334 0.37760889712696943 0.04684895833333324 0.11172381835032433
0 0.6813645833333334 0.6667840593141798 0.056796875000000094 0.07996292863762741
1 0.7650104166666666 0.5487766450417053 0.03406770833333326 0.07941612604263212
0 0.6047760416666667 0.46602409638554215 0.030614583333333438 0.10667284522706212
0 0.13947395833333334 0.6324745134383689 0.02840104166666665 0.12938832252085275
0 0.352125 0.31407784986098236 0.028713541666666724 0.11652455977757184
1 0.7404791666666667 0.6052085264133457 0.04227083333333326 0.08874884151992585
0 0.5021145833333333 0.8558758109360519 0.04158854166666662 0.12784986098239115
4 0.76659375 0.4591751621872104 0.03689583333333341 0.07639481000926779
0 0.700625 0.7321964782205745 0.05083854166666673 0.10974976830398524
0 0.554421875 0.5771640407784986 0.03518229166666676 0.13518072289156638
1 0.7664895833333334 0.6225671918443003 0.038406249999999885 0.05693234476367012
0 0.5447708333333333 0.1169601482854495 0.03391666666666661 0.09716404077849862
3 0.6913750000000001 0.013670064874884152 0.03360416666666666 0.027099165894346612