0 0.48044270833333336 0.5390824837812789 0.04185937499999994 0.08377201112140881
1 0.6306979166666667 0.4903151065801668 0.04205729166666667 0.09376274328081559
0 0.4247447916666667 0.5888322520852641 0.04985937500000001 0.09591288229842447
3 0.196125 0.3087488415199258 0.026416666666666682 0.1176645041705283
2 0.6926354166666666 0.5375903614457831 0.025197916666666723 0.12445783132530117
0 0.614171875 0.4016867469879518 0.034182291666666725 0.10733086190917522
0 0.6951406250000001 0.24692307692307694 0.031125000000000114 0.10330861909175165
1 0.5609947916666667 0.5524003707136237 0.03182812500000007 0.10443002780352184
3 0.9907291666666667 0.0971177015755329 0.018536458333333408 0.09449490268767378
0 0.15790104166666669 0.7124745134383689 0.03131770833333333 0.10327154772937912
4 0.6806614583333332 0.6085912882298424 0.0321875000000001 0.11075996292863761
4 0.8990572916666667 0.24442075996292864 0.03472916666666658 0.10769230769230771
3 0.77390625 0.8497219647822057 0.03777083333333332 0.1558665430954588
0 0.443890625 0.33096385542168677 0.02885937500000004 0.10406858202038921
0 0.5085104166666666 0.5033549582947173 0.038098958333333384 0.08469879518072293
4 0.7332083333333334 0.3510194624652456 0.03585937499999995 0.10554216867469879
4 0.26573958333333336 0.7781649675625579 0.05272395833333334 0.136014828544949
1 0.5761666666666667 0.515625579240037 0.03075520833333343 0.08685820203892496
0 0.7031770833333333 0.20709916589434665 0.027937499999999935 0.11770157553290087
4 0.8228697916666667 0.3117238183503244 0.03355729166666658 0.1076552363299351
3 0.35011458333333334 0.4172011121408712 0.02645833333333331 0.13109360518999066
1 0.5324843749999999 0.5844485634847081 0.03355208333333331 0.11132530120481939
0 0.5761875 0.46570898980537534 0.04409895833333337 0.0831417979610751
0 0.5458489583333334 0.4693975903614458 0.04073958333333329 0.07898980537534755
1 0.6660104166666667 0.45692307692307693 0.043390624999999974 0.09765523632993507
0 0.31230729166666665 0.48587581093605187 0.03163541666666667 0.11293790546802591