0 0.35674479166666667 0.6057407407407408 0.05526562499999995 0.1106388888888889
0 0.5749479166666667 0.5406574074074074 0.04566145833333337 0.1286666666666667
0 0.4657395833333334 0.47930555555555554 0.05423437500000006 0.09458333333333337
0 0.5180781250000001 0.6131666666666666 0.04259895833333331 0.1327129629629629
0 0.422 0.5315462962962964 0.04889583333333339 0.10684259259259268
4 0.23229166666666667 0.6345092592592593 0.06307812500000001 0.12187962962962973
0 0.838984375 0.7152962962962963 0.0565677083333334 0.1579999999999999
0 0.6882187500000001 0.1656574074074074 0.03384375000000001 0.11711111111111112
0 0.51625 0.39275 0.05546875 0.10477777777777775
4 0.09253645833333332 0.7155740740740741 0.048744791666666655 0.13600925925925936
0 0.6122864583333333 0.39947222222222223 0.04010416666666667 0.12556481481481482
0 0.36611458333333335 0.8258703703703704 0.03970833333333334 0.15232407407407406
1 0.31683333333333336 0.5483425925925927 0.044604166666666716 0.09511111111111113
1 0.36779687499999997 0.5213611111111112 0.047317708333333285 0.0911851851851852
1 0.38095833333333334 0.42677777777777787 0.04256250000000002 0.1132314814814815
0 0.27116666666666667 0.6964166666666667 0.05774999999999997 0.1330925925925926
4 0.16936458333333335 0.5396851851851852 0.04267187499999998 0.11142592592592584
4 0.6076614583333334 0.1463425925925926 0.04444791666666674 0.12087037037037034
1 0.3632135416666667 0.4774259259259259 0.047458333333333394 0.09763888888888893
1 0.2743229166666667 0.5765277777777778 0.04259895833333331 0.11017592592592594
2 0.2055625 0.43536111111111114 0.036744791666666644 0.14006481481481486
4 0.23618229166666668 0.3986851851851852 0.03448437500000002 0.1095925925925926