0 0.43859375 0.22683966635773864 0.04995833333333337 0.07084337349397593
0 0.47930208333333335 0.5021130676552363 0.042729166666666644 0.11883225208526416
0 0.5238697916666666 0.1659406858202039 0.03040625 0.09583873957367932
0 0.5401510416666666 0.29189990732159404 0.02919270833333337 0.10345690454124189
4 0.2653697916666667 0.5702224281742354 0.05128125000000002 0.11152919369786832
1 0.312359375 0.4013160333642261 0.05010416666666669 0.10379981464318813
0 0.393375 0.47846153846153844 0.06507812500000003 0.08177942539388323
0 0.7725052083333334 0.27178869323447635 0.03082812500000003 0.1130583873957368
0 0.42795833333333333 0.29030583873957366 0.05755208333333333 0.08077849860982388
0 0.4183385416666667 0.3810658016682113 0.055130208333333285 0.07665430954587585
0 0.5168854166666667 0.39049119555143647 0.029171874999999996 0.11018535681186283
0 0.7192864583333333 0.5453104726598702 0.028895833333333343 0.12369786839666361
4 0.256921875 0.7657553290083411 0.04617187499999999 0.12336422613531059
0 0.45534895833333333 0.8160611677479147 0.035276041666666674 0.1359036144578312
1 0.33589583333333334 0.37114921223354963 0.03823437500000004 0.0825393883225208
1 0.36146354166666667 0.3405653382761817 0.037109375 0.07429101019462463
4 0.23103125 0.2679425393883225 0.03822395833333333 0.08899907321594067
4 0.36528645833333334 0.24195551436515292 0.0376979166666666 0.06658943466172385
1 0.3513958333333333 0.2935032437442076 0.03516666666666666 0.06544022242817425
1 0.34955729166666666 0.26183503243744205 0.03388541666666664 0.08613531047265989
4 0.34254687500000003 0.2285820203892493 0.041703124999999966 0.08721964782205748
2 0.22383854166666667 0.31319740500463394 0.0375 0.10736793327154776