0 0.5620052083333333 0.5938924930491195 0.03180729166666675 0.08197405004633924
0 0.6216562499999999 0.6270806302131603 0.04530208333333334 0.06595922150139025
0 0.570234375 0.30404077849860983 0.02683854166666677 0.09199258572752547
1 0.7046302083333333 0.5987859128822984 0.032020833333333346 0.09465245597775707
0 0.48660937499999996 0.8124374420759963 0.034791666666666644 0.11459684893419841
0 0.6291354166666667 0.5305097312326228 0.045874999999999964 0.06443002780352176
0 0.5371458333333333 0.11690454124189063 0.025421874999999972 0.08345690454124187
0 0.38769791666666664 0.2605560704355885 0.02443229166666671 0.09008341056533829
0 0.34488541666666667 0.5632808155699722 0.026661458333333363 0.0963577386468953
4 0.6701510416666667 0.6855885078776645 0.04151041666666657 0.11135310472659879
3 0.4324375 0.4951807228915662 0.024989583333333343 0.11227988878591291
4 0.7598958333333333 0.14725671918443 0.03441666666666663 0.08539388322520851
2 0.81475 0.5114735866543095 0.025218750000000036 0.11967562557923998
1 0.6850104166666667 0.5181835032437442 0.03127083333333332 0.0777386468952733
1 0.7094270833333333 0.473660797034291 0.03203125 0.08679332715477292
4 0.8228645833333333 0.4634105653382762 0.031161458333333295 0.10014828544949021
1 0.7080468750000001 0.5576181649675626 0.030567708333333363 0.082150139017609
0 0.6455416666666667 0.44804448563484706 0.04546354166666665 0.07240037071362374
0 0.5347031250000001 0.4711862835959222 0.028031250000000025 0.09255792400370715
0 0.6606614583333333 0.3921316033364226 0.026755208333333277 0.06486561631139945
4 0.7212864583333333 0.26513438368860054 0.035072916666666745 0.09130676552363298
4 0.7006145833333334 0.8147451343836886 0.028927083333333315 0.12184430027803524
1 0.7186302083333334 0.4302224281742354 0.030958333333333362 0.07948100092678405