2 0.22802604166666668 0.3646617238183503 0.029005208333333303 0.10549582947173312
0 0.3972239583333333 0.3033456904541242 0.04386979166666668 0.06784986098239114
0 0.5127239583333333 0.4452826691380908 0.028453125000000058 0.10362372567191849
4 0.317234375 0.2683225208526413 0.031625000000000014 0.09214087117701575
0 0.42903125000000003 0.578887859128823 0.035473958333333284 0.10661723818350322
4 0.29403124999999997 0.5215291936978684 0.044937499999999984 0.11314179796107506
0 0.500359375 0.33597775718257644 0.03149479166666668 0.090982391102873
0 0.4054479166666667 0.24143651529193697 0.04301562499999996 0.07646895273401297
0 0.40501041666666665 0.38791473586654307 0.04678124999999997 0.06887859128822989
4 0.3226510416666667 0.5834291010194624 0.043484375000000006 0.10732159406858198
0 0.6032031250000001 0.16822984244670994 0.0253177083333334 0.09245597775718256
0 0.38575 0.45745134383688596 0.045249999999999936 0.07911955514365153
1 0.3127552083333333 0.43766450417052827 0.03144791666666672 0.08088971269694159
0 0.5610364583333334 0.839416126042632 0.0459374999999999 0.10775718257645966
0 0.8619270833333333 0.4240593141797961 0.02982291666666678 0.10697868396663572
0 0.5799322916666667 0.5363206672845228 0.03351562499999995 0.1091380908248378
4 0.34770833333333334 0.20215940685820202 0.03878645833333335 0.08348470806302133
1 0.348609375 0.3847544022242817 0.038687499999999986 0.08317886932344763
1 0.3305104166666667 0.3056811862835959 0.03179166666666665 0.07641334569045416
1 0.3344479166666667 0.34308619091751624 0.030343749999999996 0.0736515291936979
1 0.3260520833333333 0.4124281742354031 0.03227083333333335 0.07303058387395732
4 0.26910416666666664 0.8451065801668212 0.04570833333333333 0.11595922150139029