0 0.5799427083333334 0.523790546802595 0.05418229166666677 0.1148934198331789
0 0.6508802083333334 0.605560704355885 0.04517708333333322 0.1343929564411492
0 0.524625 0.6336700648748842 0.05319791666666666 0.10075069508804452
0 0.6842135416666667 0.39870250231696014 0.03804166666666665 0.13172381835032437
4 0.47135937499999997 0.28410565338276184 0.049343750000000006 0.1357367933271548
0 0.5221666666666667 0.7165801668211307 0.05918229166666673 0.15568118628359595
0 0.7116197916666667 0.7586376274328082 0.049125000000000085 0.15275254865616306
0 0.5372291666666666 0.4817979610750695 0.054036458333333336 0.0960704355885079
0 0.742078125 0.17521779425393882 0.037244791666666784 0.11569972196478222
0 0.8982239583333332 0.34537534754402227 0.03860416666666661 0.108887859128823
1 0.45866666666666667 0.5649490268767378 0.05138541666666671 0.09072289156626516
0 0.5204739583333333 0.5552734012974977 0.05018750000000001 0.06750695088044478
3 0.012953125000000001 0.2706950880444856 0.025901041666666666 0.14586654309545874
3 0.8030260416666667 0.569147358665431 0.03603124999999992 0.13843373493975913
1 0.4472447916666667 0.5254402224281742 0.047541666666666656 0.07530120481927711
2 0.2933645833333333 0.5246895273401297 0.036526041666666724 0.17351251158480077
4 0.24526041666666665 0.47022242817423543 0.04003645833333334 0.1445134383688601
0 0.88625 0.5982020389249305 0.036338541666666654 0.15788693234476378
3 0.5894739583333333 0.03914735866543095 0.033463541666666666 0.07798887859128824
4 0.4204166666666667 0.686923076923077 0.05625 0.12595922150139024
1 0.43361979166666664 0.5896107506950881 0.05138020833333338 0.05908248378127896
1 0.4297239583333334 0.6564504170528267 0.053317708333333394 0.09685820203892492
4 0.15125 0.5195273401297498 0.039390625 0.14445783132530127
1 0.4486614583333333 0.4742539388322521 0.052197916666666684 0.06572752548656165
4 0.5192916666666666 0.16215940685820204 0.04992708333333334 0.12502316960148288