1 0.7281770833333333 0.5411955514365153 0.04357812500000004 0.09003707136237266
0 0.37233854166666663 0.6149582947173309 0.0328125 0.10824837812789616
4 0.5915677083333333 0.2190639481000927 0.03889583333333325 0.0917794253938832
4 0.6123333333333334 0.31432808155699726 0.04202083333333325 0.08904541241890643
0 0.6151197916666666 0.44817423540315104 0.04509374999999996 0.06724745134383694
0 0.5476093750000001 0.73758109360519 0.030869791666666656 0.12400370713623722
4 0.8399427083333334 0.5021316033364226 0.029281249999999894 0.0964133456904541
0 0.6406510416666666 0.51097312326228 0.0446927083333333 0.07240963855421675
0 0.5964114583333333 0.3802224281742354 0.041630208333333245 0.08392029657089894
0 0.5704583333333333 0.5461538461538461 0.02826041666666678 0.10346617238183513
0 0.68278125 0.5963484708063022 0.04190625000000002 0.08397590361445774
0 0.5103072916666667 0.4676088971269694 0.02982812499999999 0.08976830398517147
2 0.80446875 0.4514643188137164 0.031864583333333245 0.11506024096385545
3 0.8741614583333334 0.9347544022242819 0.031312499999999945 0.08350324374420762
4 0.7798125 0.6973308619091751 0.044473958333333265 0.11202038924930502
0 0.23198437500000002 0.3836144578313253 0.02485937500000001 0.10015755329008345
0 0.45521354166666667 0.3553290083410565 0.023588541666666647 0.10424467099165896
1 0.6723020833333333 0.4141056533827618 0.03268750000000011 0.06105653382761816
3 0.4910572916666667 0.0862928637627433 0.022885416666666696 0.09082483781278963
1 0.6784739583333333 0.4444114921223355 0.03193229166666664 0.05419833178869325
0 0.39497916666666666 0.22723818350324373 0.02603645833333334 0.08685820203892496
1 0.6761666666666667 0.49028730305838736 0.03259895833333341 0.07907321594068577
1 0.7081510416666668 0.5086746987951808 0.0323489583333334 0.07597775718257647
4 0.7517291666666667 0.42325301204819277 0.030776041666666743 0.10131603336422618