0 0.6530677083333334 0.3795366079703429 0.04892187499999991 0.06909175162187206
1 0.6691510416666666 0.5299258572752549 0.041281250000000116 0.09433734939759032
0 0.47698437499999996 0.4553012048192771 0.0305052083333333 0.10401297497683042
0 0.5961458333333333 0.5331139944392956 0.046958333333333255 0.073076923076923
0 0.6747447916666667 0.3310101946246525 0.03307291666666667 0.06336422613531048
2 0.702984375 0.45712696941612607 0.029380208333333258 0.0890361445783132
0 0.5657135416666667 0.22329008341056533 0.02868229166666675 0.09029657089898052
1 0.7180468750000001 0.38951807228915664 0.03390624999999995 0.07996292863762741
0 0.27915104166666665 0.5614735866543096 0.026317708333333318 0.10934198331788694
0 0.6229166666666667 0.4452085264133457 0.03761458333333323 0.06567191844300274
0 0.5354010416666667 0.3514087117701576 0.02965104166666664 0.10667284522706212
4 0.6161822916666666 0.7633364226135311 0.0471041666666667 0.1181556997219648
0 0.3896875 0.7385449490268767 0.030958333333333362 0.1262187210379982
0 0.5124270833333333 0.6532993512511585 0.035421875 0.12265987025023162
0 0.6802083333333333 0.27438368860055606 0.026656249999999916 0.0855607043558851
4 0.8850833333333333 0.49096385542168675 0.034156249999999964 0.10469879518072292
4 0.5709010416666668 0.7193141797961075 0.04484374999999995 0.12075996292863758
3 0.8229322916666667 0.03257645968489342 0.031244791666666553 0.0651436515291937
1 0.675296875 0.49776645041705286 0.03873958333333339 0.0899814643188137
4 0.7645 0.3640593141797961 0.04066666666666663 0.09805375347544018
1 0.6749427083333334 0.44421686746987954 0.03322916666666676 0.04957367933271548
4 0.7279739583333333 0.34870250231696015 0.03681770833333336 0.06694161260426322
1 0.7017083333333333 0.42047265987025023 0.035072916666666745 0.07412418906394812