0 0.32422395833333334 0.6572474513438369 0.059880208333333344 0.09651529193697878
4 0.41178125 0.1659036144578313 0.059744791666666686 0.11857275254865617
0 0.3817552083333334 0.47012974976830396 0.050312499999999954 0.133920296570899
0 0.34631249999999997 0.5881000926784059 0.06375000000000004 0.08645041705282666
4 0.287421875 0.37755329008341054 0.05845833333333334 0.1312974976830398
0 0.6997239583333333 0.18747914735866542 0.029890624999999935 0.13153846153846155
4 0.20616666666666666 0.7076274328081557 0.060765624999999976 0.10249304911955506
0 0.42459375 0.3864782205746061 0.030078125 0.13683039851714549
2 0.113046875 0.5563670064874885 0.03820312500000001 0.15518072289156631
0 0.29809895833333333 0.705551436515292 0.03801041666666668 0.14810009267840588
0 0.714359375 0.3652734012974977 0.025541666666666647 0.13448563484708065
0 0.5323281249999999 0.7048563484708062 0.029645833333333312 0.15032437442076
0 0.8989322916666667 0.581760889712697 0.02996874999999998 0.1535032437442077
0 0.5408333333333334 0.5278498609823911 0.02947395833333335 0.14505097312326226
4 0.060385416666666664 0.6346524559777571 0.03833854166666668 0.13458758109360522
1 0.267609375 0.534902687673772 0.04152083333333335 0.06734939759036151
4 0.335140625 0.29693234476367003 0.05514062499999994 0.121177015755329
1 0.274203125 0.5961260426320667 0.04707812500000002 0.09054680259499541
0 0.539578125 0.4621223354958295 0.0321197916666667 0.14499536607970348
1 0.21903125 0.6491658943466173 0.03864062499999997 0.09759962928637622
1 0.23671354166666667 0.617710843373494 0.0367552083333333 0.0971825764596848
1 0.2792135416666667 0.4872752548656163 0.04046354166666669 0.05926784059314184