0 0.5505677083333332 0.5750787766450417 0.043020833333333286 0.06477293790546812
0 0.2617864583333333 0.6576088971269693 0.029796875000000018 0.08694161260426315
4 0.5056666666666667 0.8781278962001854 0.04504687500000001 0.0976181649675625
0 0.546484375 0.1512604263206673 0.02830729166666662 0.06767377201112139
0 0.40838541666666667 0.22968489341983317 0.023093749999999958 0.08397590361445782
0 0.4540416666666667 0.6257645968489343 0.02951562500000004 0.08658943466172388
0 0.3944739583333333 0.4345505097312326 0.029807291666666676 0.0864596848934198
4 0.717921875 0.25889712696941614 0.030703124999999904 0.08010194624652459
3 0.7254947916666666 0.08663577386468954 0.022411458333333436 0.07078776645041707
3 0.38006770833333337 0.48311399443929565 0.025437499999999957 0.09022242817423537
0 0.31078645833333335 0.8203429101019463 0.03271874999999997 0.09366079703429096
1 0.6537968749999999 0.43150139017608896 0.030885416666666762 0.07163113994439292
4 0.7292343750000001 0.1580722891566265 0.03121354166666658 0.08381835032437442
1 0.613015625 0.5524930491195551 0.026552083333333344 0.08120481927710854
3 0.8466041666666667 0.6264226135310472 0.02863020833333323 0.10391102873030594
4 0.571984375 0.718693234476367 0.029375000000000047 0.09323447636700641
0 0.49473958333333334 0.45434661723818354 0.029296875 0.07152919369786846
1 0.637546875 0.4654402224281742 0.03115104166666664 0.058582020389249284
2 0.7250833333333334 0.5016589434661723 0.02136979166666677 0.09981464318813721
1 0.6215677083333334 0.49772937905468023 0.02761979166666677 0.06195551436515289
3 0.31588541666666664 0.022706209453197405 0.019270833333333334 0.04541241890639481
0 0.5461770833333334 0.314772937905468 0.02570833333333334 0.07964782205746067
0 0.595796875 0.4371733086190917 0.03410416666666668 0.06185356811862837
0 0.5776770833333333 0.48455050973123265 0.04077083333333344 0.0534569045412419
4 0.7415885416666667 0.4647636700648749 0.024843749999999904 0.08305838739573675
1 0.6187604166666667 0.5089063948100093 0.02745312500000002 0.05087117701575542
3 0.9934895833333334 0.37462465245597776 0.013020833333333334 0.09123262279888791