4 0.26715104166666664 0.7096478220574607 0.05365104166666666 0.10584800741427251
0 0.47933333333333333 0.49789620018535685 0.031265624999999984 0.09886005560704357
2 0.20112500000000003 0.42773864689527336 0.03430729166666667 0.11217794253938829
0 0.3740729166666667 0.5664411492122337 0.05210937499999998 0.0778776645041705
1 0.308625 0.4020667284522706 0.0325104166666667 0.07911955514365153
0 0.847265625 0.6089156626506024 0.03294791666666678 0.11074142724745135
0 0.38716666666666666 0.18252085264133458 0.02670833333333332 0.09713623725671919
0 0.374515625 0.448239110287303 0.042421875000000026 0.07988878591288234
4 0.2767291666666667 0.5454772937905469 0.03422916666666668 0.10867469879518071
1 0.30299479166666665 0.36158480074142724 0.03458333333333338 0.08132530120481928
0 0.48926041666666664 0.27215940685820206 0.02882812499999995 0.08729379054680257
0 0.7060937500000001 0.2875718257645969 0.028895833333333343 0.10634847080630214
0 0.37905729166666663 0.7314921223354958 0.036802083333333374 0.1075440222428174
4 0.32011979166666665 0.18072289156626506 0.04391666666666663 0.08745134383688602
1 0.33160937500000004 0.4474976830398517 0.038338541666666615 0.08339202965708992
1 0.3043125 0.4729379054680259 0.032307291666666654 0.08269694161260423
4 0.3094375 0.6029101019462465 0.04247395833333331 0.10633920296570899
0 0.4834270833333333 0.6212326227988878 0.02909374999999995 0.10255792400370721
0 0.38629166666666664 0.34164967562557924 0.03972395833333332 0.07967562557924006
4 0.2850520833333333 0.31083410565338276 0.03881249999999999 0.09606116774791472
1 0.296078125 0.5113809082483781 0.03165104166666666 0.09636700648748843
3 0.3754427083333333 0.02221501390176089 0.02791145833333329 0.044420759962928644
0 0.37541145833333334 0.3117238183503244 0.030427083333333372 0.0426691380908248