4 0.653296875 0.595032437442076 0.04440625000000011 0.10929564411492128
0 0.36204166666666665 0.3366172381835032 0.03082812500000003 0.10506950880444857
0 0.6314427083333333 0.3300834105653383 0.026963541666666656 0.08860055607043561
0 0.609453125 0.382808155699722 0.03785937500000003 0.0672103799814643
1 0.6437135416666667 0.5018906394810009 0.03685937499999999 0.08679332715477298
0 0.183046875 0.5470157553290084 0.03029166666666665 0.11849860982391093
0 0.5922395833333333 0.4405097312326228 0.04065104166666676 0.07495829471733086
0 0.507796875 0.3957089898053754 0.029223958333333282 0.09560704355885076
0 0.39410416666666664 0.6849860982391103 0.030869791666666656 0.11507877664504178
0 0.49019270833333334 0.453466172381835 0.024020833333333276 0.1153753475440222
0 0.464453125 0.6045412418906394 0.03371354166666667 0.11351251158480076
4 0.5929010416666666 0.6305468025949954 0.035161458333333444 0.11568118628359586
3 0.7618072916666667 0.1190917516218721 0.025697916666666744 0.0893141797961075
1 0.6594218749999999 0.4800926784059314 0.03316145833333337 0.0799907321594068
1 0.6538072916666666 0.4331696014828545 0.0328125 0.05093605189990735
4 0.6964739583333334 0.3706672845227062 0.03465104166666677 0.0606302131603336
1 0.6761666666666667 0.4195088044485635 0.032760416666666715 0.07626506024096383
0 0.5397447916666667 0.528368860055607 0.03423958333333328 0.12631139944392952
0 0.5629531249999999 0.5112326227988878 0.02834375000000004 0.09836886005560708
1 0.6890416666666667 0.3959128822984245 0.032895833333333256 0.06569972196478219
4 0.6165104166666667 0.6851529193697868 0.03524999999999991 0.12010194624652448
4 0.7999895833333334 0.42054680259499533 0.02798958333333322 0.10265987025023168
2 0.7872968749999999 0.4405746061167748 0.022312500000000075 0.12418906394810009