4 0.2525208333333333 0.5155421686746988 0.03668749999999997 0.10317886932344762
3 0.60234375 0.057488415199258576 0.025973958333333276 0.09054680259499535
0 0.36871875000000004 0.5593049119555144 0.05209374999999999 0.082150139017609
4 0.17059895833333333 0.41592215013901757 0.032234374999999996 0.1032437442075996
0 0.5515989583333333 0.18416126042632067 0.028578124999999944 0.08793327154772937
4 0.18857291666666667 0.6997497683039852 0.055052083333333356 0.12410565338276189
3 0.023854166666666666 0.2869416126042632 0.031067708333333336 0.09395736793327154
0 0.39119270833333336 0.5128822984244671 0.04594791666666668 0.07727525486561626
3 0.09096875 0.9287117701575535 0.03558333333333333 0.10387395736793331
0 0.824796875 0.3960982391102873 0.029276041666666686 0.12164967562557923
0 0.434453125 0.42002780352177943 0.043588541666666696 0.06949026876737721
4 0.48153124999999997 0.17177942539388322 0.04461979166666671 0.09596848934198333
1 0.30825520833333336 0.49469879518072285 0.04057812500000004 0.10160333642261359
0 0.46649999999999997 0.3481556997219648 0.052739583333333326 0.07134383688600558
0 0.49146354166666667 0.4801204819277108 0.027682291666666713 0.12347544022242819
0 0.28622916666666665 0.7164226135310473 0.030906249999999958 0.14320667284522703
0 0.557125 0.34198331788693237 0.022734375000000046 0.11496756255792397
0 0.587203125 0.572224281742354 0.03564583333333336 0.13767377201112135
0 0.5445 0.4325949953660797 0.026088541666666683 0.12623725671918445
1 0.3611197916666667 0.4555699721964782 0.03420833333333337 0.07801668211306761
1 0.3331354166666667 0.47591288229842443 0.031833333333333276 0.07803521779425399
2 0.3413229166666667 0.40734939759036143 0.021411458333333282 0.07057460611677477
1 0.364421875 0.37154772937905467 0.032125000000000035 0.04914735866543093
1 0.3598854166666667 0.4060055607043559 0.034953124999999946 0.04502316960148289
3 0.5206562499999999 0.04838739573679333 0.03276562500000004 0.09607970342910102
4 0.3907864583333333 0.36664504170528267 0.03244270833333331 0.07079703429101018