0 0.5377708333333333 0.18039851714550512 0.04152083333333329 0.08506024096385545
2 0.3259375 0.2665152919369787 0.03768229166666662 0.10731232622798888
1 0.399625 0.3696385542168674 0.042859374999999984 0.09056533827618167
4 0.25028645833333335 0.8434754402224282 0.05034895833333331 0.11518999073215937
0 0.4419166666666667 0.4607784986098239 0.04326041666666664 0.0993234476367006
4 0.48678125 0.14410565338276182 0.04292187500000004 0.09279888785912882
4 0.3378802083333333 0.5404819277108434 0.04404166666666664 0.10810936051899915
0 0.7366979166666667 0.27397590361445784 0.02527604166666677 0.10599629286376275
0 0.5488177083333333 0.489406858202039 0.024161458333333267 0.1145505097312326
0 0.4924739583333333 0.3253382761816497 0.036098958333333306 0.07869323447636697
0 0.6614791666666666 0.12883225208526414 0.02248437500000004 0.0994253938832252
0 0.524765625 0.6131047265987025 0.029057291666666648 0.11957367933271545
0 0.47289583333333335 0.39446709916589434 0.03828645833333333 0.07761816496756256
1 0.4383958333333334 0.2723725671918443 0.03260416666666662 0.07550509731232626
0 0.8011927083333333 0.5995829471733086 0.025307291666666742 0.12177015755328996
4 0.3507604166666667 0.2219091751621872 0.024473958333333337 0.09695088044485636
4 0.38221875 0.5042724745134384 0.043552083333333394 0.09618164967562555
0 0.5222864583333333 0.8756626506024097 0.028249999999999945 0.1242446709916589
0 0.5080885416666666 0.2576552363299351 0.042869791666666636 0.07286376274328082
1 0.4524739583333333 0.3181186283595922 0.03281770833333333 0.07463392029657087
1 0.4437760416666666 0.22220574606116775 0.029817708333333335 0.04393883225208523
3 0.11555208333333335 0.09508804448563485 0.027729166666666673 0.08544022242817423
1 0.41945312500000004 0.33572752548656165 0.027395833333333286 0.08077849860982388