4 0.6265260416666667 0.5992029657089898 0.04494270833333332 0.09792400370713632
0 0.57828125 0.3597126969416126 0.04455208333333331 0.06962928637627433
0 0.5761614583333333 0.42866543095458753 0.03802083333333333 0.07791473586654303
0 0.4978125 0.3409731232622799 0.02688020833333328 0.09926784059314181
1 0.6201666666666666 0.40815569972196475 0.03647395833333344 0.0710194624652456
0 0.49421875 0.4395366079703429 0.029484374999999948 0.09528266913809078
4 0.6494895833333333 0.11029657089898053 0.03691666666666672 0.08492122335495828
4 0.6326614583333333 0.907052826691381 0.05021875000000004 0.11643188137164051
0 0.5311614583333333 0.10433734939759036 0.02442708333333332 0.08582947173308618
0 0.194453125 0.5755977757182577 0.026052083333333323 0.09856348470806293
0 0.5674114583333334 0.5198887859128823 0.047135416666666666 0.07203892493049122
0 0.526796875 0.4913623725671918 0.022781249999999944 0.10847080630213157
0 0.5850520833333334 0.2993790546802595 0.03639062499999994 0.06409638554216865
0 0.5064114583333333 0.9149768303985172 0.029161458333333338 0.11397590361445785
2 0.7488177083333334 0.39716404077849865 0.02911458333333338 0.10193697868396664
0 0.2573229166666666 0.22446709916589433 0.02511458333333332 0.1015477293790547
4 0.6559062499999999 0.29484708063021314 0.03262499999999993 0.07333642261353104
1 0.64934375 0.3395644114921223 0.031052083333333275 0.07168674698795183
1 0.64496875 0.4708897126969416 0.03149479166666656 0.09142724745134381
1 0.6349687500000001 0.3763021316033364 0.030520833333333285 0.06797961075069511
4 0.7602135416666667 0.46367933271547723 0.026223958333333287 0.11116774791473585
1 0.6371302083333333 0.4242168674698795 0.03214583333333323 0.06166821130676549