0 0.5630989583333333 0.4667191844300278 0.03535416666666672 0.10364226135310477
4 0.3190625 0.340518999073216 0.04038020833333332 0.08709916589434663
0 0.57265625 0.5561816496756256 0.03610416666666675 0.1253197405004634
0 0.430859375 0.37462465245597776 0.04700000000000001 0.07482854494902688
1 0.35690625 0.5944578313253012 0.047098958333333364 0.10884151992585732
0 0.5442604166666667 0.33027803521779425 0.028348958333333306 0.1322520852641335
4 0.3732447916666667 0.8354587581093605 0.06469270833333335 0.1391102873030583
0 0.44966666666666666 0.22798887859128822 0.030229166666666647 0.11498609823911025
4 0.3055572916666666 0.30229842446709915 0.04094791666666673 0.08780352177942541
0 0.7364322916666667 0.3006209453197405 0.030614583333333438 0.13515291936978688
0 0.4497135416666667 0.44696941612604263 0.06074479166666672 0.07873030583873962
0 0.6372239583333333 0.8347173308619091 0.031119791666666667 0.15604263206672855
4 0.12139583333333334 0.4998980537534754 0.03888541666666668 0.1429471733086191
4 0.3486666666666667 0.3642910101946246 0.03970312500000001 0.06344763670064878
0 0.8594114583333333 0.6391936978683967 0.032817708333333445 0.1369694161260426
1 0.346671875 0.40757182576459683 0.04425000000000002 0.08414272474513435
1 0.36536979166666667 0.5338461538461539 0.04551562500000005 0.07070435588507874
1 0.37526041666666665 0.49757182576459685 0.048729166666666636 0.08840593141797964
0 0.44783333333333336 0.6508804448563484 0.06749999999999995 0.09269694161260425
1 0.3560260416666667 0.45729379054680264 0.04556770833333334 0.07981464318813716
2 0.34671875 0.4917516218721038 0.03560937499999994 0.10072289156626511
0 0.4542552083333333 0.5222335495829472 0.052854166666666674 0.09089898053753469