0 0.41126221498371335 0.614 0.03619706840390883 0.11294117647058817
4 0.5292752442996743 0.2989558823529412 0.049324104234527634 0.10513235294117648
0 0.5378175895765472 0.6436470588235295 0.0448045602605863 0.1284558823529412
3 0.9264495114006516 0.20202941176470587 0.02662052117263848 0.11752941176470591
0 0.2156026058631922 0.30422058823529413 0.04043973941368076 0.10488235294117645
4 0.5218648208469056 0.1525 0.038827361563517966 0.1024264705882353
1 0.5683387622149837 0.48788235294117643 0.03517100977198701 0.0682205882352941
0 0.5209771986970684 0.5689558823529411 0.0393159609120521 0.10507352941176477
0 0.5070114006514658 0.49383823529411763 0.045146579804560306 0.08230882352941181
3 0.29642508143322477 0.5751323529411765 0.03209283387622147 0.12004411764705882
4 0.6513517915309447 0.8233235294117647 0.05263843648208477 0.11897058823529424
0 0.5695032573289902 0.8351176470588235 0.03219869706840388 0.12494117647058829
0 0.39321661237785016 0.5135147058823529 0.03365635179153098 0.10629411764705879
1 0.6017508143322476 0.6018382352941176 0.03893322475570028 0.11341176470588236
4 0.5983061889250815 0.4344558823529412 0.03166123778501637 0.10385294117647059
0 0.4240960912052117 0.1646764705882353 0.02915309446254068 0.09430882352941178
0 0.3804071661237785 0.45025000000000004 0.03392508143322473 0.10614705882352934
0 0.49831433224755695 0.4453676470588236 0.04142508143322467 0.08088235294117647
0 0.1160097719869707 0.5186470588235295 0.032288273615635174 0.11826470588235288
4 0.7894869706840391 0.48845588235294113 0.03004071661237793 0.11227941176470592
2 0.7038762214983714 0.49383823529411763 0.03425081433224751 0.11585294117647055
1 0.5876954397394137 0.5660588235294118 0.03527687296416933 0.08911764705882357
1 0.5619218241042345 0.5354705882352941 0.03706026058631921 0.08964705882352947
1 0.5711644951140065 0.43689705882352936 0.03331433224755707 0.063485294117647