2 0.6106250000000001 0.4974791473586654 0.036812499999999915 0.10681186283595923
1 0.62659375 0.4241241890639481 0.04156770833333331 0.08582020389249308
0 0.4115572916666667 0.48880444856348465 0.03439062499999999 0.11215940685820203
0 0.62971875 0.23276181649675626 0.0315677083333334 0.10353104726598701
4 0.8151875000000001 0.5406209453197406 0.03630208333333324 0.11324374420759968
1 0.5899270833333333 0.5459128822984244 0.03732812500000004 0.08898980537534752
4 0.7000677083333334 0.23860055607043557 0.041125000000000016 0.10649675625579237
0 0.46116666666666667 0.40018535681186285 0.03458854166666671 0.09508804448563486
4 0.57475 0.6496014828544948 0.04344270833333326 0.08329008341056544
0 0.5345572916666667 0.4851529193697869 0.04171354166666668 0.07212233549582941
0 0.47186979166666665 0.6158387395736793 0.05425000000000004 0.1064504170528266
0 0.5750677083333334 0.3794068582020389 0.034062500000000044 0.09562557924003713
1 0.5720104166666666 0.573271547729379 0.0390781250000001 0.08589434661723824
0 0.33351562500000004 0.6382298424467099 0.02961979166666661 0.11709916589434653
0 0.10073958333333333 0.362873030583874 0.02972395833333333 0.11030583873957366
0 0.3845677083333333 0.7000926784059314 0.029203124999999965 0.11325301204819281
0 0.5133177083333333 0.5423169601482855 0.05064062499999995 0.07688600556070439
4 0.5543541666666666 0.617126969416126 0.0431302083333333 0.08148285449490275
1 0.5761041666666666 0.4932993512511585 0.04247395833333343 0.06177942539388325
1 0.6079218750000001 0.46551436515291944 0.0401458333333333 0.07810009267840597
3 0.7477031249999999 0.028544949026876733 0.03365624999999994 0.05708063021316034
0 0.47860416666666666 0.5614550509731232 0.03411458333333333 0.047849860982391204
4 0.5619270833333334 0.6882298424467099 0.02197916666666657 0.1341983317886932