1 0.397640625 0.5017238183503244 0.044265625 0.11896200185356808
0 0.460671875 0.5472845227062094 0.05808333333333333 0.14079703429101026
0 0.5617552083333333 0.5711399443929565 0.04586979166666675 0.1622520852641334
4 0.28145312499999997 0.6761816496756256 0.07595833333333332 0.15822984244670993
4 0.5767864583333334 0.09840593141797961 0.04569791666666655 0.11852641334569045
0 0.512390625 0.4846987951807229 0.06285937500000002 0.09934198331788699
4 0.34314062500000003 0.52032437442076 0.04700000000000001 0.11867469879518068
0 0.5489999999999999 0.33446709916589434 0.04595312500000001 0.12499536607970343
0 0.6121041666666667 0.6935588507877665 0.04444791666666674 0.14067655236329932
0 0.5851979166666667 0.41513438368860056 0.04294791666666668 0.13109360518999066
0 0.856671875 0.1387859128822984 0.035546875 0.12655236329935127
0 0.7354895833333334 0.3854124189063948 0.04009375000000001 0.14912882298424465
1 0.4261979166666666 0.47228915662650606 0.04265625000000005 0.09281742354031514
0 0.6827708333333333 0.4927618164967563 0.03477604166666666 0.16724745134383692
0 0.5281770833333332 0.4135032437442076 0.04606249999999997 0.08345690454124186
4 0.2470989583333333 0.4461723818350325 0.04087499999999998 0.14689527340129754
1 0.443234375 0.43936051899907314 0.04744791666666662 0.08382761816496755
1 0.4455677083333333 0.3994902687673772 0.046927083333333286 0.06577386468952737
2 0.27396875 0.39671918443002774 0.04042708333333331 0.15987025023169596
0 0.5567864583333333 0.4496014828544949 0.040421875000000065 0.13607043558850782
1 0.44742187499999997 0.3482483781278962 0.04442708333333331 0.0652641334569045
3 0.7019322916666667 0.44742354031510656 0.0335208333333334 0.1351343836886005
4 0.17922916666666666 0.4038646895273401 0.04109374999999999 0.12670991658943467
3 0.0091875 0.3081649675625579 0.018369791666666673 0.15185356811862838