4 0.251609375 0.838563484708063 0.05026562500000002 0.12192771084337345
0 0.5584010416666667 0.3352919369786839 0.031005208333333437 0.09837812789620017
0 0.47218750000000004 0.2566079703429101 0.04815104166666669 0.06091751621872105
2 0.284140625 0.3137534754402225 0.0281614583333333 0.11912882298424464
4 0.28168750000000004 0.5830583873957368 0.0508177083333333 0.1115755329008342
0 0.5582864583333333 0.1552548656163114 0.028229166666666573 0.08696014828544947
0 0.45527083333333335 0.3803985171455051 0.04226041666666672 0.07544949026876735
0 0.8327864583333333 0.6407414272474513 0.03229166666666667 0.10557924003707143
0 0.5317239583333333 0.4575625579240037 0.03152604166666665 0.10643188137164043
3 0.032609375 0.16564411492122336 0.027739583333333328 0.10477293790546803
0 0.42135416666666664 0.46839666357738646 0.04906250000000002 0.07824837812789626
0 0.460625 0.3084059314179796 0.046187500000000034 0.06817423540315101
0 0.454078125 0.5791288229842446 0.027994791666666668 0.09977757182576467
4 0.333171875 0.46053753475440223 0.04755729166666664 0.08584800741427247
0 0.8327552083333334 0.2606394810009268 0.02711979166666675 0.10022242817423539
4 0.4360625 0.15579240037071362 0.03915625000000003 0.09199258572752547
1 0.39334375 0.30088971269694165 0.030661458333333277 0.06417052826691381
1 0.40620833333333334 0.34810009267840597 0.03571874999999996 0.0736237256719185
0 0.45763541666666663 0.8716867469879518 0.033395833333333395 0.11524559777571818
1 0.3937916666666667 0.2626413345690454 0.03316145833333337 0.05752548656163116
1 0.36570312499999996 0.4061723818350324 0.03619270833333334 0.06834105653382763
4 0.2879479166666667 0.2676181649675625 0.030015625000000056 0.08586654309545874
1 0.38222395833333334 0.3716682113067655 0.034458333333333376 0.06587581093605194