3 0.05653645833333334 0.20370713623725673 0.027604166666666673 0.11005560704355885
0 0.44778645833333336 0.27830398517145505 0.046859375000000016 0.0670157553290084
0 0.6503802083333333 0.12068582020389249 0.03103124999999996 0.09820203892493047
0 0.4045520833333333 0.41480074142724743 0.05270833333333336 0.0764782205746061
0 0.7871875 0.28807228915662647 0.03544270833333343 0.10043558850787766
0 0.517421875 0.4061260426320667 0.028567708333333285 0.12582947173308617
0 0.49442187499999996 0.5739110287303059 0.0359010416666667 0.11356811862835955
0 0.4263958333333333 0.3247265987025023 0.050614583333333366 0.070389249304912
0 0.5534791666666667 0.27269694161260427 0.028812500000000085 0.11380908248378126
0 0.478484375 0.8310194624652456 0.03465624999999998 0.12999073215940685
0 0.39616666666666667 0.49467099165894346 0.04435937500000004 0.10731232622798885
2 0.23267708333333334 0.33865616311399444 0.02719791666666668 0.10589434661723818
1 0.31336458333333334 0.44253012048192775 0.043505208333333316 0.09545875810936053
0 0.7365677083333334 0.6465523632993513 0.03920312499999999 0.11484708063021323
1 0.36253645833333337 0.3747451343836886 0.0383177083333333 0.07884151992585722
3 0.5889479166666667 0.3892678405931418 0.027432291666666705 0.1164874884151993
1 0.368328125 0.2906209453197405 0.032505208333333376 0.08482854494902685
4 0.20168229166666668 0.40924003707136236 0.02624479166666666 0.10206672845227062
4 0.3834322916666667 0.18828544949026876 0.03414062499999997 0.09545875810936053
4 0.28818229166666665 0.5780908248378128 0.038953124999999984 0.08627432808155693
1 0.32489583333333333 0.3889620018535681 0.031765625000000006 0.05975903614457833
4 0.16953645833333333 0.831436515291937 0.0473020833333333 0.11265987025023165
1 0.3576770833333333 0.3162557924003707 0.03748958333333334 0.07697868396663572
4 0.442578125 0.11690454124189065 0.03957291666666667 0.09528266913809084