1 0.6642916666666667 0.4873425925925926 0.03661458333333343 0.0797592592592593
4 0.6072395833333334 0.23178703703703704 0.038791666666666676 0.08872222222222222
1 0.645140625 0.44969444444444445 0.035541666666666555 0.07975
4 0.671390625 0.5558240740740741 0.04821874999999996 0.10298148148148151
0 0.5373229166666668 0.3273518518518519 0.04522395833333329 0.0580925925925926
3 0.46015104166666665 0.03274074074074074 0.02840624999999998 0.06547222222222222
1 0.6270572916666667 0.3820185185185185 0.03819791666666674 0.06402777777777775
4 0.8013958333333334 0.8448333333333333 0.0517968749999999 0.1105648148148149
0 0.5997552083333333 0.5508240740740741 0.05742708333333345 0.0776203703703703
0 0.55078125 0.3732037037037037 0.050520833333333334 0.0705185185185185
4 0.5564791666666667 0.18407407407407408 0.04048437500000001 0.09506481481481482
4 0.732171875 0.6588240740740741 0.056218750000000026 0.11285185185185195
0 0.48585937500000004 0.29938888888888887 0.024463541666666682 0.10269444444444442
0 0.5299427083333333 0.653712962962963 0.030473958333333388 0.11337037037037043
2 0.7444375 0.3880462962962963 0.030833333333333237 0.11754629629629634
0 0.5843489583333333 0.4905555555555555 0.051041666666666666 0.07329629629629632
0 0.6790885416666667 0.8655925925925926 0.030031249999999923 0.1305092592592593
0 0.4702083333333333 0.17464814814814816 0.02137499999999998 0.10346296296296296
0 0.29848958333333336 0.6462407407407408 0.02809375000000003 0.12400000000000007
0 0.2874322916666667 0.39567592592592593 0.025692708333333297 0.10900925925925928
1 0.6219583333333334 0.33690740740740743 0.033859375000000115 0.047555555555555566
0 0.44133333333333336 0.30521296296296296 0.021708333333333368 0.11479629629629631
1 0.6104843750000001 0.4271851851851852 0.032770833333333374 0.07409259259259257