2 0.8470520833333333 0.48816496756255795 0.037161458333333286 0.1306858202038925
0 0.6358437499999999 0.5122706209453197 0.05540625000000006 0.08821130676552369
0 0.6787552083333334 0.6901853568118629 0.0485989583333333 0.09081556997219649
0 0.6028489583333333 0.363660797034291 0.05063020833333335 0.09570898980537533
0 0.6524270833333333 0.6094439295644115 0.05852604166666661 0.08873030583873959
0 0.34027083333333336 0.7356626506024097 0.047630208333333354 0.11506950880444863
0 0.06219270833333333 0.43263206672845234 0.036697916666666656 0.11587581093605193
4 0.6698802083333334 0.1764133456904541 0.04614583333333329 0.10581093605189992
1 0.70590625 0.4551436515291937 0.039010416666666714 0.0810843373493976
1 0.7019322916666667 0.5263113994439296 0.048833333333333444 0.08779425393883226
0 0.6984375 0.7906672845227062 0.03401041666666676 0.13413345690454126
0 0.5256041666666667 0.5368211306765523 0.034953124999999946 0.1278683966635774
0 0.565359375 0.6493697868396663 0.034468749999999916 0.12582947173308617
4 0.6402291666666666 0.21416126042632067 0.04773958333333326 0.1086468952734013
0 0.5558333333333334 0.17304911955514365 0.030265625000000067 0.1157182576459685
4 0.7546197916666666 0.6700556070435588 0.04041666666666662 0.08599629286376272
1 0.704390625 0.40293790546802594 0.0399322916666667 0.06657089898053757
4 0.7840729166666667 0.7067191844300278 0.04441145833333333 0.09620945319740495
1 0.7332864583333334 0.5719833178869324 0.03892187500000001 0.09498609823911029
0 0.50834375 0.24143651529193697 0.028390624999999996 0.12303985171455051
4 0.8819635416666666 0.5842354031510658 0.03426041666666677 0.12337349397590372
1 0.7599270833333333 0.6039759036144579 0.03994270833333336 0.0864874884151992