4 0.6838020833333334 0.7635217794253939 0.04986979166666667 0.11335495829471728
2 0.7774791666666666 0.397451343836886 0.04456249999999997 0.11336422613531041
0 0.6254427083333333 0.3196570898980538 0.0325104166666667 0.089805375347544
4 0.6792239583333333 0.2778035217794254 0.03690104166666662 0.08886005560704356
0 0.612421875 0.3959406858202039 0.04617187500000005 0.05963855421686749
0 0.522390625 0.4837349397590362 0.027932291666666723 0.08052826691380913
4 0.7203697916666666 0.6320389249304912 0.0410885416666666 0.10903614457831334
0 0.5321302083333334 0.39116774791473585 0.029041666666666723 0.09561631139944389
0 0.5063229166666666 0.7622520852641335 0.03202604166666667 0.11746987951807229
0 0.4593072916666667 0.25755329008341055 0.028270833333333318 0.08148285449490268
0 0.4100729166666667 0.3244022242817423 0.024911458333333296 0.09640407784986096
3 0.6460729166666667 0.09632066728452271 0.022593750000000058 0.08679332715477293
4 0.7147864583333334 0.5128452270620946 0.04372916666666669 0.09961075069508805
0 0.6225989583333333 0.4465152919369787 0.03686458333333344 0.055310472659870207
0 0.5444427083333333 0.5982854494902687 0.03343749999999997 0.11795180722891564
0 0.61853125 0.504643188137164 0.045828124999999886 0.07152919369786846
0 0.2764583333333333 0.5414179796107508 0.02965625000000003 0.10878591288229852
1 0.6615520833333334 0.40660797034291013 0.03265624999999991 0.06482854494902691
1 0.675390625 0.38161260426320665 0.031093749999999906 0.066468952734013
1 0.678875 0.4354865616311399 0.03825520833333324 0.0665245597775718
4 0.7864375 0.3442539388322521 0.027401041666666733 0.05836886005560706
1 0.6805989583333333 0.3501019462465246 0.032411458333333344 0.0558294717330862
1 0.6825729166666666 0.4661909175162187 0.041171875000000094 0.07432808155699726
3 0.103828125 0.06635773864689527 0.027536458333333336 0.09122335495829473