4 0.33277604166666663 0.7133734939759037 0.05221354166666667 0.11318813716404089
0 0.4867708333333333 0.5149490268767377 0.03612499999999995 0.10835032437442078
2 0.20480729166666667 0.4577849860982391 0.03817187499999998 0.11481927710843372
0 0.43834375 0.3028174235403151 0.03126041666666666 0.09537534754402222
1 0.29276562500000003 0.37903614457831325 0.03671354166666667 0.0871177015755329
0 0.40667708333333336 0.4969416126042632 0.043619791666666664 0.06436515291936983
4 0.31325000000000003 0.586793327154773 0.03555729166666666 0.10781278962001847
0 0.34338541666666667 0.26284522706209457 0.03572395833333329 0.08453197405004635
4 0.27782291666666664 0.26546802594995367 0.04389062499999999 0.09391102873030585
0 0.653921875 0.568044485634847 0.033463541666666666 0.11569045412418899
1 0.310203125 0.4209638554216868 0.034536458333333304 0.09449490268767381
0 0.6635885416666666 0.3574328081556997 0.032078125000000075 0.10396663577386464
0 0.4278020833333333 0.6101112140871177 0.03516666666666666 0.11594995366079694
0 0.383 0.3727896200185357 0.046531249999999955 0.09720111214087117
4 0.3581197916666667 0.6032344763670064 0.04274999999999996 0.11540315106580165
0 0.51090625 0.7236793327154774 0.03494791666666662 0.11329935125115848
0 0.42895833333333333 0.5428266913809083 0.049052083333333364 0.08341056533827618
0 0.356515625 0.33615384615384614 0.038744791666666716 0.07282669138090829
1 0.32793229166666665 0.522289156626506 0.03516666666666666 0.07673772011121405
1 0.33071354166666667 0.48029657089898053 0.03967708333333337 0.059212233549582986
1 0.339609375 0.45173308619091745 0.044906250000000016 0.08012974976830396
4 0.19886458333333332 0.4032159406858202 0.025885416666666692 0.09590361445783134