0 0.628890625 0.6124930491195552 0.06115104166666659 0.11411492122335484
0 0.5125520833333334 0.5171640407784986 0.048661458333333366 0.08812789620018534
0 0.7636458333333334 0.7678869323447636 0.03959374999999999 0.11903614457831331
0 0.6502552083333334 0.51451343836886 0.03252083333333336 0.13811862835959218
0 0.5705833333333333 0.4808341056533828 0.03713541666666676 0.10115848007414276
0 0.4509166666666667 0.4375440222428174 0.05865104166666661 0.07674698795180718
4 0.18990625 0.2667840593141798 0.039109375000000016 0.12011121408711772
4 0.280578125 0.31983317886932344 0.04214583333333334 0.12643188137164038
0 0.19938541666666668 0.1593975903614458 0.03551041666666664 0.10296570898980538
4 0.11205208333333333 0.171177015755329 0.04120833333333333 0.12019462465245598
0 0.32673958333333336 0.20474513438368858 0.032885416666666716 0.11518072289156629
4 0.34373437500000004 0.652224281742354 0.030421875000000043 0.12659870250231686
0 0.39336458333333335 0.28393883225208527 0.03770833333333338 0.11639481000926787
0 0.40933854166666667 0.3771455050973123 0.05625520833333333 0.08605189990732162
1 0.37129687499999997 0.44462465245597776 0.043229166666666666 0.10309545875810937
1 0.4590208333333334 0.5218443002780353 0.03544791666666664 0.08045412418906389
1 0.46910937500000005 0.5764874884151993 0.035463541666666626 0.10697868396663583
3 0.7100260416666667 0.4357553290083411 0.02919791666666664 0.14684893419833173
0 0.5596770833333333 0.5782854494902688 0.05217187500000004 0.07829471733086192
4 0.66915625 0.8044022242817424 0.052119791666666755 0.14442075996292858
2 0.3266458333333333 0.5580444856348471 0.029739583333333285 0.13879518072289157
1 0.40027604166666664 0.486014828544949 0.04263541666666661 0.1077942539388322
1 0.5036927083333333 0.6168303985171455 0.034281249999999965 0.1277015755329008