0 0.6112291666666666 0.37695088044485636 0.05167708333333323 0.07199258572752555
4 0.7405677083333334 0.8909267840593141 0.05413020833333325 0.11257645968489345
4 0.6323645833333333 0.11765523632993513 0.04542708333333323 0.08802594995366078
1 0.658109375 0.3459684893419833 0.04194270833333344 0.07635773864689525
4 0.7310729166666667 0.6105375347544022 0.051411458333333354 0.10651529193697874
2 0.7833229166666666 0.32420759962928636 0.032572916666666646 0.10670991658943466
0 0.432359375 0.8776830398517146 0.03700520833333331 0.12134383688600563
0 0.6027812499999999 0.2929286376274328 0.051791666666666694 0.07347544022242815
0 0.5256822916666667 0.4197126969416126 0.032265624999999964 0.09953660797034289
0 0.6218645833333334 0.4711862835959222 0.04573958333333342 0.09041705282669144
1 0.6714479166666667 0.29388322520852644 0.032447916666666764 0.07566265060240962
0 0.5157083333333333 0.3156997219647822 0.030406250000000058 0.10037998146431876
0 0.10910937500000001 0.3780722891566265 0.02813020833333333 0.10144578313253015
4 0.793328125 0.4002038924930491 0.036130208333333275 0.1052177942539388
0 0.5968333333333333 0.22781278962001852 0.044093749999999925 0.08341983317886932
1 0.69546875 0.42524559777571824 0.037192708333333255 0.09643188137164037
0 0.40093229166666666 0.08784059314179796 0.025125000000000005 0.10474513438368858
0 0.5984583333333333 0.5592678405931418 0.02788541666666665 0.10724745134383691
1 0.6680104166666666 0.245227062094532 0.035541666666666555 0.055171455050973095
4 0.6763750000000001 0.21735866543095456 0.03214583333333323 0.07795180722891565
1 0.6825 0.3800834105653383 0.03466666666666664 0.07997219647822054
0 0.5646145833333333 0.22130676552363301 0.030739583333333324 0.10716404077849863