0 0.34925520833333334 0.4305282669138091 0.03760937500000002 0.07984244670991657
4 0.25309375 0.7333642261353104 0.05530729166666663 0.1229286376274327
0 0.47675520833333335 0.7979610750695088 0.03418750000000005 0.1326969416126043
1 0.2983177083333333 0.4501760889712697 0.042859374999999984 0.07059314179796108
0 0.5144270833333333 0.21129749768303985 0.025255208333333338 0.11025023169601483
0 0.504625 0.4959128822984245 0.02495312500000004 0.12006487488415195
0 0.3918177083333333 0.6026320667284523 0.029708333333333316 0.13223354958294722
1 0.280515625 0.4180908248378128 0.03894791666666665 0.06916589434661724
0 0.34233854166666666 0.336274328081557 0.02550000000000002 0.11476367006487492
0 0.469296875 0.40464318813716404 0.02548958333333336 0.11471733086190915
0 0.8076614583333334 0.5363577386468953 0.026734374999999963 0.1269323447636701
1 0.27517708333333335 0.36819277108433734 0.03978124999999997 0.07435588507877666
4 0.2840260416666667 0.22120481927710844 0.03473958333333336 0.09715477293790548
0 0.34203645833333335 0.5489527340129751 0.037901041666666656 0.10097312326227993
1 0.26948958333333334 0.5122335495829472 0.04267708333333336 0.07220574606116782
4 0.07948437500000001 0.43631139944392955 0.02741666666666666 0.1311862835959221
0 0.34444270833333335 0.503197405004634 0.04072916666666669 0.07042632066728453
4 0.26873958333333337 0.5487210379981465 0.03897395833333332 0.07887859128822974
1 0.27519791666666665 0.4650139017608897 0.03965104166666664 0.0419555143651529
0 0.46434375 0.33919369786839665 0.020234374999999954 0.08615384615384619
4 0.25635416666666666 0.5988322520852641 0.040703124999999986 0.10260426320667287
2 0.26863020833333334 0.4184151992585728 0.03406770833333335 0.07710843373493981