4 0.2957447916666667 0.7750509731232622 0.055562500000000035 0.12052826691380904
2 0.26690104166666667 0.3538090824837813 0.034552083333333324 0.11808155699721962
4 0.33459374999999997 0.5465152919369788 0.04873437499999997 0.11739573679332722
1 0.34329166666666666 0.426079703429101 0.0368802083333333 0.09432808155699719
4 0.37281770833333333 0.1310194624652456 0.03997916666666666 0.07819277108433735
0 0.40897916666666667 0.4865894346617238 0.05561979166666665 0.06962928637627437
0 0.5033802083333333 0.25340129749768303 0.027249999999999965 0.08807228915662649
0 0.5568802083333334 0.13513438368860056 0.027406249999999945 0.0811955514365153
3 0.4290729166666667 0.04077849860982391 0.023343749999999965 0.07996292863762744
0 0.414140625 0.768952734012975 0.032734374999999954 0.12911955514365148
4 0.3540989583333333 0.2156533827618165 0.03999479166666665 0.08972196478220577
0 0.5513958333333334 0.5505004633920296 0.02786979166666678 0.12470806302131598
1 0.35208333333333336 0.31985171455050976 0.030562500000000034 0.0851158480074143
0 0.4301614583333333 0.29905468025949955 0.0467135416666667 0.056533827618164965
0 0.710328125 0.23862835959221504 0.026291666666666675 0.09235403151065799
0 0.41646354166666666 0.42914735866543097 0.05166666666666669 0.06771084337349403
0 0.699765625 0.5274884151992586 0.03172395833333326 0.12064874884151998
1 0.37515624999999997 0.3784800741427247 0.032583333333333304 0.07746987951807231
0 0.42946354166666667 0.34410565338276183 0.04696875000000003 0.060991658943466226
3 0.3287552083333333 0.9120945319740499 0.03672916666666666 0.10627432808155696
4 0.3817083333333333 0.26040778498609823 0.03749479166666667 0.08861909175162187
1 0.3623177083333333 0.34986098239110286 0.031947916666666624 0.05563484708063019
1 0.34936979166666665 0.39766450417052823 0.03227083333333335 0.06787766450417054
0 0.4324895833333333 0.35563484708063026 0.03834375000000006 0.08651529193697871