0 0.5393046874999999 0.7798888888888889 0.05673437499999991 0.10672222222222211
4 0.19959375 0.1801527777777778 0.057062500000000016 0.12388888888888887
0 0.390875 0.15190277777777778 0.03990625000000003 0.11718055555555557
0 0.848484375 0.3523194444444444 0.034765625 0.11763888888888888
1 0.3739765625 0.6060138888888889 0.04417968749999997 0.09370833333333337
0 0.5726718749999999 0.39840277777777783 0.04021093750000002 0.11876388888888888
0 0.44822656250000004 0.5965833333333334 0.04855468750000007 0.0933888888888889
1 0.42584375 0.7175277777777778 0.04821875000000002 0.10920833333333325
0 0.49779687499999997 0.6859305555555556 0.05513281249999995 0.09593055555555546
0 0.42781250000000004 0.47188888888888886 0.05686718749999997 0.11894444444444442
0 0.448359375 0.3175972222222222 0.03975781250000008 0.12593055555555557
4 0.3382421875 0.43338888888888893 0.054335937499999966 0.10736111111111105
1 0.3530859375 0.5547222222222222 0.050515624999999974 0.09405555555555559
0 0.5767109375 0.801138888888889 0.04338281249999998 0.13591666666666652
0 0.6501406249999999 0.6762916666666666 0.039687499999999966 0.13688888888888898
3 0.206640625 0.030555555555555555 0.03203125 0.06111111111111111
4 0.21949999999999997 0.5837222222222221 0.03311718749999999 0.1383194444444445
4 0.26482031250000004 0.3266111111111111 0.05016406250000003 0.1333333333333333
0 0.636390625 0.5660833333333333 0.03278906250000002 0.12318055555555547
4 0.44321875000000005 0.7669305555555557 0.05340624999999992 0.10483333333333336
2 0.257140625 0.6425833333333334 0.040671874999999955 0.14551388888888894
1 0.41704687500000004 0.6307916666666666 0.04942187499999999 0.08619444444444453
1 0.41382031250000006 0.6855833333333333 0.04329687500000001 0.10177777777777774