2 0.8661328125000001 0.5771246246246247 0.0351445312500001 0.1342192192192192
3 0.343234375 0.5053378378378378 0.027507812500000027 0.13006006006006007
0 0.44564453125 0.21455705705705708 0.02819140625000003 0.10759759759759761
0 0.6394296875000001 0.46154654654654653 0.044835937500000075 0.09988738738738735
0 0.29005859375 0.7445495495495495 0.03970312500000004 0.13300300300300297
0 0.24955859375 0.585518018018018 0.027652343749999985 0.13987237237237232
0 0.6817656249999999 0.5556531531531531 0.04614843749999995 0.1190165165165165
0 0.558921875 0.76740990990991 0.03694531249999997 0.13129879879879872
0 0.64798828125 0.33659909909909913 0.03630859374999993 0.11396396396396392
0 0.1229921875 0.3806456456456456 0.030589843749999977 0.11705705705705707
0 0.45186328124999997 0.5148948948948949 0.03403906249999995 0.12443693693693694
4 0.5273359375 0.588033033033033 0.032210937500000016 0.12538288288288288
4 0.6878437500000001 0.74759009009009 0.04203515625000005 0.10030030030030024
4 0.51701953125 0.6471846846846846 0.041234374999999976 0.11617867867867868
0 0.6850234375 0.6688438438438439 0.041031249999999984 0.1142942942942943
1 0.72666796875 0.658506006006006 0.05319140625000003 0.10931681681681674
1 0.71721484375 0.5669744744744745 0.045191406250000024 0.1053528528528528
1 0.7337578125 0.5206981981981982 0.03741796874999999 0.0993618618618618
1 0.7584570312500001 0.4619444444444444 0.04423828125 0.11171171171171168
4 0.67903515625 0.2522072072072072 0.026785156250000063 0.10230480480480479
1 0.73707421875 0.4863738738738739 0.0353515625 0.10168168168168172
4 0.615328125 0.31301801801801804 0.033554687500000034 0.08611861861861865
3 0.73616796875 0.012755255255255251 0.030101562499999977 0.025382882882882884
0 0.7200078125 0.443460960960961 0.031027343749999936 0.07698948948948946