1 0.24500390625000001 0.647972972972973 0.04375 0.1474474474474475
1 0.42836328124999995 0.6428003003003003 0.03931640625000003 0.14897897897897902
3 0.1828125 0.08427177177177177 0.03147656250000001 0.11116366366366366
0 0.5694921875000001 0.7731756756756756 0.03171484375000002 0.157072072072072
3 0.6368945312500001 0.7046921921921921 0.03335937500000004 0.15023273273273266
1 0.16769921875 0.6901426426426426 0.03535937499999999 0.15492492492492502
0 0.28819531249999997 0.48719219219219223 0.03255078124999997 0.15037537537537535
0 0.49758593749999996 0.5359984984984986 0.03330078125 0.12385885885885888
4 0.21623046875 0.2278978978978979 0.02785546874999998 0.11936936936936937
0 0.2026953125 0.693460960960961 0.04580078125 0.15059309309309304
3 0.82682421875 0.5529054054054054 0.032859374999999955 0.120503003003003
0 0.657265625 0.6358633633633634 0.070703125 0.062012012012011945
1 0.16130078125 0.8743993993993995 0.03757031249999998 0.16662162162162167
0 0.1840703125 0.8090990990990992 0.03594921874999999 0.14870870870870864
0 0.25246484375 0.2111186186186186 0.028996093750000007 0.12565315315315315
1 0.29597265625 0.7996396396396396 0.03777343750000002 0.1508408408408409
4 0.61265625 0.5563138138138138 0.03723046874999998 0.14372372372372377
0 0.18081640625 0.6113513513513514 0.036507812500000014 0.10297297297297303
0 0.637875 0.5615615615615616 0.03362109375000007 0.10510510510510511
0 0.67275390625 0.5374174174174174 0.0544921875 0.1023423423423423
4 0.67979296875 0.5673573573573574 0.032601562500000014 0.11368618618618623
2 0.051828125 0.7675225225225225 0.06588671874999999 0.08403153153153158