0 0.64125 0.3899774774774775 0.03625781250000006 0.1313663663663664
0 0.5072656249999999 0.5081606606606607 0.04021093750000002 0.12897897897897895
1 0.71648828125 0.5023123123123123 0.048828125 0.11463213213213218
0 0.4845390625 0.6148423423423424 0.039636718749999925 0.1296621621621622
0 0.61023046875 0.601418918918919 0.06457031250000007 0.0901726726726726
1 0.7071953125 0.549512012012012 0.04459765625000003 0.10402402402402398
0 0.5742578125 0.7667492492492493 0.04273437500000003 0.14855105105105096
0 0.58287890625 0.6787612612612612 0.060480468749999974 0.08210210210210203
0 0.6135859375 0.5220720720720721 0.06330859375000006 0.0839939939939939
3 0.32216796875 0.5183333333333333 0.029875000000000006 0.15456456456456447
0 0.47434765624999997 0.254024024024024 0.034468749999999916 0.13505255255255255
1 0.66850390625 0.5842642642642643 0.049203125000000014 0.08831831831831839
0 0.14279296875 0.3962687687687688 0.04192187500000002 0.1511411411411411
4 0.66819921875 0.7437237237237238 0.052980468750000044 0.11049549549549555
0 0.22233203124999998 0.622605105105105 0.02894921874999996 0.15783033033033034
0 0.398484375 0.8000375375375376 0.03649609375000003 0.1706756756756757
1 0.6850703125 0.6566216216216216 0.04482421875 0.10930180180180174
4 0.7811015625 0.38265765765765763 0.02964453124999995 0.15417417417417417
4 0.85657421875 0.6745495495495496 0.0330078125 0.15466216216216216
4 0.727578125 0.3364564564564565 0.049796875000000004 0.13591591591591592
1 0.6910234375 0.6236636636636637 0.04924218749999998 0.074451951951952
2 0.8544335937499999 0.589466966966967 0.03605078124999998 0.14912162162162154
4 0.7135976562499999 0.7717042042042043 0.06080468749999994 0.15459459459459465