0 0.52724609375 0.5628528528528529 0.05554296875000002 0.12260510510510507
4 0.28115625 0.3558033033033033 0.04988281250000002 0.14084834834834836
4 0.25828515625000004 0.18093093093093093 0.05208203124999997 0.13537537537537536
0 0.44789453124999995 0.3383858858858859 0.039894531250000045 0.11975975975975975
4 0.33157421875000004 0.46619369369369373 0.05422265624999998 0.14926426426426423
4 0.53232421875 0.8795195195195195 0.050074218750000024 0.1266891891891892
0 0.33166015625 0.1888813813813814 0.038972656249999994 0.10866366366366369
1 0.43736718750000003 0.6485435435435436 0.05757031250000004 0.13753003003003006
0 0.44819921875 0.4558108108108108 0.041261718750000044 0.1218018018018018
1 0.4598046875 0.6951276276276276 0.05209765624999996 0.1403753753753754
0 0.5936484375 0.7997972972972972 0.07119140625 0.10258258258258249
0 0.6580625 0.9101801801801801 0.07141015624999998 0.13818318318318315
0 0.53034375 0.6588438438438439 0.0515625 0.09681681681681685
0 0.6327304687499999 0.8404204204204204 0.04191406250000007 0.09099849849849853
1 0.5113749999999999 0.8077102102102102 0.06119140625000004 0.14566066066066063
0 0.753046875 0.8303678678678679 0.039640625000000006 0.15950450450450454
4 0.36041015625 0.7991816816816817 0.03956249999999999 0.17156906906906913
0 0.56691015625 0.6968993993993994 0.04243749999999995 0.11176426426426418
1 0.510875 0.7307657657657658 0.05118749999999998 0.09483483483483479
2 0.33180078125 0.7617267267267268 0.03731640624999999 0.165945945945946
0 0.59740234375 0.7370945945945946 0.05907031249999992 0.11553303303303293
3 0.80687890625 0.6505405405405406 0.028210937500000012 0.16116366366366372
1 0.49503515625 0.7815765765765765 0.047996093749999955 0.11899399399399399