0 0.30503125 0.3359309309309309 0.033058593749999955 0.09381381381381385
0 0.44266015625 0.10959459459459459 0.02605468749999993 0.0974924924924925
4 0.73041796875 0.8582807807807808 0.04462890625 0.12720720720720724
0 0.44136718750000004 0.3153378378378378 0.029328124999999972 0.10511261261261261
3 0.37631640625 0.4294894894894895 0.024679687500000026 0.11224474474474473
3 0.89378125 0.12472222222222222 0.02356640624999997 0.10302552552552553
0 0.32087890625000004 0.5790015015015015 0.03519140624999997 0.1235735735735735
0 0.67241796875 0.286981981981982 0.04877343750000005 0.11512012012012014
0 0.6922890625 0.9041741741741741 0.046941406250000026 0.12554804804804806
2 0.75565234375 0.36867117117117115 0.02501953125000007 0.11311561561561559
3 0.46618750000000003 0.04001501501501501 0.02437109374999995 0.07874624624624625
4 0.48144921875 0.3000825825825826 0.03345312499999995 0.10570570570570575
1 0.62246484375 0.41855105105105106 0.032601562500000014 0.10749249249249254
3 0.993953125 0.4781981981981982 0.01208984374999993 0.11389639639639643
1 0.623640625 0.5313663663663664 0.04763671874999993 0.10301051051051054
0 0.3004453125 0.22134384384384384 0.04066015624999997 0.09271021021021021
1 0.652453125 0.49448198198198196 0.02858203125000003 0.09405405405405404
0 0.67609765625 0.5823273273273273 0.03679296875000002 0.12139639639639643
4 0.726859375 0.4654204204204205 0.027152343750000085 0.10225225225225229
0 0.6264140625 0.36310810810810806 0.03130078125000004 0.11933933933933932
4 0.50202734375 0.12147897897897898 0.04094140624999998 0.10219969969969969
1 0.6851328125 0.5584684684684684 0.02942578124999997 0.09538288288288285
0 0.59189453125 0.5311261261261262 0.039253906249999915 0.1155555555555556
0 0.6309296875 0.46775525525525524 0.029300781250000085 0.07740990990990984
4 0.51096875 0.08328078078078079 0.028988281250000015 0.07987987987987988
1 0.65458984375 0.469984984984985 0.02837499999999995 0.0916516516516516