3 0.8590234375 0.7361186186186186 0.024089843750000027 0.09366366366366374
0 0.62258203125 0.2815015015015015 0.027503906249999942 0.0686036036036036
0 0.33567578125 0.4909309309309309 0.023445312499999992 0.06782282282282276
0 0.48729296875 0.4492792792792793 0.019277343749999964 0.08355105105105103
4 0.52141796875 0.3063213213213213 0.01840234375000005 0.07370870870870876
1 0.85530859375 0.49286786786786785 0.0325078125000001 0.07721471471471465
1 0.78188671875 0.5072522522522522 0.03204296875000008 0.07272522522522532
0 0.44460546875 0.3396096096096096 0.01798046875000008 0.07651651651651649
0 0.7541171875 0.5036036036036036 0.027070312500000072 0.08809309309309303
4 0.66891015625 0.3303528528528528 0.025789062499999994 0.07608108108108111
1 0.8361445312500001 0.5762312312312312 0.02747265624999997 0.0749624624624624
3 0.5255546875 0.4287012012012012 0.019374999999999965 0.0762237237237237
3 0.83628515625 0.2709159159159159 0.019730468750000084 0.07195195195195198
2 0.91401171875 0.5597747747747748 0.02568359375 0.0806456456456457
4 0.08018359375 0.7461036036036036 0.03446093749999999 0.06927927927927935
0 0.86009765625 0.5918618618618618 0.0310664062499999 0.06636636636636643
3 0.1327421875 0.39368618618618617 0.019253906249999987 0.08774024024024028
4 0.56721484375 0.49036036036036035 0.025343750000000043 0.072927927927928
0 0.08978515625 0.7156681681681681 0.02082421875 0.08648648648648652
0 0.864609375 0.4745045045045045 0.020722656250000072 0.06584834834834838
1 0.86428515625 0.5371396396396396 0.029636718749999957 0.03967717717717711
0 0.892765625 0.5238513513513513 0.031179687499999886 0.05646396396396399
1 0.8084453125 0.5562312312312312 0.02284374999999992 0.0443768768768768
0 0.56151171875 0.4681306306306306 0.020699218749999915 0.07384384384384376
0 0.8259296875000001 0.5586261261261262 0.02667968750000007 0.047177177177177114