0 0.60021875 0.20316066066066066 0.028839843749999972 0.08641141141141143
4 0.578328125 0.35948198198198195 0.03257421874999995 0.1067042042042042
0 0.18558984375 0.5929504504504504 0.03097656249999998 0.10391141141141147
0 0.42621093749999994 0.4350075075075075 0.03547265624999998 0.08801051051051052
0 0.22652734375 0.43424924924924924 0.026890624999999967 0.10625375375375373
4 0.4908984375 0.414466966966967 0.030101562499999977 0.10071321321321323
3 0.8841875 0.7926801801801802 0.031449218750000084 0.13027777777777785
1 0.8401796875 0.48391891891891897 0.04342187499999994 0.09927927927927929
1 0.7870468749999999 0.4946921921921922 0.030261718749999923 0.09021021021021026
0 0.7001328124999999 0.5472072072072072 0.04797265624999998 0.09684684684684684
3 0.8533984374999999 0.17976726726726727 0.02646484375 0.09734984984984982
0 0.34980078125 0.48810060060060056 0.032113281250000014 0.11040540540540536
0 0.30226171874999996 0.743033033033033 0.04659374999999999 0.11186936936936928
0 0.7692929687500001 0.5988588588588588 0.039617187500000026 0.111569069069069
1 0.799828125 0.5842792792792793 0.04209765625000008 0.11073573573573574
4 0.3439453125 0.4339339339339339 0.029945312500000033 0.09580330330330322
4 0.2616953125 0.7928453453453453 0.04482421875 0.11221471471471466
2 0.8642578125 0.5673948948948949 0.030847656250000098 0.1158408408408408
1 0.73979296875 0.5514864864864866 0.028855468749999957 0.11571321321321312
0 0.8361835937500001 0.4511861861861862 0.032472656250000044 0.09238738738738735
4 0.772609375 0.22597597597597596 0.02261328124999995 0.0852027027027027
1 0.76816796875 0.523933933933934 0.02461718749999999 0.09813063063063066
0 0.75460546875 0.4876501501501501 0.022566406249999994 0.07525525525525527
3 0.417 0.4009684684684685 0.021800781249999977 0.10153903903903903