4 0.25867968750000003 0.18008258258258258 0.05176171875 0.13551801801801802
0 0.5281445312499999 0.562027027027027 0.05443359374999997 0.12088588588588588
4 0.281484375 0.35477477477477476 0.050179687500000014 0.14075075075075072
1 0.43806640625000004 0.6468168168168168 0.05728124999999995 0.13670420420420415
0 0.533828125 0.6594144144144144 0.05232421874999993 0.09754504504504509
0 0.44834375 0.33740240240240243 0.039687499999999966 0.1195720720720721
4 0.33187890625 0.46448198198198204 0.053855468750000045 0.14926426426426423
0 0.32749609375 0.19228978978978978 0.03844921875000003 0.10912912912912914
1 0.46304296875000006 0.6937762762762762 0.05096093750000001 0.1399474474474475
4 0.532828125 0.8782207207207207 0.05003906249999997 0.12620120120120112
0 0.5944375 0.7985735735735736 0.07047656250000003 0.10303303303303313
0 0.44866406249999996 0.45206456456456456 0.04069140625000003 0.12129129129129125
1 0.51212890625 0.8069069069069069 0.06109375000000004 0.14529279279279286
0 0.63310546875 0.8396621621621622 0.042054687499999945 0.09046546546546547
0 0.658578125 0.909572072072072 0.07091406249999999 0.1373273273273274
0 0.753609375 0.8299924924924924 0.03938671874999997 0.15921171171171175
1 0.5118007812500001 0.7266066066066067 0.05121484375000005 0.09482732732732738
3 0.8040312500000001 0.6460885885885886 0.0283203125 0.16243993993994002
4 0.36086328125 0.8041366366366366 0.04050781250000002 0.16988738738738737
0 0.56358984375 0.6987912912912912 0.041832031250000054 0.11249999999999993
2 0.33282421875 0.7607132132132132 0.036484375000000034 0.16566816816816823
0 0.5980859374999999 0.7329429429429429 0.05823437499999997 0.11692192192192201
1 0.49582812499999995 0.7852852852852853 0.04794531249999991 0.11671921921921916