0 0.09148437499999999 0.6330180180180179 0.028046874999999992 0.08608108108108115
4 0.627984375 0.40023273273273274 0.025289062499999914 0.08867867867867872
4 0.39362890625 0.5476051051051051 0.022355468750000006 0.07230480480480476
3 0.6050234375 0.11035285285285286 0.02183203124999995 0.0715840840840841
4 0.5401835937499999 0.4755105105105105 0.030015625000000056 0.057657657657657624
4 0.495609375 0.22211711711711712 0.03467968750000008 0.05006756756756761
1 0.73148828125 0.645990990990991 0.025472656250000014 0.10021771771771773
3 0.05121484375 0.10794294294294295 0.02155859375 0.0692942942942943
1 0.8251132812499999 0.5891741741741742 0.032343750000000074 0.059279279279279305
1 0.76418359375 0.6248273273273273 0.03172656249999992 0.08185435435435433
0 0.5258125 0.6264564564564565 0.027761718750000063 0.08283033033033027
0 0.86069921875 0.6031756756756756 0.03838671875000017 0.07015015015015019
0 0.72001953125 0.6244444444444445 0.043082031249999986 0.07864114114114114
2 0.8554726562500001 0.6803903903903904 0.02312499999999993 0.10186936936936941
0 0.44828906249999995 0.45964714714714716 0.027359374999999984 0.074451951951952
4 0.5123515624999999 0.6580180180180181 0.03130859375000004 0.08581081081081078
3 0.9925937499999999 0.8203528528528529 0.014812500000000029 0.110945945945946
1 0.7552187499999999 0.7698948948948949 0.03469531250000006 0.08712462462462467
1 0.756921875 0.6404279279279279 0.027296875000000043 0.09787537537537529
0 0.48988671874999995 0.6924249249249249 0.025167968749999936 0.10559309309309316
3 0.39832421875 0.6467867867867868 0.01945703124999998 0.10112612612612616
0 0.5064375 0.23956456456456457 0.038671875 0.06196696696696694
0 0.7515703125 0.8053228228228229 0.03052343749999995 0.10889639639639645
0 0.5756953125 0.4136861861861862 0.02384765625000007 0.0939039039039039
0 0.74794140625 0.6241441441441442 0.01929296874999995 0.10005255255255253
0 0.39715234375 0.5321246246246246 0.029984375000000042 0.06731231231231237