0 0.1785546875 0.7051876876876877 0.05128906249999998 0.14862612612612605
3 0.9121015625 0.862424924924925 0.03910937499999996 0.1674474474474474
0 0.14826953125 0.534496996996997 0.035273437499999984 0.14303303303303302
4 0.51892578125 0.7638963963963964 0.04323046875000003 0.13149399399399406
0 0.45848828125 0.18954204204204203 0.03571875000000002 0.11100600600600599
0 0.3413671875 0.5336111111111111 0.03849609374999998 0.13935435435435428
3 0.89875390625 0.11168168168168167 0.03202343749999983 0.12139639639639639
3 0.35238281250000003 0.40291291291291287 0.02586718750000001 0.12316816816816813
1 0.7454609375000001 0.6221321321321321 0.03341406249999999 0.13459459459459458
2 0.86258984375 0.5969669669669669 0.04457031250000014 0.1523348348348349
0 0.6768046875 0.5792867867867868 0.03821875000000006 0.13921921921921926
4 0.8064765625 0.24960960960960962 0.029996093749999987 0.1296921921921922
1 0.7864218749999999 0.5243693693693694 0.04762499999999994 0.12897897897897895
4 0.32005859375 0.6126726726726727 0.03654296874999998 0.15164414414414415
4 0.469609375 0.48644144144144147 0.04017187500000006 0.14803303303303308
1 0.8115234375 0.5054354354354355 0.034546874999999935 0.13584834834834839
0 0.42670703125 0.7086186186186187 0.05671874999999997 0.13048798798798802
0 0.76228125 0.4606756756756757 0.040511718750000016 0.12110360360360356
1 0.8824375 0.486006006006006 0.048890624999999945 0.14079579579579576
1 0.70891796875 0.5785960960960962 0.04306249999999991 0.1252402402402402
0 0.86183203125 0.4570945945945946 0.029937500000000127 0.10417417417417417
4 0.54476171875 0.3883108108108108 0.05349609374999993 0.11786786786786786
0 0.77396484375 0.4964564564564564 0.026261718750000006 0.11064564564564573
0 0.677640625 0.6760735735735736 0.06713671874999996 0.15144894894894897
0 0.5302890625 0.32368618618618616 0.026199218750000065 0.05877627627627625