1 0.599984375 0.6715015015015016 0.03451953124999996 0.1373948948948949
3 0.43179296875000006 0.5495045045045045 0.024421874999999992 0.11656156156156156
4 0.45560546874999996 0.30105855855855856 0.0287109375 0.10472972972972973
0 0.5291406249999999 0.5804654654654654 0.027164062499999985 0.12687687687687688
1 0.57564453125 0.5026726726726727 0.031089843750000058 0.1293243243243243
0 0.3264296875 0.4942717717717718 0.027816406250000016 0.10942942942942942
2 0.8197890624999999 0.4848723723723724 0.025070312500000115 0.11045795795795788
0 0.50007421875 0.27675675675675676 0.03589843750000003 0.08621621621621624
0 0.51241015625 0.7944144144144145 0.03413281250000004 0.11259759759759762
4 0.71184375 0.6398273273273273 0.02556640624999993 0.11177927927927918
0 0.7078554687499999 0.29995495495495494 0.03848046875000009 0.10690690690690689
0 0.8844218749999999 0.7283708708708709 0.032832031250000074 0.12104354354354356
3 0.5704921875 0.14027027027027028 0.02852734375000008 0.09224474474474474
0 0.6895546875 0.7079579579579579 0.03214843750000007 0.13347597597597594
0 0.56101171875 0.33355855855855854 0.027722656249999922 0.10771021021021018
4 0.557625 0.8103753753753754 0.03381640625000006 0.11695195195195202
1 0.8680625 0.7687312312312312 0.04391015624999994 0.1387987987987989
4 0.48096484375 0.20404654654654655 0.02113671875000005 0.1026201201201201
1 0.63810546875 0.7476426426426427 0.039328124999999936 0.12590090090090095
4 0.5508203125 0.23212462462462463 0.025175781249999928 0.086981981981982
1 0.70961328125 0.7476876876876877 0.03760937500000008 0.12008258258258261
0 0.5175703125 0.24224474474474475 0.026167968749999916 0.08855855855855858
3 0.9297812499999999 0.2509834834834835 0.037308593750000084 0.08962462462462462
0 0.46207421875000004 0.24891891891891893 0.01616796874999995 0.03761261261261263
0 0.5326835937500001 0.23933933933933935 0.026792968750000055 0.09704204204204203