0 0.561421875 0.1891066066066066 0.028921874999999986 0.09042792792792793
3 0.8841796875 0.8081831831831832 0.03327734374999984 0.13429429429429438
0 0.16971875 0.6052402402402403 0.03271484375 0.10467717717717723
0 0.18343359374999998 0.4680780780780781 0.02850390625000001 0.10791291291291293
4 0.52398046875 0.3839414414414415 0.03316796874999994 0.11883633633633635
0 0.6765859375 0.5554804804804805 0.04642968750000005 0.11844594594594593
4 0.3057109375 0.45757507507507506 0.027945312499999986 0.10845345345345347
4 0.463375 0.4129654654654655 0.033554687500000034 0.10092342342342348
1 0.80581640625 0.4783558558558558 0.03315625000000004 0.10072822822822829
3 0.85560546875 0.1549024024024024 0.028050781250000156 0.10517267267267265
1 0.8393515624999999 0.4739564564564564 0.04701171875000014 0.11107357357357361
0 0.42557421875 0.4022147147147147 0.03878906250000007 0.10122372372372371
4 0.76474609375 0.2143918918918919 0.030769531249999992 0.10027027027027029
0 0.8228632812500001 0.4358483483483483 0.029128906249999885 0.07663663663663658
0 0.7510625 0.5032132132132132 0.03962109374999993 0.11560810810810812
1 0.7780078125 0.5002927927927928 0.04456640624999997 0.10638138138138141
0 0.7239453124999999 0.4652927927927928 0.03314843750000005 0.08279279279279277
0 0.33771874999999996 0.7355480480480481 0.03705468749999996 0.12887387387387386
0 0.75830859375 0.6082657657657657 0.038996093749999974 0.13031531531531526
1 0.786203125 0.6024399399399399 0.03872656249999995 0.1204954954954955
2 0.38516796875 0.39685435435435434 0.02469921875000001 0.10626126126126123
1 0.7127148437499999 0.554406906906907 0.03663281250000008 0.12091591591591587
2 0.84148046875 0.5656381381381381 0.025714843749999973 0.12288288288288293
0 0.33606640625 0.4892942942942943 0.031671874999999974 0.11802552552552556
4 0.3438359375 0.7934984984984985 0.048734374999999996 0.12756006006006004
3 0.6364140625 0.06217717717717717 0.02482421875000007 0.1050825825825826