0 0.6129453125000001 0.35106606606606605 0.04574218749999996 0.12792042042042046
2 0.8627617187500001 0.5847372372372373 0.040289062500000125 0.1447072072072072
0 0.5442265625 0.4724174174174174 0.05263281250000009 0.1207282282282282
4 0.67605859375 0.3430255255255255 0.03480859375000005 0.12855105105105102
0 0.65482421875 0.5651126126126126 0.047144531250000024 0.10821321321321312
0 0.14096484375 0.37060810810810807 0.03702343749999999 0.13107357357357355
0 0.6611796875 0.4938963963963964 0.056218750000000026 0.12778528528528532
0 0.46500390625000004 0.23086336336336336 0.028792968750000016 0.12224474474474478
0 0.22073828125 0.6178678678678678 0.03392187499999997 0.1525750750750751
0 0.4691953125 0.5644069069069069 0.036148437499999984 0.129481981981982
4 0.7424453125 0.29875375375375374 0.03518359375000006 0.13316816816816818
3 0.3143984375 0.5062087087087087 0.029175781250000022 0.1449099099099099
0 0.34274609375 0.7896171171171171 0.03576953124999997 0.15452702702702698
0 0.56413671875 0.7644144144144145 0.03451171874999996 0.13750750750750748
4 0.6184296875 0.7436861861861863 0.05216406249999998 0.15039789789789793
1 0.75379296875 0.47820570570570575 0.05443359374999997 0.129557057057057
1 0.70247265625 0.5431681681681682 0.04045312499999998 0.12307057057057062
1 0.7277148437500001 0.49903903903903907 0.04741796874999995 0.12258258258258256
1 0.69069140625 0.6700225225225226 0.04427734374999996 0.1449999999999999
0 0.6439609374999999 0.6723123123123123 0.045265625000000045 0.12707207207207208
1 0.70003515625 0.577012012012012 0.058249999999999955 0.11746246246246249
4 0.7914140625 0.7144894894894895 0.04336328125000009 0.10169669669669672
4 0.5840390625 0.6912987987987987 0.041128906249999986 0.16262762762762756