0 0.47351171875000003 0.6216366366366366 0.040304687499999936 0.13331081081081075
0 0.5683281250000001 0.7743693693693694 0.04243749999999995 0.14650900900900907
1 0.698890625 0.5589564564564564 0.04394140624999991 0.10520270270270278
0 0.62775 0.3982657657657658 0.04031249999999993 0.12793543543543545
0 0.38965234375 0.8083858858858859 0.034042968750000034 0.16259009009009012
0 0.47728515624999995 0.26269519519519524 0.03450390624999997 0.13490990990990986
0 0.6005273437499999 0.6026051051051051 0.06483203124999992 0.08766516516516515
0 0.575390625 0.6841366366366366 0.06178515625000003 0.0794069069069069
1 0.7055859375 0.5076201201201201 0.04894921874999998 0.11495495495495504
0 0.49608984375 0.5115690690690691 0.039359375000000085 0.12789039039039032
3 0.3109921875 0.5187537537537538 0.029402343749999994 0.15436186186186196
4 0.6632734375 0.7457357357357358 0.05344921874999997 0.11007507507507516
0 0.14292968749999999 0.39136636636636635 0.035734375000000006 0.14394144144144144
0 0.21083593750000001 0.6319144144144144 0.030874999999999986 0.1557507507507508
0 0.6029375 0.5269144144144144 0.06467187499999998 0.0871846846846846
4 0.84456640625 0.6786561561561562 0.0333867187500001 0.15472222222222215
1 0.6636054687499999 0.5885810810810811 0.050742187500000036 0.08507507507507503
4 0.70214453125 0.7742717717717718 0.05941796875000005 0.15578078078078078
4 0.7742578124999999 0.3766966966966967 0.031035156249999928 0.14412912912912915
2 0.8458593750000001 0.5968018018018019 0.03641015625000001 0.14225975975975977
1 0.6786640625 0.6656531531531531 0.044570312499999966 0.10999249249249249
1 0.6812421875 0.6172447447447447 0.04748828125000006 0.06156906906906906
4 0.718890625 0.33894144144144145 0.04956640624999995 0.13533783783783782