1 0.78231640625 0.5143693693693694 0.026746093749999922 0.060120120120120066
0 0.6044335937499999 0.47478978978978975 0.02074609375000005 0.07284534534534533
3 0.9724101562499999 0.6863438438438438 0.01926953124999997 0.08885135135135128
1 0.7900937499999999 0.44554054054054054 0.02477343749999994 0.07015015015015019
0 0.7682890625 0.43365615615615616 0.02628125000000008 0.06771771771771776
4 0.44029687500000003 0.43548798798798805 0.021667968749999923 0.05632132132132131
0 0.54291796875 0.22843843843843842 0.01691406250000007 0.05662162162162159
4 0.23610546875 0.7513813813813814 0.025718749999999967 0.06497747747747744
1 0.820359375 0.5747147147147147 0.025003906250000086 0.0714414414414415
1 0.8196796875000001 0.47339339339339337 0.021617187500000058 0.072972972972973
3 0.1466640625 0.3612987987987988 0.01466015624999999 0.07051051051051052
4 0.704359375 0.1901876876876877 0.016867187499999936 0.06460210210210211
0 0.49723046875000004 0.6340315315315315 0.030753906250000008 0.06261261261261268
0 0.2135703125 0.6713888888888888 0.021144531250000043 0.06566816816816819
3 0.7566015625 0.16244744744744744 0.020050781249999972 0.066006006006006
0 0.75588671875 0.5245945945945946 0.018027343750000036 0.06640390390390394
3 0.30425390625 0.09142642642642643 0.016750000000000043 0.056591591591591585
4 0.61283984375 0.34703453453453453 0.022031250000000037 0.06626876876876875
2 0.8269492187499999 0.5402477477477478 0.017777343750000084 0.05189939939939931
0 0.25161328125 0.3306081081081081 0.017472656250000006 0.05866366366366366
3 0.5336875 0.43939939939939937 0.019773437499999956 0.06610360360360357
0 0.90383203125 0.5581456456456457 0.024617187500000172 0.08039039039039034
4 0.573625 0.4092267267267268 0.018464843749999994 0.07415165165165163
0 0.80387109375 0.5821996996996998 0.02530468749999999 0.07138138138138132
0 0.6264921875 0.3522897897897898 0.020613281249999994 0.06906156156156157
1 0.8995820312499999 0.5166441441441442 0.02353515625 0.051839339339339305
0 0.53386328125 0.408003003003003 0.020609375000000086 0.03132882882882884