0 0.5627382812499999 0.5866966966966967 0.06278124999999993 0.09213963963963966
1 0.6209374999999999 0.741433933933934 0.04973437500000007 0.09695195195195203
4 0.65671484375 0.8795495495495496 0.050207031250000075 0.1038213213213213
1 0.64332421875 0.6259684684684684 0.03950390625000004 0.07306306306306301
0 0.56191015625 0.8604054054054053 0.05889453124999999 0.10033783783783791
4 0.6348671875 0.44605105105105103 0.05211718750000003 0.1204654654654655
0 0.46713281249999994 0.6156981981981982 0.029023437500000072 0.14707957957957965
2 0.78594921875 0.7182357357357357 0.036710937500000006 0.13098348348348343
0 0.29317578125 0.4461636636636636 0.032242187499999984 0.12532282282282287
4 0.6416640625000001 0.1365990990990991 0.035652343749999996 0.10719969969969967
0 0.5490703124999999 0.1563063063063063 0.03251171875000001 0.09039789789789787
0 0.35566796875 0.3085135135135135 0.030050781250000026 0.1219144144144144
0 0.50200390625 0.9145945945945946 0.03298828124999993 0.15866366366366377
3 0.29435546874999996 0.6874924924924924 0.025078125000000017 0.139924924924925
1 0.66353515625 0.8099699699699701 0.04107031249999995 0.11254504504504502
1 0.65279296875 0.6806231231231231 0.038773437500000084 0.08819069069069072
4 0.66387890625 0.3203303303303303 0.044113281249999935 0.11470720720720717
1 0.656609375 0.7442042042042042 0.03446093749999992 0.07420420420420423
0 0.53908203125 0.7581981981981981 0.030796875000000057 0.16003003003003008
0 0.13710546875000001 0.7552852852852853 0.035503906249999995 0.13310060060060058
0 0.56212109375 0.6638888888888889 0.056960937500000065 0.07380630630630626
0 0.568078125 0.7173198198198198 0.05054296874999995 0.09150150150150159
4 0.7837539062500001 0.629512012012012 0.02544531249999995 0.11243243243243242