4 0.59577734375 0.726111111111111 0.06299218750000009 0.1604429429429429
0 0.45341796875 0.7384534534534535 0.04569531250000001 0.18996246246246246
0 0.22742187500000002 0.8035285285285285 0.044058593749999986 0.18056306306306297
1 0.733625 0.5616666666666666 0.05548046875000008 0.1495720720720721
0 0.13676953125 0.6060960960960962 0.03973828125000001 0.17446696696696704
0 0.75901953125 0.3408558558558558 0.04170703124999999 0.1465390390390391
0 0.40662890625000003 0.6012762762762762 0.04697656250000004 0.15816816816816823
4 0.82626171875 0.35791291291291294 0.04519531249999993 0.16280780780780785
4 0.8229296875 0.7163213213213213 0.042359374999999845 0.17653153153153162
0 0.39284374999999994 0.2926951951951952 0.03856640624999996 0.17846096096096098
0 0.51079296875 0.6861036036036036 0.07185937500000002 0.1187912912912913
1 0.68016015625 0.5745720720720721 0.048253906250000075 0.15270270270270278
3 0.3071171875 0.4541816816816817 0.03504687500000001 0.17119369369369367
4 0.565265625 0.8431006006006005 0.05760546874999992 0.18484234234234237
0 0.70518359375 0.4362312312312312 0.054601562500000075 0.12687687687687688
0 0.6185390625 0.544024024024024 0.07974999999999995 0.11802552552552556
4 0.8595625 0.47054804804804806 0.03590234374999994 0.16957207207207198
0 0.5664609375 0.6184009009009009 0.06655078124999995 0.11927927927927937
1 0.6609375 0.6249024024024024 0.052589843750000045 0.1399474474474475
1 0.783515625 0.5170795795795796 0.07132031250000007 0.16197447447447447
0 0.6682578125 0.46108858858858853 0.060226562499999935 0.10222972972972978
1 0.64601953125 0.6687537537537538 0.0486328125 0.17965465465465463
2 0.8517265625 0.6389789789789789 0.04063281250000017 0.17332582582582592