0 0.5623828125 0.585518018018018 0.06362109374999995 0.09149399399399408
0 0.291203125 0.44469219219219225 0.03274999999999997 0.12454204204204207
4 0.6568828124999999 0.8783708708708708 0.04954687500000006 0.10430930930930934
1 0.62069140625 0.740533033033033 0.04931640625 0.09802552552552547
4 0.63366796875 0.4403078078078078 0.052207031250000036 0.12147897897897894
1 0.648328125 0.624527027027027 0.03889062499999998 0.07110360360360363
0 0.562140625 0.8592417417417417 0.05857031250000002 0.10111861861861866
0 0.46675390625 0.6144219219219219 0.028890625000000014 0.14679429429429428
4 0.64156640625 0.13614114114114115 0.03572656250000002 0.10759759759759759
0 0.5489921875 0.15534534534534536 0.03246484375000005 0.09000750750750752
1 0.6631015625 0.8084759759759761 0.04042187500000001 0.11171171171171176
3 0.29406640624999997 0.6867642642642643 0.025679687500000003 0.14074324324324328
0 0.35567578125 0.30626126126126124 0.030363281250000006 0.12272522522522525
1 0.656609375 0.7414864864864865 0.03489843750000006 0.06951951951951954
1 0.65290234375 0.6794294294294294 0.039308593750000044 0.08828078078078072
0 0.5020156250000001 0.914436936936937 0.03258984374999994 0.15792792792792804
0 0.12944921874999998 0.7519819819819821 0.027249999999999996 0.13799549549549553
0 0.53960546875 0.7611561561561562 0.031007812500000044 0.1614339339339339
4 0.6634453125 0.31567567567567567 0.043238281250000024 0.11568318318318321
0 0.5628046875 0.6620720720720721 0.05515234375000002 0.07131381381381383
0 0.5679765625 0.7157732732732732 0.050355468749999945 0.09057057057057065
4 0.78359765625 0.6314114114114114 0.025605468750000072 0.117484984984985
2 0.7915625000000001 0.7140615615615615 0.03248046874999995 0.12788288288288283