0 0.36894140625 0.5571696696696696 0.040390625000000034 0.13084834834834833
0 0.19998046875 0.7571846846846848 0.04890234374999998 0.13969969969969973
4 0.3783125 0.6906156156156156 0.04509765624999997 0.15469219219219216
3 0.96216796875 0.9142492492492492 0.041082031250000026 0.17150150150150154
3 0.3385234375 0.4207582582582583 0.030374999999999996 0.14765015015015015
1 0.8054453125000001 0.510990990990991 0.05357812499999994 0.15825825825825823
1 0.8744335937500001 0.49617117117117115 0.05342578125000017 0.14873123123123116
3 0.94477734375 0.0890990990990991 0.03693750000000016 0.1354204204204204
0 0.14914453125 0.5695195195195195 0.03746093749999999 0.1493993993993994
4 0.83001171875 0.2823723723723724 0.034835937500000115 0.14442942942942943
0 0.42129296875 0.21794294294294295 0.045320312499999994 0.13186936936936935
1 0.720890625 0.6457432432432433 0.052253906249999996 0.15930930930930934
0 0.61960546875 0.6811861861861862 0.07022265624999999 0.1479429429429429
4 0.642859375 0.3812837837837838 0.0560546875 0.12986486486486487
0 0.4600546875 0.7056531531531531 0.04080859374999992 0.10615615615615623
0 0.6660468749999999 0.6236561561561562 0.053109375000000014 0.1478828828828829
1 0.77780859375 0.5339114114114114 0.05345703125000005 0.16428678678678674
2 0.8728046875000001 0.6074174174174174 0.033890625000000084 0.1584384384384384
4 0.47855859375 0.5743693693693693 0.040230468749999915 0.16590090090090093
0 0.636015625 0.34913663663663663 0.06108984374999995 0.09766516516516519
4 0.6194843750000001 0.75 0.052742187499999996 0.10780780780780774
1 0.71408984375 0.6042117117117116 0.0676796874999999 0.13666666666666663
0 0.7647304687500001 0.5069969969969971 0.03130468749999995 0.13521771771771765
0 0.7909921875 0.43262012012012013 0.033292968749999916 0.048986486486486486
0 0.86730078125 0.46674924924924927 0.04625781250000003 0.12332582582582581