4 0.65328515625 0.8833108108108108 0.05133984374999993 0.10346846846846859
4 0.6334570312500001 0.44583333333333336 0.05315234375000007 0.12283783783783793
0 0.5595625 0.866599099099099 0.059273437499999915 0.10172672672672672
1 0.61798046875 0.743078078078078 0.04851171875000002 0.09649399399399405
4 0.63858203125 0.13662162162162161 0.03639062499999994 0.10871621621621622
0 0.35285937500000003 0.3105930930930931 0.031539062500000006 0.12018018018018022
0 0.4661171875 0.6198948948948949 0.032292968750000026 0.14539789789789795
0 0.56498046875 0.5924624624624625 0.05902734375000005 0.08181681681681684
0 0.54628515625 0.1594894894894895 0.03306249999999995 0.09228228228228227
1 0.64699609375 0.6844219219219219 0.03912109375000004 0.08966966966966972
0 0.29578515625 0.4537012012012012 0.03160546875000003 0.1254354354354354
3 0.29600781249999997 0.6875900900900901 0.025503906249999986 0.1421621621621621
0 0.49664843750000004 0.9098198198198199 0.033089843750000014 0.14803303303303292
1 0.65981640625 0.8129354354354353 0.04242187499999996 0.1158408408408409
2 0.78111328125 0.7224624624624625 0.03570312500000004 0.13358108108108113
1 0.640359375 0.6312012012012012 0.04024218749999999 0.07288288288288283
4 0.656671875 0.32306306306306304 0.04328515624999998 0.11461711711711708
0 0.15131250000000002 0.7622822822822823 0.02852343749999999 0.14080330330330326
0 0.5606054687500001 0.6723348348348348 0.05552343749999995 0.0746471471471472
0 0.5623750000000001 0.7201276276276276 0.05236718749999998 0.09019519519519527
4 0.7805195312500001 0.6310285285285285 0.024242187499999977 0.11022522522522518
0 0.53173828125 0.7654279279279279 0.03539453125000005 0.1560735735735735
1 0.65483203125 0.754527027027027 0.03450390624999997 0.07966966966966958