4 0.8023007812499999 0.9231156156156155 0.05526953124999991 0.11898648648648666
4 0.48656249999999995 0.10131381381381381 0.037351562499999956 0.10262762762762762
4 0.5906484375 0.23571321321321323 0.03152343749999993 0.121981981981982
3 0.33438671875 0.45341591591591596 0.022300781249999967 0.12448948948948944
0 0.558453125 0.43071321321321326 0.053695312500000016 0.09713963963963959
0 0.42353515625 0.11845345345345346 0.028152343750000065 0.09004504504504504
0 0.47046875000000005 0.4891066066066066 0.03436328124999992 0.11641141141141137
0 0.54869921875 0.37530030030030026 0.046195312500000085 0.11218468468468473
0 0.40134375 0.3479504504504505 0.026246093750000022 0.13126126126126125
0 0.5216367187500001 0.3047522522522523 0.04848828125000004 0.08984234234234231
1 0.6418515625000001 0.49032282282282286 0.05071093750000007 0.0883633633633634
0 0.27030859375 0.2702477477477478 0.02788671875000004 0.11888138138138139
0 0.19493359375 0.4418618618618618 0.030937500000000017 0.1252327327327327
1 0.6121875 0.39127627627627626 0.03198828124999995 0.06921921921921925
0 0.7096875 0.9536036036036036 0.03872265625000004 0.0915915915915916
0 0.39381249999999995 0.5777477477477477 0.02957421874999997 0.13165915915915907
0 0.5820937500000001 0.48985735735735736 0.053773437499999945 0.09895645645645641
3 0.88366796875 0.12822072072072072 0.021511718749999888 0.11544294294294297
2 0.72344140625 0.3903003003003003 0.030910156250000043 0.10651651651651647
1 0.59076953125 0.3542942942942944 0.029355468750000037 0.08184684684684687
3 0.4349765625 0.039512012012012016 0.025421874999999972 0.07595345345345346
1 0.5953515625 0.42396396396396396 0.03591796874999993 0.06741741741741739
1 0.62618359375 0.4577327327327328 0.030117187499999965 0.08945195195195202
4 0.71212890625 0.35388138138138137 0.023019531249999937 0.09019519519519523
4 0.5339296874999999 0.25445945945945947 0.029316406250000072 0.09380630630630635
3 0.9966796875 0.5009684684684684 0.006640625 0.12550300300300304