0 0.45184375 0.7408858858858859 0.04756640624999999 0.18960210210210207
0 0.1320703125 0.6060135135135135 0.04018359375 0.16956456456456467
4 0.8193828125 0.36027027027027025 0.04310156250000006 0.15320570570570566
0 0.22520703125 0.8045270270270272 0.04536328125000004 0.17369369369369378
4 0.5911484375 0.7167492492492493 0.07599609375000008 0.17030780780780774
0 0.40601171875000003 0.594024024024024 0.04709765625000002 0.1647072072072071
0 0.39426171875 0.28718468468468467 0.036015624999999975 0.1816141141141141
4 0.558 0.8499474474474475 0.07199609374999998 0.17862612612612608
0 0.51309375 0.6778378378378378 0.08461718749999995 0.10999999999999999
1 0.69455078125 0.5658408408408409 0.05700000000000003 0.16069819819819817
1 0.7410664062500001 0.5545945945945946 0.06015234374999991 0.1618618618618618
0 0.75584375 0.33456456456456457 0.04408593750000005 0.13475975975975976
3 0.30591796875 0.4544219219219219 0.035453124999999995 0.17163663663663659
4 0.81483984375 0.7332357357357357 0.05372265624999999 0.15557057057057058
4 0.8684609375000001 0.4559534534534535 0.037375000000000116 0.18338588588588586
0 0.64455859375 0.5226351351351352 0.05823437499999997 0.09421921921921922
0 0.7296367187499999 0.43777777777777777 0.055953124999999916 0.12980480480480483
1 0.7912265625 0.5157732732732733 0.06370312499999997 0.17752252252252254
0 0.5780664062499999 0.6214714714714714 0.06195312499999996 0.12487237237237232
2 0.8619765625 0.6400675675675676 0.04053125000000009 0.17028528528528525
0 0.6802265625 0.44937687687687694 0.060585937499999964 0.0943393393393394
1 0.6599609375 0.6369894894894895 0.05189843750000005 0.17475975975975974
1 0.65436328125 0.6688513513513513 0.04576562499999994 0.20031531531531527