0 0.54732421875 0.6549174174174174 0.030335937499999945 0.06756006006006007
0 0.57761328125 0.43406906906906906 0.019808593750000013 0.06638138138138143
0 0.841921875 0.5821021021021021 0.027374999999999972 0.07422672672672681
3 0.23075390625 0.3401126126126126 0.017687499999999988 0.06298048048048047
4 0.63840625 0.4172297297297297 0.015167968749999972 0.06989489489489487
0 0.58769140625 0.22722972972972974 0.015167968749999972 0.057222222222222244
0 0.66981640625 0.48977477477477477 0.016285156250000023 0.07601351351351351
1 0.8563007812500001 0.46709459459459457 0.017292968750000172 0.06949699699699695
3 0.597828125 0.42604354354354357 0.017582031250000085 0.06322072072072074
4 0.66573828125 0.339481981981982 0.0201171875 0.06435435435435438
1 0.8158749999999999 0.4416291291291291 0.020199218750000015 0.0746246246246247
3 0.38326171875 0.09215465465465465 0.014937500000000003 0.05475975975975976
0 0.67801953125 0.34852102102102106 0.019332031249999916 0.06628378378378376
0 0.7944023437500001 0.43237987987987986 0.025499999999999988 0.068445945945946
0 0.9266406249999999 0.5891891891891892 0.025699218749999985 0.07211711711711707
0 0.80309375 0.5426426426426426 0.022457031249999915 0.07536036036036044
1 0.8160546875 0.511418918918919 0.017234374999999958 0.07281531531531532
4 0.7557578125 0.193490990990991 0.014992187500000042 0.058003003003003
4 0.4789609375 0.45376126126126126 0.019472656249999963 0.06454204204204206
1 0.866953125 0.5585285285285285 0.022980468749999972 0.07192942942942938
3 0.6426640625 0.9241516516516517 0.02142968750000005 0.05972222222222236
4 0.29580859375 0.750945945945946 0.021414062499999977 0.05452702702702711
2 0.8711015625 0.5404279279279279 0.012484375000000015 0.07147147147147151
0 0.292484375 0.7012537537537538 0.02432812499999999 0.06939939939939944
0 0.30676953125 0.32835585585585586 0.017855468750000013 0.06269519519519519
1 0.9448359375000001 0.534436936936937 0.0206171874999999 0.0762687687687687
3 0.8032656250000001 0.17614864864864865 0.016070312500000038 0.047537537537537554