0 0.1599296875 0.49286786786786785 0.028777343749999983 0.11824324324324324
0 0.1658125 0.6356906906906907 0.033648437499999996 0.12131381381381376
3 0.8880703125 0.8255480480480482 0.03564843750000009 0.15102852852852858
0 0.38503906250000003 0.7136336336336336 0.04471093750000001 0.1173198198198198
0 0.5141796875 0.18644894894894895 0.03018750000000008 0.09677177177177179
4 0.3009765625 0.5091516516516517 0.03528906249999997 0.1202627627627628
3 0.8696953125 0.12915165165165166 0.028535156250000072 0.10786036036036037
1 0.79158984375 0.5153978978978979 0.046167968750000024 0.11391141141141142
1 0.8674609375 0.47623123123123123 0.048195312500000045 0.1204504504504505
4 0.77513671875 0.21963213213213215 0.029511718750000072 0.10963213213213212
0 0.74375 0.6471771771771772 0.034937500000000024 0.14280030030030033
2 0.8414765624999999 0.5857357357357358 0.03094921874999983 0.13182432432432425
0 0.3282421875 0.49632882882882884 0.03336328125000003 0.11216966966966974
0 0.45878125000000003 0.3702552552552553 0.03305078125000005 0.11692942942942947
0 0.6683046874999999 0.5643843843843844 0.03841796874999996 0.1297597597597597
0 0.74366015625 0.44870870870870866 0.029355468750000037 0.10006756756756754
0 0.762890625 0.49323573573573576 0.03250390625000001 0.111554054054054
1 0.80297265625 0.4699099099099099 0.035789062499999955 0.10658408408408411
0 0.83483984375 0.45042792792792796 0.03161328125000011 0.07671921921921926
1 0.7003671875 0.56009009009009 0.037683593749999925 0.1400075075075075
4 0.42440625 0.7901576576576577 0.04638281249999991 0.1293693693693694
1 0.7737812500000001 0.6131456456456457 0.04248046875 0.11325825825825836
4 0.48212890625 0.4259009009009009 0.03959765624999996 0.12385885885885888
4 0.46589843750000004 0.3992042042042042 0.01850390624999996 0.08226726726726726