4 0.65273046875 0.8835060060060059 0.051894531249999966 0.10324324324324323
4 0.6297421875 0.44582582582582586 0.05375781249999996 0.12306306306306307
0 0.5456328125 0.16213213213213212 0.03314843750000005 0.09280030030030029
0 0.34796875 0.3163138138138138 0.033058593750000045 0.10749999999999996
0 0.31358593749999997 0.45509759759759766 0.03553906250000001 0.11243993993993992
1 0.61760546875 0.7446771771771772 0.04782812500000002 0.09688438438438435
0 0.47292968750000003 0.628551051051051 0.04003515624999991 0.12605105105105113
2 0.777140625 0.7272897897897898 0.03389453124999999 0.13822822822822814
0 0.56400390625 0.5978903903903904 0.05935937500000001 0.08077327327327322
0 0.49165625 0.9111486486486488 0.03608984374999995 0.14895645645645636
4 0.63848046875 0.1385960960960961 0.03620312499999993 0.1081756756756757
0 0.55896484375 0.8659534534534535 0.06170312500000001 0.10230480480480479
1 0.64667578125 0.6846471471471471 0.03933593749999993 0.08825075075075071
3 0.29555078125 0.6892942942942942 0.026046875000000025 0.14248498498498496
1 0.6597500000000001 0.8137162162162161 0.04198046874999992 0.1145345345345345
1 0.64016015625 0.6321921921921922 0.04057031250000005 0.07200450450450456
0 0.16697265625 0.7829279279279279 0.03412109375000001 0.1400675675675676
4 0.77970703125 0.6382132132132132 0.02482812499999998 0.1260435435435436
4 0.6566015625 0.32440690690690693 0.042441406250000036 0.114527027027027
0 0.5606640625 0.6715990990990991 0.05399609375000001 0.0689789789789789
0 0.56026953125 0.7243393393393394 0.05836328124999994 0.08814564564564571
0 0.5326484375 0.7631756756756757 0.038199218749999986 0.1541516516516516
1 0.65434765625 0.7534609609609609 0.034582031250000075 0.07691441441441445