4 0.7436171875 0.5028303303303303 0.0298828125 0.09785285285285279
4 0.4893828125 0.3172897897897898 0.040054687499999984 0.10393393393393398
3 0.39519140625000004 0.4513513513513514 0.02432031250000004 0.11237987987987992
0 0.34122265625 0.3311786786786787 0.025011718749999988 0.10293543543543544
0 0.3249140625 0.5811711711711711 0.03096874999999999 0.11234984984984991
0 0.340125 0.2299399399399399 0.033960937500000024 0.08843093093093092
4 0.5424453125 0.12710960960960963 0.03148046875000006 0.08784534534534534
4 0.7194882812500001 0.8408408408408409 0.038000000000000075 0.11062312312312306
2 0.76988671875 0.38495495495495496 0.02573828124999995 0.11507507507507506
3 0.89795703125 0.15045045045045047 0.022671874999999987 0.0996921921921922
0 0.46912890625000003 0.13113363363363362 0.03189062499999995 0.08959459459459458
1 0.62892578125 0.4463888888888889 0.03387499999999992 0.11355855855855855
0 0.7086875 0.30954204204204205 0.03100000000000005 0.11236486486486483
0 0.45804296874999995 0.3176651651651652 0.027683593749999957 0.10171921921921923
4 0.49453125 0.13003753753753755 0.026125000000000044 0.07876126126126128
0 0.63487890625 0.358521021021021 0.033449218750000044 0.10766516516516514
0 0.6861015625 0.8831381381381381 0.029175781250000022 0.13486486486486476
3 0.9942578125000001 0.48819069069069065 0.011484374999999858 0.11192192192192187
3 0.49441796875 0.059339339339339346 0.020250000000000056 0.08317567567567567
0 0.6499375 0.5117492492492492 0.02927343750000002 0.09328078078078078
1 0.6706484374999999 0.5345345345345346 0.035171874999999984 0.09634384384384378
1 0.6271953124999999 0.5483258258258258 0.041855468750000034 0.12228228228228219
1 0.7019765625 0.588063063063063 0.03380078125000008 0.09394894894894902
1 0.6705390625 0.49930930930930933 0.028929687499999978 0.08188438438438433
0 0.60649609375 0.5646396396396397 0.03063281250000003 0.12740240240240244
0 0.7009140625 0.6083483483483484 0.04687109374999991 0.10624624624624623