1 0.7812109375 0.6089264264264265 0.03530468750000004 0.07969219219219226
4 0.5611875000000001 0.5289564564564565 0.023062499999999986 0.06943693693693695
1 0.7761953125 0.7426876876876877 0.04060156250000002 0.07560810810810814
0 0.8103398437499999 0.7469894894894895 0.03379687500000008 0.09420420420420422
0 0.08650390625 0.6353903903903905 0.025179687499999992 0.07207207207207207
3 0.41475390624999997 0.6343468468468468 0.01832812500000003 0.09084834834834835
0 0.50578125 0.6076276276276277 0.024433593750000072 0.08924924924924917
3 0.9609023437499999 0.7829054054054053 0.022437499999999843 0.09795045045045038
4 0.42301171875000004 0.2436261261261261 0.022859374999999994 0.05572822822822824
3 0.0691171875 0.13683933933933934 0.017609374999999993 0.0625075075075075
3 0.97827734375 0.43361111111111117 0.020078124999999857 0.08446696696696696
0 0.50148828125 0.5134684684684685 0.019695312500000027 0.0824699699699699
0 0.35917578125 0.5602402402402402 0.021359375000000024 0.06809309309309312
2 0.83675 0.6791741741741741 0.02418750000000003 0.0991066066066066
0 0.5698125 0.3514189189189189 0.026902343749999957 0.06801051051051053
3 0.6053515625 0.14403153153153153 0.01917187499999997 0.06705705705705706
4 0.5832421875 0.33346096096096095 0.023160156249999987 0.07059309309309307
4 0.34080859375 0.5992042042042042 0.017824218750000044 0.07659909909909908
1 0.75548828125 0.6186486486486487 0.026207031250000058 0.09277027027027022
0 0.44119921875 0.24900150150150152 0.02394921874999998 0.05684684684684687
4 0.52529296875 0.6034534534534535 0.018679687500000063 0.09308558558558559
1 0.7351054687499999 0.6239564564564565 0.025269531250000022 0.09792792792792797
1 0.84251953125 0.6007657657657658 0.03532812499999984 0.03840090090090097
0 0.5048359375 0.6019294294294294 0.01857812499999998 0.08280030030030028
0 0.84991015625 0.6348648648648648 0.03416015624999993 0.04637387387387386
0 0.73091796875 0.5949174174174173 0.02565234375000003 0.04984984984984992
0 0.7618828125 0.5843018018018018 0.016285156250000023 0.03544294294294297