0 0.45562500000000006 0.5319519519519519 0.03483203125000003 0.1188438438438438
0 0.1338359375 0.37987987987987987 0.03973437500000001 0.1241741741741742
0 0.67638671875 0.5656081081081081 0.05265234374999998 0.13046546546546545
0 0.45304296875 0.22527027027027027 0.03203906249999999 0.10912162162162165
0 0.6682148437500001 0.6797597597597598 0.052925781249999915 0.12216216216216218
3 0.33464062499999997 0.5140315315315316 0.028000000000000025 0.1341291291291292
0 0.2396875 0.6023948948948948 0.029714843749999977 0.14354354354354357
1 0.75564453125 0.46385135135135136 0.05439453125 0.09855105105105104
2 0.866390625 0.5864564564564564 0.04416015625000007 0.1326426426426427
0 0.31601953125 0.7608933933933933 0.036820312499999994 0.13929429429429427
0 0.564546875 0.7586336336336337 0.03354296874999996 0.11670420420420416
1 0.70440234375 0.6637237237237238 0.04251562500000006 0.1068318318318318
0 0.7068789062499999 0.4538138138138138 0.046011718749999986 0.0851651651651652
4 0.5424609375 0.6204654654654654 0.031179687500000063 0.12712462462462457
4 0.6928359375 0.2812462462462462 0.03224999999999998 0.13308558558558556
0 0.63459375 0.3460960960960961 0.04524609374999997 0.11408408408408412
1 0.7165703125 0.5789114114114114 0.05052343750000006 0.1329504504504504
1 0.72684765625 0.508551051051051 0.03918750000000006 0.11940690690690688
0 0.60037890625 0.4651651651651652 0.056007812500000045 0.10571321321321317
1 0.71833984375 0.5416966966966966 0.03934374999999992 0.12340840840840848
4 0.71924609375 0.7438063063063063 0.044523437500000006 0.09796546546546539
4 0.62434765625 0.3069894894894895 0.023695312499999944 0.06742492492492497
4 0.556203125 0.6796846846846847 0.05173046874999994 0.11746246246246249