0 0.46043359375000004 0.34771771771771776 0.039332031250000024 0.1203828828828829
1 0.41013671875 0.6419219219219219 0.05894921874999999 0.127987987987988
4 0.3251875 0.35849099099099097 0.041414062499999994 0.1338663663663663
4 0.37366015625000004 0.48266516516516517 0.052976562500000046 0.11925675675675669
2 0.32717968750000004 0.7700900900900901 0.04304296875000002 0.15175675675675665
0 0.33220312500000004 0.19407657657657656 0.03914062500000002 0.11831081081081084
0 0.4623125 0.4604804804804805 0.03729296874999992 0.12094594594594588
1 0.452359375 0.6858408408408408 0.06122265625000001 0.15400150150150158
4 0.28654296874999996 0.20507507507507508 0.04577734375000002 0.12645645645645642
0 0.63366796875 0.833506006006006 0.04803125000000001 0.14063813813813808
0 0.62500390625 0.8962837837837837 0.07150781249999998 0.14372372372372377
0 0.754515625 0.8076951951951952 0.038718749999999955 0.15614114114114117
4 0.39038281249999995 0.8015690690690691 0.050359374999999984 0.14406906906906913
4 0.57355859375 0.8603603603603603 0.06259374999999992 0.14506006006005992
0 0.49046484375 0.6428753753753753 0.04037500000000005 0.09719219219219222
1 0.47819921875000004 0.8272822822822823 0.04164453125000005 0.15418918918918928
1 0.49911328125 0.716539039039039 0.04356640625000008 0.12139639639639643
3 0.81113671875 0.6581306306306306 0.02789843750000003 0.1630480480480481
1 0.48863671875000003 0.7806531531531531 0.04348046874999998 0.1326876876876876
0 0.5289609375000001 0.7038138138138138 0.03705078124999996 0.12359609609609618
0 0.57041015625 0.7797897897897899 0.04966406249999995 0.10916666666666665
0 0.5015703125 0.5850150150150151 0.06353515625000003 0.13490990990990995
0 0.5531640624999999 0.7198123123123122 0.03937890624999998 0.07753753753753752