0 0.69184765625 0.5503828828828828 0.04885156249999998 0.0991291291291291
1 0.79953125 0.4868243243243244 0.04076171874999997 0.10198198198198193
4 0.32318359375 0.4438663663663664 0.03291796874999999 0.09474474474474479
0 0.20772265625 0.45183933933933934 0.03219921875000002 0.10841591591591598
3 0.884703125 0.7999024024024024 0.031390624999999873 0.1341216216216217
4 0.30126171875 0.7990465465465465 0.05556640625 0.12584084084084077
1 0.8359296875 0.47161411411411414 0.039492187500000143 0.10465465465465472
4 0.47875781249999994 0.40660660660660664 0.02673828124999993 0.10517267267267265
2 0.8610820312499999 0.5690840840840841 0.03287109374999986 0.11774024024024018
4 0.5604453125 0.366036036036036 0.03098828124999997 0.11704204204204202
3 0.8539492187500001 0.16455705705705706 0.026125000000000044 0.10082582582582586
1 0.72373046875 0.5517417417417417 0.030531249999999944 0.1157732732732733
0 0.42898437500000003 0.42031531531531535 0.03392578124999997 0.09462462462462459
4 0.77284765625 0.21744744744744743 0.023265624999999977 0.09465465465465467
0 0.329 0.7330480480480481 0.043187499999999976 0.11448948948948957
0 0.17166796875 0.5929204204204204 0.04994921875 0.1112462462462463
0 0.76420703125 0.5956831831831833 0.03592578124999992 0.12427927927927926
0 0.82419140625 0.4449924924924925 0.030171874999999914 0.08344594594594601
1 0.768015625 0.4988363363363364 0.03605078124999998 0.08220720720720721
1 0.79006640625 0.5833108108108108 0.03516796875000008 0.12569069069069075
0 0.57902734375 0.19576576576576576 0.03776953125000002 0.08831081081081081
0 0.74995703125 0.503581081081081 0.030792968749999972 0.09370870870870866
3 0.40365234375 0.40493993993993993 0.022519531250000037 0.1104504504504505
0 0.34757421875 0.48128378378378384 0.04085546874999997 0.11851351351351344
0 0.7287578124999999 0.49113363363363366 0.03973437499999992 0.08680180180180172