0 0.4887578616352201 0.33889108910891086 0.07189203354297698 0.10824752475247529
0 0.452395178197065 0.4014653465346535 0.07142033542976939 0.09904950495049501
2 0.1943134171907757 0.41166336633663364 0.04708071278825998 0.17014851485148516
0 0.5266090146750524 0.25164356435643565 0.04037735849056602 0.14681188118811883
4 0.4179612159329141 0.2399108910891089 0.055178197064989505 0.13576237623762377
4 0.3802148846960168 0.20996039603960395 0.04994234800838573 0.14190099009900992
4 0.1958071278825996 0.7234653465346536 0.060801886792452825 0.15295049504950498
0 0.5586058700209643 0.3763762376237624 0.0331446540880502 0.15920792079207916
4 0.26705974842767294 0.6099009900990099 0.06646226415094343 0.14544554455445555
4 0.21825995807127882 0.37643564356435644 0.040309224318658264 0.13405940594059404
1 0.3077672955974843 0.498069306930693 0.04817610062893086 0.11828712871287125
0 0.6974475890985325 0.4886138613861386 0.03950209643605864 0.1603663366336634
0 0.38951781970649896 0.544920792079208 0.0714098532494759 0.08897029702970292
0 0.37407232704402515 0.5904653465346534 0.04212788259958077 0.1708514851485148
0 0.866766247379455 0.3285643564356436 0.04333857442348011 0.16397029702970298
1 0.28126834381551363 0.5354356435643564 0.056058700209643625 0.13205940594059412
0 0.8840985324947589 0.6336138613861386 0.0353825995807129 0.1787722772277227
1 0.3503616352201258 0.47896039603960394 0.04934486373165623 0.11113861386138614
1 0.36300314465408806 0.3396138613861386 0.04345911949685538 0.09458415841584156
1 0.3536792452830189 0.39164356435643566 0.04077568134171906 0.0947920792079208
0 0.45452306079664573 0.8661980198019802 0.04020440251572329 0.18774257425742585
0 0.5943553459119497 0.6847623762376238 0.04344339622641503 0.15781188118811892