0 0.45429245283018865 0.4725199203187252 0.05694968553459124 0.08172310756972112
0 0.3318396226415094 0.834402390438247 0.05690775681341715 0.10516932270916327
4 0.3860953878406708 0.30776892430278885 0.044229559748427724 0.12034860557768925
0 0.7386215932914046 0.18228087649402389 0.030377358490566057 0.104402390438247
4 0.47159853249475886 0.10882470119521913 0.045324947589098545 0.11849601593625497
0 0.8460167714884697 0.4353187250996016 0.034376310272536764 0.11993027888446212
0 0.3849947589098533 0.7160059760956176 0.059507337526205434 0.09985059760956175
4 0.2416614255765199 0.8074402390438247 0.045387840670859554 0.10080677290836657
0 0.735104821802935 0.8094422310756971 0.03626834381551353 0.1306673306772909
0 0.41894654088050315 0.6047808764940239 0.06505765199161419 0.08349601593625491
0 0.5489779874213837 0.6107270916334661 0.034093291404612196 0.12230079681274897
0 0.510524109014675 0.7333565737051793 0.03439727463312363 0.1249501992031873
4 0.1035482180293501 0.5656573705179282 0.03868448637316562 0.11803784860557769
0 0.5635115303983229 0.42805776892430275 0.03224318658280922 0.12211155378486058
1 0.32354297693920336 0.6684661354581674 0.045985324947589105 0.08105577689243017
2 0.31654088050314466 0.588496015936255 0.03737945492662471 0.07835657370517936
1 0.3619706498951782 0.5057868525896414 0.03927672955974846 0.08110557768924298
1 0.3005503144654088 0.705398406374502 0.040707547169811356 0.08315737051792829
1 0.352038784067086 0.621593625498008 0.0425943396226415 0.08699203187250988
1 0.3564622641509434 0.5731972111553785 0.04213312368972751 0.09645418326693218
0 0.4991614255765199 0.939203187250996 0.04234276729559747 0.1215936254980079
4 0.2779245283018868 0.7607868525896415 0.04343291404612157 0.08608565737051799