4 0.5465094339622641 0.8726693227091633 0.05976939203354296 0.18177290836653387
4 0.2900786163522013 0.7126294820717132 0.04716457023060797 0.15048804780876485
4 0.25642557651991615 0.2729183266932271 0.05388364779874211 0.1486852589641434
0 0.33384696016771487 0.2660258964143426 0.042101677148846925 0.11997011952191237
4 0.2040146750524109 0.26110557768924303 0.05670335429769395 0.1438545816733068
1 0.35191299790356395 0.47758964143426297 0.05931865828092246 0.14316733067729084
0 0.3694496855345912 0.174402390438247 0.04095911949685539 0.13868525896414344
2 0.2820125786163522 0.6082669322709163 0.050041928721174016 0.17025896414342634
0 0.5332861635220125 0.6423406374501992 0.06529350104821799 0.09237051792828686
0 0.640482180293501 0.24978087649402392 0.03759958071278815 0.13903386454183264
0 0.427206498951782 0.41574701195219127 0.06676100628930812 0.09723107569721116
4 0.5250104821802936 0.7688844621513945 0.056624737945492644 0.18119521912350606
0 0.47364779874213836 0.5194322709163347 0.06583857442348003 0.09919322709163345
0 0.6729350104821803 0.6007171314741035 0.04839622641509442 0.15860557768924305
1 0.44563941299790355 0.6807768924302788 0.04874213836477988 0.1629780876494025
0 0.6345597484276729 0.7547310756972112 0.06639412997903556 0.13719123505976097
1 0.38864779874213834 0.5251494023904383 0.044491614255765255 0.13596613545816733
0 0.652353249475891 0.847699203187251 0.04480083857442349 0.16520916334661367
0 0.5722589098532495 0.7191733067729084 0.07060272536687633 0.10813745019920312
0 0.8517714884696017 0.5500996015936255 0.03733752620545062 0.1691035856573705
1 0.43115828092243186 0.5667629482071713 0.050492662473794504 0.0804681274900398
1 0.4274895178197065 0.630109561752988 0.04612683438155136 0.14056772908366522