4 0.30192348008385744 0.4023605577689243 0.03789308176100627 0.09553784860557765
0 0.41351153039832284 0.7358665338645418 0.032227463312368976 0.13932270916334671
0 0.3993029350104822 0.33886454183266934 0.03356394129979034 0.12122509960159367
0 0.40361635220125786 0.4618625498007968 0.03786163522012579 0.1161852589641434
2 0.2663469601677149 0.5175498007968128 0.03920335429769393 0.13003984063745014
0 0.35786687631027253 0.4608964143426295 0.04934486373165623 0.12537848605577695
0 0.43262578616352204 0.584402390438247 0.04114255765199162 0.13313745019920326
4 0.28831236897274637 0.6394422310756972 0.04838050314465406 0.1258764940239045
0 0.39410901467505244 0.6506374501992032 0.03714884696016777 0.10822709163346622
4 0.07585429769392033 0.5348406374501993 0.06538259958071278 0.10712151394422306
0 0.37085429769392037 0.5917529880478087 0.04006289308176104 0.09761952191235058
0 0.34359014675052413 0.390796812749004 0.03552410901467504 0.07873505976095613
0 0.9676310272536688 0.4831573705179283 0.035136268343815495 0.13810756972111551
4 0.15325471698113208 0.5856772908366533 0.05357442348008387 0.11258964143426291
4 0.22939727463312368 0.6016434262948207 0.035503144654088055 0.11824701195219126
1 0.30905136268343814 0.5159063745019921 0.04023584905660377 0.060418326693227116
1 0.3122641509433962 0.4328685258964144 0.036818658280922435 0.057061752988047776
1 0.2909276729559749 0.4871613545816733 0.038286163522012556 0.12888446215139446
1 0.3005922431865828 0.5836852589641434 0.041362683438155176 0.10596613545816742
0 0.34500524109014674 0.5222609561752988 0.038957023060796604 0.08201195219123504
0 0.3535062893081761 0.5030378486055778 0.05161425576519917 0.09067729083665341
1 0.3213784067085954 0.46772908366533866 0.022269392033542983 0.041085657370517926