4 0.558125 0.24308333333333335 0.042750000000000024 0.10273611111111107
4 0.5120078125 0.100625 0.039390625000000054 0.09630555555555556
0 0.5022265625 0.2865138888888889 0.03822656250000005 0.10454166666666664
4 0.8065078124999999 0.8632638888888888 0.05321093750000001 0.11837500000000002
0 0.455609375 0.3734444444444444 0.040101562499999945 0.10977777777777777
0 0.5461015625 0.4171111111111111 0.04603125000000006 0.07009722222222226
0 0.5280546875 0.370375 0.04421874999999993 0.0760833333333333
0 0.473796875 0.46898611111111116 0.03125 0.10218055555555562
0 0.720203125 0.9093333333333333 0.03735937499999995 0.1084722222222221
1 0.594203125 0.40852777777777777 0.03921875000000004 0.07226388888888885
1 0.6428125 0.4613333333333334 0.03818750000000008 0.08543055555555554
0 0.43678906250000005 0.1287361111111111 0.027359374999999984 0.085625
0 0.24402343750000002 0.5795555555555555 0.029585937500000003 0.11477777777777776
0 0.22717187499999997 0.29791666666666666 0.02642968750000003 0.11112499999999999
3 0.338671875 0.42616666666666664 0.023906250000000018 0.11812499999999994
1 0.628734375 0.4375833333333333 0.03532812500000002 0.0737638888888889
0 0.5645156250000001 0.4855 0.05155468750000001 0.08243055555555559
1 0.6058125000000001 0.3282361111111111 0.03510937500000004 0.05319444444444446
2 0.73140625 0.3739861111111111 0.02698437499999997 0.10895833333333335
1 0.60990625 0.3727638888888889 0.036195312499999945 0.06019444444444449
0 0.49594531249999996 0.6950555555555555 0.027507812500000027 0.1341666666666667
3 0.44085156249999996 0.040652777777777774 0.026601562499999964 0.08130555555555555
4 0.72178125 0.32719444444444445 0.02232031249999995 0.10477777777777778
3 0.8941640625 0.13115277777777778 0.01899218749999996 0.10338888888888889
4 0.781453125 0.6366944444444445 0.04467187499999996 0.12922222222222218