1 0.27064465408805033 0.45316733067729087 0.05237421383647802 0.14448207171314736
0 0.5818396226415095 0.2723605577689243 0.04210691823899379 0.1297410358565737
0 0.3700943396226415 0.1794820717131474 0.03481132075471702 0.11891434262948206
0 0.7140251572327043 0.6170219123505977 0.04533542976939203 0.1240239043824701
4 0.6108752620545073 0.7780577689243028 0.07115828092243186 0.13626494023904376
1 0.3513784067085954 0.5179581673306772 0.053689727463312395 0.13479083665338643
4 0.26358490566037734 0.2650796812749004 0.03206498951781968 0.10261952191235058
0 0.6458490566037736 0.7480677290836653 0.03830188679245279 0.1310059760956175
0 0.8118029350104822 0.5605378486055776 0.03910377358490573 0.14963147410358568
2 0.2341823899371069 0.6103187250996016 0.03614779874213838 0.17926294820717134
0 0.3125576519916143 0.41537848605577693 0.041100628930817645 0.10290836653386459
0 0.39217505241090145 0.5096414342629483 0.04055031446540875 0.11756972111553787
1 0.38546121593291405 0.6414043824701195 0.04407232704402511 0.14939243027888446
4 0.36598532494758906 0.7788147410358566 0.04827044025157228 0.13399402390438245
1 0.37418238993710695 0.5687549800796813 0.038993710691823946 0.10136454183266931
0 0.5626153039832286 0.8466733067729083 0.040026205450733696 0.18060756972111547
0 0.4307232704402516 0.6285956175298805 0.054544025157232674 0.10311752988047806
4 0.294664570230608 0.222898406374502 0.03912473794549271 0.13734063745019923
1 0.39902515723270443 0.703804780876494 0.04665618448637315 0.155089641434263
0 0.4513259958071279 0.7263047808764941 0.06519916142557657 0.1446613545816733
4 0.5229926624737945 0.8289442231075698 0.04965932914046116 0.1772011952191236
0 0.33218553459119493 0.2228585657370518 0.045419287211740086 0.14335657370517932