2 0.2841328125 0.447125 0.02804687499999998 0.09588888888888884
0 0.7783203125 0.48106944444444444 0.02714062500000001 0.07447222222222223
3 0.1531875 0.3895972222222222 0.02139843749999999 0.08427777777777774
0 0.55253125 0.7816805555555555 0.029085937500000013 0.11309722222222231
3 0.609609375 0.46969444444444447 0.01932812500000001 0.09261111111111105
4 0.338484375 0.7373333333333333 0.02996875000000001 0.10651388888888896
4 0.56440625 0.41540277777777773 0.02064843750000005 0.08186111111111102
1 0.4183828125 0.4638611111111111 0.020406249999999914 0.06684722222222221
3 0.5126640625000001 0.28291666666666665 0.020671875000000027 0.08081944444444444
0 0.5746796875 0.4050694444444444 0.03019531250000007 0.06274999999999993
4 0.387671875 0.4403055555555555 0.025375000000000016 0.07333333333333326
1 0.41710156249999997 0.4119444444444445 0.017835937499999944 0.0554722222222223
1 0.4744296875 0.4437361111111111 0.024289062499999937 0.08144444444444443
0 0.4306640625 0.5342361111111111 0.024656249999999956 0.07630555555555563
4 0.275921875 0.6615694444444443 0.02659374999999997 0.10030555555555551
4 0.407703125 0.7811388888888888 0.03248437499999999 0.1179166666666668
0 0.45725781249999997 0.6595 0.04600781250000008 0.08813888888888893
0 0.43285156249999995 0.4199722222222222 0.0232421875 0.07458333333333339
0 0.4649375 0.4151666666666667 0.023499999999999945 0.0764722222222223
3 0.1422578125 0.9161111111111111 0.02297656250000002 0.06168055555555567
0 0.443140625 0.3788472222222222 0.019687500000000035 0.057611111111111134
1 0.4529140625 0.4286944444444445 0.02184375000000003 0.08505555555555556
0 0.497828125 0.46115277777777774 0.02455468750000005 0.07673611111111112
1 0.4403046875 0.38277777777777783 0.022359374999999914 0.05423611111111105
0 0.4061875 0.7222638888888888 0.031117187499999987 0.08619444444444437
0 0.408828125 0.47681944444444446 0.017320312500000056 0.07206944444444442