2 0.11282494758909854 0.39729702970297026 0.0455712788259958 0.11897029702970294
0 0.735754716981132 0.25286138613861386 0.02886792452830185 0.11017821782178215
4 0.5776939203354298 0.18456435643564356 0.031855345911949794 0.10956435643564359
0 0.5392714884696017 0.935891089108911 0.04046121593291401 0.12306930693069303
4 0.4056027253668763 0.773029702970297 0.04592767295597478 0.1302574257425742
0 0.7624842767295598 0.6827128712871287 0.033280922431865825 0.11691089108910883
3 0.5204402515723271 0.030693069306930693 0.03878406708595388 0.061386138613861385
0 0.2593867924528302 0.3831881188118812 0.049203354297693916 0.09774257425742577
0 0.8133490566037735 0.4802079207920792 0.045356394129979015 0.11109900990099013
4 0.15873165618448637 0.3545643564356436 0.05033542976939203 0.10431683168316833
4 0.3688259958071279 0.6265544554455446 0.03207023060796649 0.1197722772277228
1 0.19071278825995808 0.36025742574257424 0.04320754716981135 0.11851485148514856
0 0.22465408805031445 0.3253861386138614 0.0219392033542977 0.06869306930693068
0 0.23350104821802933 0.4253366336633663 0.026949685534591174 0.11335643564356436
0 0.5896016771488469 0.5378712871287129 0.03953878406708598 0.09610891089108904
1 0.1825524109014675 0.4962574257425743 0.04227987421383646 0.11800990099009906
0 0.1731236897274633 0.34037623762376235 0.02323899371069184 0.09458415841584156
4 0.5135849056603773 0.6516633663366336 0.046189727463312305 0.10951485148514842
1 0.20774109014675052 0.37074257425742574 0.03514675052410898 0.09197029702970295
0 0.2165985324947589 0.5018316831683168 0.03984800838574422 0.10976237623762372
1 0.21523584905660378 0.42296039603960395 0.028160377358490574 0.0979108910891089
0 0.3870073375262054 0.624039603960396 0.037484276729559736 0.11432673267326736
1 0.20671907756813418 0.40154455445544557 0.020754716981132088 0.07474257425742575