2 0.20511006289308178 0.5825 0.03737421383647796 0.14920318725099596
4 0.4884119496855346 0.2130179282868526 0.03764675052410898 0.11598605577689244
0 0.3936897274633124 0.8586752988047809 0.0428301886792453 0.1316932270916335
0 0.5758542976939204 0.30046812749003987 0.027814465408805118 0.10849601593625496
4 0.39438155136268344 0.24895418326693225 0.03452306079664565 0.11815737051792828
0 0.7974842767295597 0.6966932270916335 0.040120545073375355 0.1318326693227093
0 0.5080398322851153 0.5406673306772909 0.035990566037735885 0.13336653386454186
0 0.46499475890985326 0.7159262948207171 0.046498951781970665 0.14171314741035854
0 0.4280450733752621 0.5879282868525896 0.035089098532494784 0.13059760956175287
1 0.3427253668763103 0.6504581673306772 0.03854821802935008 0.10541832669322701
4 0.3430660377358491 0.7277091633466135 0.03660901467505236 0.11424302788844626
4 0.27231656184486375 0.6187549800796813 0.03324423480083858 0.1186155378486055
1 0.35274633123689725 0.5364442231075698 0.060707547169811284 0.12133466135458161
0 0.5327935010482181 0.19623505976095615 0.035330188679245325 0.11877490039840635
4 0.3887893081761006 0.612011952191235 0.031860587002096416 0.10935258964143423
1 0.40361635220125786 0.5864641434262947 0.028715932914046102 0.09765936254980075
0 0.35859014675052414 0.4638745019920319 0.030712788259958025 0.05331673306772906
0 0.36799266247379453 0.675109561752988 0.03879454926624737 0.13916334661354585
0 0.39371593291404616 0.7436653386454183 0.04140461215932914 0.13687250996015943
1 0.3796174004192872 0.7277689243027888 0.04375786163522013 0.12625498007968128
0 0.38776205450733753 0.5258266932270916 0.03507337526205455 0.12019920318725107
1 0.3425157232704402 0.5116035856573705 0.02541928721174004 0.11542828685258968