0 0.5038259958071278 0.4923705179282869 0.04285115303983228 0.10636454183266934
0 0.8070230607966457 0.5308565737051792 0.034313417190775575 0.12543824701195225
0 0.3386215932914046 0.6738745019920319 0.03922431865828088 0.12498007968127492
4 0.4142295597484277 0.3425199203187251 0.038149895178197044 0.08364541832669324
0 0.6209014675052411 0.7742131474103585 0.030943396226415076 0.13227091633466131
4 0.5902253668763103 0.782101593625498 0.032541928721174083 0.11852589641434264
0 0.4472222222222222 0.5939342629482072 0.031860587002096416 0.11431274900398404
1 0.23927148846960167 0.3919820717131474 0.02878406708595386 0.11575697211155381
0 0.45802935010482176 0.38768924302788843 0.033616352201257915 0.11674302788844625
0 0.4436425576519916 0.43512948207171315 0.024779874213836463 0.11160358565737047
4 0.3942714884696017 0.6315338645418326 0.03500524109014673 0.1462350597609561
0 0.3678406708595388 0.442300796812749 0.038170859538784026 0.12222111553784865
0 0.22360587002096435 0.4607270916334662 0.029926624737945506 0.12428286852589644
2 0.12008385744234801 0.4631772908366534 0.02710167714884695 0.14628486055776888
1 0.35730607966457023 0.4612848605577689 0.04158805031446536 0.13547808764940236
1 0.4230503144654088 0.4694721115537849 0.04025681341719075 0.1037350597609562
3 0.39693396226415095 0.023296812749003984 0.03502096436058697 0.04659362549800797
1 0.43807127882599584 0.547609561752988 0.05011006289308171 0.05403386454183267
1 0.38913522012578616 0.5911155378486056 0.041661425576519924 0.11732071713147407
4 0.41123689727463314 0.4144820717131474 0.03581761006289304 0.1152788844621514
4 0.3877044025157233 0.5803585657370517 0.02358490566037736 0.06002988047808763
0 0.3528878406708595 0.5643625498007968 0.04829664570230613 0.06756972111553777
0 0.3382966457023061 0.6373804780876493 0.05651467505241086 0.0636653386454184