0 0.6915094339622642 0.7213944223107569 0.02490566037735848 0.079581673306773
4 0.2355188679245283 0.7815737051792829 0.025623689727463306 0.10025896414342637
0 0.5283280922431866 0.4417729083665339 0.027688679245282982 0.07244023904382473
4 0.6083647798742138 0.7668426294820717 0.028275681341718983 0.07640438247011956
3 0.4151100628930817 0.14584661354581674 0.019454926624737887 0.06927290836653388
4 0.5042714884696017 0.4063745019920319 0.028039832285115304 0.0716035856573705
3 0.18896226415094342 0.9756474103585657 0.023066037735849053 0.04756972111553784
3 0.01919811320754717 0.4047908366533865 0.02089098532494759 0.08117529880478087
4 0.6607704402515723 0.3307370517928287 0.023909853249475834 0.05398406374501997
0 0.1625524109014675 0.5317828685258964 0.018846960167714904 0.08597609561752982
0 0.7125314465408805 0.3074402390438247 0.025073375262054585 0.04268924302788846
0 0.37769392033542976 0.7145617529880478 0.02445492662473799 0.09296812749003976
2 0.12173480083857442 0.4881872509960159 0.024261006289308187 0.07940239043824704
0 0.551724318658281 0.3792729083665339 0.028254716981131998 0.05783864541832674
0 0.10933438155136269 0.5063645418326693 0.027830188679245294 0.0878286852589642
1 0.147625786163522 0.5530478087649402 0.022992662473794553 0.08441235059760956
1 0.19136268343815513 0.5679780876494024 0.024544025157232727 0.06814741035856581
4 0.6494234800838574 0.4623705179282869 0.020838574423480197 0.07424302788844618
1 0.2130083857442348 0.5306474103585658 0.02365828092243186 0.031922310756972064
0 0.5216142557651992 0.8637350597609562 0.03410377358490568 0.09875498007968136
0 0.21332809224318658 0.5595318725099602 0.026200209643605876 0.06723107569721115
1 0.1937997903563941 0.5232470119521913 0.023244234800838585 0.06413346613545821
1 0.18241090146750524 0.4522410358565737 0.027851153039832276 0.07540836653386458
0 0.23158805031446542 0.534511952191235 0.021577568134171887 0.07019920318725101