0 0.4509486373165618 0.4026138613861386 0.07143081761006287 0.0973663366336634
2 0.19412473794549265 0.4108811881188119 0.04657756813417191 0.1686831683168317
4 0.4167714884696017 0.24273267326732673 0.05790880503144655 0.1399207920792079
0 0.48758909853249477 0.3399306930693069 0.0697327044025157 0.10374257425742571
0 0.5257232704402516 0.24913861386138614 0.0392662473794549 0.14204950495049506
4 0.19533542976939203 0.7217029702970297 0.06058176100628933 0.15337623762376246
4 0.2669287211740042 0.6096831683168317 0.06730607966457021 0.1448316831683168
1 0.2795911949685535 0.5351089108910891 0.05837002096436056 0.1339504950495049
4 0.2190566037735849 0.37606930693069307 0.03873689727463311 0.13297029702970303
0 0.39479035639412996 0.5523762376237623 0.07106394129979031 0.10483168316831677
1 0.3070020964360587 0.4981287128712871 0.04842243186582815 0.11946534653465349
0 0.5263679245283018 0.3722970297029703 0.03360062893081762 0.1551485148514852
0 0.9113836477987421 0.35607920792079206 0.03597484276729553 0.1755445544554455
4 0.3279926624737945 0.30697029702970297 0.033495807127882644 0.12650495049504948
0 0.6434800838574424 0.4842079207920792 0.03862683438155127 0.1577920792079208
0 0.8854559748427673 0.640990099009901 0.035597484276729596 0.17992079207920794
0 0.37738469601677144 0.5777425742574257 0.048506289308176076 0.16681188118811882
0 0.5966561844863733 0.6841386138613862 0.032594339622641536 0.1709306930693068
1 0.3531603773584906 0.4684059405940594 0.048553459119496906 0.11992079207920793
1 0.3530503144654088 0.39063366336633665 0.04199161425576526 0.0817524752475248
0 0.41662997903563936 0.8626237623762376 0.04238993710691818 0.18311881188118817
1 0.36346960167714887 0.3336633663366337 0.04221698113207545 0.08322772277227718