3 0.14423480083857443 0.04484063745019921 0.03472746331236897 0.08573705179282869
0 0.49212788259958073 0.4996613545816734 0.037699161425576555 0.09939243027888449
1 0.2276991614255765 0.6267330677290837 0.030880503144654067 0.12437250996015925
1 0.19033018867924528 0.6424203187250996 0.03672431865828089 0.10755976095617531
0 0.6190670859538785 0.6026593625498008 0.02656184486373157 0.0708366533864543
4 0.56333857442348 0.6205478087649402 0.03264150943396237 0.08549800796812741
4 0.4649004192872117 0.3698804780876494 0.04080712788259953 0.059143426294820715
4 0.799601677148847 0.5416235059760955 0.040345911949685544 0.10397410358565741
3 0.8549895178197064 0.28551792828685263 0.021960167714884744 0.10209163346613546
0 0.22946540880503144 0.4941135458167331 0.02408805031446543 0.09392430278884463
1 0.24201781970649894 0.5749800796812748 0.028123689727463295 0.1260458167330677
3 0.6825 0.9807270916334662 0.02634171907756825 0.037260956175298884
1 0.2143238993710692 0.5130876494023904 0.02891509433962262 0.12630478087649397
4 0.5809643605870021 0.2808864541832669 0.01925576519916131 0.08814741035856574
1 0.1598427672955975 0.610398406374502 0.022253668763102745 0.13202191235059757
0 0.5479297693920335 0.591414342629482 0.026850104821802945 0.0940438247011953
4 0.8293501048218029 0.8389143426294821 0.03446540880503156 0.11243027888446226
0 0.8303301886792452 0.8028187250996016 0.030204402515723327 0.11424302788844626
0 0.8062421383647799 0.5642629482071713 0.041226415094339545 0.0699103585657371
2 0.17665094339622642 0.5450199203187251 0.02867924528301888 0.09237051792828686
0 0.5615146750524108 0.26863545816733064 0.028899371069182323 0.08106573705179282
0 0.26940251572327045 0.5450697211155379 0.02649895178197062 0.1121115537848605
0 0.477520964360587 0.34348605577689245 0.03710167714884694 0.07512948207171322
0 0.22036687631027252 0.584691235059761 0.02946540880503146 0.07375498007968123
0 0.18035639412997903 0.5858067729083665 0.01963836477987423 0.09022908366533856