0 0.5216484375 0.27802777777777776 0.04510156250000001 0.09383333333333334
3 0.1691875 0.1426805555555556 0.023765625000000012 0.10677777777777779
4 0.2003046875 0.8745416666666667 0.05095312500000002 0.12473611111111103
4 0.5022656249999999 0.16158333333333333 0.037968749999999926 0.10819444444444447
0 0.5524765625 0.6199583333333334 0.03567187500000006 0.11099999999999995
4 0.306953125 0.5528888888888889 0.04507031250000004 0.10649999999999993
0 0.5475859375 0.7886527777777779 0.036374999999999956 0.11593055555555559
0 0.5768359375000001 0.19094444444444442 0.031335937499999925 0.09229166666666665
0 0.4369921875 0.5099166666666667 0.04703125000000004 0.1196805555555555
0 0.292578125 0.8915416666666667 0.039437500000000014 0.10968055555555559
0 0.549203125 0.37375 0.03219531250000003 0.11370833333333334
4 0.24306250000000001 0.6996666666666667 0.04104687499999997 0.1183888888888889
0 0.47709375 0.39090277777777777 0.05046874999999993 0.08529166666666663
0 0.5044921875 0.35233333333333333 0.048507812499999935 0.06923611111111114
0 0.45771875 0.45193055555555556 0.057195312500000026 0.07188888888888888
1 0.3720234375 0.42375 0.042546875000000026 0.0901666666666666
2 0.3001875 0.33997222222222223 0.027640624999999995 0.1062083333333333
0 0.83375 0.34318055555555554 0.031976562499999875 0.1013333333333333
3 0.69015625 0.414125 0.02251562499999995 0.12423611111111113
1 0.42708593749999996 0.38215277777777773 0.035531250000000014 0.07901388888888887
1 0.4317109375 0.2975555555555556 0.03258593750000003 0.06215277777777778
1 0.392578125 0.39479166666666665 0.032164062500000014 0.07466666666666666
4 0.29650781249999997 0.29859722222222224 0.020749999999999956 0.10561111111111114
1 0.42711718750000005 0.33993055555555557 0.040640624999999986 0.04931944444444443