0 0.5784905660377359 0.3373564356435644 0.020670859538784097 0.049217821782178255
1 0.1229035639412998 0.5106237623762376 0.017814465408805037 0.06604950495049508
0 0.323275681341719 0.7188019801980198 0.016991614255765237 0.07203960396039603
4 0.5278039832285115 0.3878712871287129 0.01698637316561849 0.049524752475247506
0 0.3180555555555556 0.47070297029702973 0.019114255765199175 0.05679207920792081
3 0.4232756813417191 0.26612871287128714 0.018763102725366854 0.050009900990099
4 0.8080765199161425 0.6781386138613861 0.017940251572327055 0.06615841584158409
0 0.6695125786163523 0.7401584158415841 0.018354297693920326 0.07013861386138606
0 0.2529454926624738 0.4329009900990099 0.01694968553459121 0.05665346534653468
3 0.14760482180293502 0.36188118811881187 0.012762054507337538 0.05586138613861382
1 0.15559224318658282 0.49054455445544554 0.018265199161425587 0.06819801980198019
4 0.27664046121593294 0.7535049504950495 0.018663522012578593 0.07458415841584151
0 0.8269025157232704 0.6468316831683167 0.020644654088050246 0.0667029702970296
3 0.8189150943396226 0.29750495049504955 0.014386792452830094 0.04961386138613863
1 0.2739465408805032 0.5318811881188119 0.017950733752620546 0.06803960396039607
4 0.23971698113207546 0.4340990099009901 0.019675052410901447 0.05643564356435644
3 0.927479035639413 0.5417821782178218 0.016126834381551353 0.06306930693069311
4 0.5583071278825996 0.3136435643564356 0.017384696016771527 0.050009900990099
1 0.2722851153039832 0.5068118811881188 0.01757861635220124 0.06854455445544556
0 0.769643605870021 0.4494950495049505 0.017458071278825968 0.05166336633663361
0 0.20634171907756813 0.5900495049504951 0.01817610062893079 0.06107920792079213
0 0.5160482180293501 0.44475247524752476 0.01599580712788259 0.04897029702970301
3 0.011635220125786161 0.517960396039604 0.01732180293501048 0.06274257425742569
1 0.18122641509433962 0.597039603960396 0.023233752620545094 0.07349504950495052
2 0.08930293501048217 0.4628316831683168 0.02083857442348008 0.06000990099009902
0 0.1334014675052411 0.4524356435643564 0.019722222222222235 0.06469306930693072
0 0.09790880503144654 0.4704653465346535 0.012300838574423495 0.04723762376237627