4 0.28796645702306084 0.6681881188118812 0.06198113207547169 0.1187128712871288
0 0.679916142557652 0.7087623762376238 0.047138364779874244 0.14708910891089103
1 0.2888784067085954 0.4812574257425743 0.05185010482180297 0.15573267326732676
0 0.6017348008385743 0.49186138613861385 0.03292976939203351 0.14547524752475255
0 0.4869025157232704 0.2544950495049505 0.057919287211740035 0.10828712871287129
0 0.4185324947589098 0.3929603960396039 0.04284591194968553 0.13241584158415842
0 0.4331865828092243 0.2838118811881188 0.07605345911949692 0.12494059405940597
0 0.39116876310272536 0.5307524752475247 0.039926624737945525 0.1343465346534654
4 0.2439308176100629 0.34900000000000003 0.03927148846960165 0.13264356435643568
0 0.8395230607966456 0.342990099009901 0.03786687631027254 0.15592079207920795
0 0.4971802935010482 0.8930990099009901 0.038123689727463314 0.15701980198019794
2 0.1980188679245283 0.3689009900990099 0.03623165618448637 0.1650594059405941
0 0.3404454926624738 0.485009900990099 0.050854297693920324 0.14523762376237628
4 0.21360587002096437 0.6881089108910892 0.05234800838574423 0.13869306930693062
1 0.33117400419287213 0.3844752475247525 0.03355870020964359 0.11411881188118811
0 0.8892085953878406 0.5727524752475248 0.03292452830188688 0.15165346534653468
4 0.4816928721174005 0.1963762376237624 0.042866876310272514 0.12919801980198023
4 0.30262054507337527 0.5544356435643565 0.038265199161425574 0.13417821782178216
1 0.3453668763102726 0.28837623762376235 0.039659329140461254 0.09476237623762378
1 0.3569916142557652 0.3406534653465347 0.04073899371069183 0.14438613861386143
0 0.3778616352201258 0.33412871287128715 0.03669287211740042 0.14140594059405934
1 0.30359538784067086 0.4473762376237624 0.027882599580712812 0.10513861386138619