4 0.7711796875 0.7129722222222222 0.04744531250000002 0.12584722222222217
4 0.5651015625 0.26083333333333336 0.030976562500000072 0.09015277777777773
3 0.4351484375 0.4870416666666667 0.02357812500000005 0.10749999999999997
4 0.6091171875 0.3275138888888889 0.034804687499999966 0.08238888888888891
1 0.704640625 0.522611111111111 0.035804687499999946 0.08772222222222217
0 0.6128828125 0.5077499999999999 0.03522656249999993 0.08605555555555561
2 0.7771250000000001 0.4496388888888889 0.02092968749999997 0.11506944444444447
3 0.9228828124999999 0.33181944444444444 0.02383593750000017 0.09604166666666672
0 0.2862265625 0.40109722222222227 0.02374218749999999 0.09108333333333339
0 0.45260937500000004 0.41594444444444445 0.02307812499999997 0.10094444444444453
0 0.400453125 0.3353333333333333 0.024531250000000025 0.07988888888888887
0 0.64128125 0.7183055555555555 0.031007812500000044 0.11259722222222214
0 0.5149921875000001 0.5149861111111111 0.022062500000000006 0.11391666666666664
4 0.8166015625 0.49552777777777773 0.02385937499999997 0.1040833333333334
0 0.5079296875 0.27543055555555557 0.023507812499999937 0.07552777777777778
0 0.296828125 0.5853750000000001 0.021976562499999998 0.11663888888888892
1 0.682875 0.4935833333333333 0.02887500000000003 0.08299999999999999
1 0.640109375 0.4859861111111111 0.033468749999999936 0.06993055555555559
0 0.6316328125 0.5447083333333333 0.031234375000000016 0.10645833333333331
0 0.5822734374999999 0.4439027777777778 0.022109374999999966 0.11058333333333334
0 0.5671015625 0.40700000000000003 0.02485937499999995 0.10138888888888889
1 0.64503125 0.4075 0.028726562499999986 0.04200000000000001
1 0.654109375 0.44909722222222226 0.028796874999999923 0.06805555555555555
4 0.6020234375 0.3720138888888889 0.03141406250000003 0.09513888888888888
3 0.83925 0.884875 0.026539062499999842 0.07281944444444453
3 0.49894531249999996 0.2147916666666667 0.017593749999999984 0.0786388888888889