0 0.3268238993710692 0.2651494023904382 0.04293501048218033 0.12127490039840637
0 0.6336163522012579 0.2570816733067729 0.04080188679245278 0.13601593625498004
4 0.26286687631027256 0.2795219123505976 0.04360062893081758 0.15816733067729083
4 0.2119706498951782 0.25782868525896413 0.050351153039832314 0.14384462151394417
0 0.3671960167714885 0.17362549800796812 0.040146750524108966 0.1400796812749004
2 0.27796645702306083 0.6023007968127491 0.0471907756813417 0.1678486055776892
4 0.526305031446541 0.7665438247011952 0.0635429769392033 0.15232071713147416
4 0.635104821802935 0.8605776892430279 0.0722012578616351 0.14307768924302797
1 0.3350681341719077 0.4559163346613546 0.06025681341719079 0.15918326693227086
0 0.46350104821802934 0.5033864541832669 0.07589622641509432 0.1158266932270916
0 0.6992767295597484 0.6025298804780878 0.0449580712788261 0.1517629482071712
0 0.4141404612159329 0.3952191235059761 0.07353249475890983 0.11671314741035851
0 0.8409643605870021 0.5521812749003984 0.037290356394130024 0.16461155378486053
0 0.5557914046121594 0.7075697211155378 0.07019916142557654 0.12691235059760964
1 0.4161949685534591 0.548406374501992 0.03858490566037742 0.11569721115537851
1 0.387437106918239 0.5146115537848606 0.0438784067085954 0.1267430278884462
0 0.5116561844863732 0.6229083665338645 0.05461740041928723 0.1163745019920318
0 0.28902515723270444 0.7296115537848605 0.05699685534591195 0.13749999999999996
1 0.41951257861635216 0.6258964143426294 0.041242138364779905 0.1398007968127489
4 0.5420545073375262 0.8729282868525896 0.056179245283018896 0.18255976095617527
0 0.6262735849056604 0.7523107569721116 0.04791928721173996 0.14188247011952196
1 0.4339412997903564 0.669601593625498 0.05026729559748432 0.1667729083665339