0 0.38871875000000006 0.5036944444444444 0.05332812500000004 0.11343055555555549
0 0.5396796875 0.7860416666666667 0.04502343750000008 0.11638888888888882
0 0.4704453125 0.27720833333333333 0.03757031249999994 0.08805555555555553
0 0.538 0.62225 0.033117187500000075 0.11233333333333333
0 0.2981328125 0.8845833333333333 0.03875000000000002 0.11551388888888899
4 0.515125 0.15895833333333334 0.03633593749999999 0.09155555555555554
0 0.5295 0.35238888888888886 0.038843750000000024 0.11402777777777773
0 0.4603359375 0.3202638888888889 0.04689843749999998 0.08406944444444449
0 0.5819765625 0.19227777777777777 0.031570312500000065 0.09409722222222222
3 0.1605234375 0.14469444444444446 0.024601562500000007 0.10706944444444447
4 0.29571875 0.2797777777777778 0.02357812499999996 0.1049722222222222
0 0.8581484375 0.36822222222222223 0.026531250000000027 0.10738888888888884
2 0.2775703125 0.33994444444444444 0.026765624999999994 0.10902777777777778
3 0.6852265625 0.40844444444444444 0.022507812499999957 0.12434722222222218
4 0.348546875 0.5652083333333333 0.031734375 0.11183333333333331
0 0.43558593749999996 0.3804166666666666 0.0421875 0.09704166666666668
0 0.3954140625 0.4195694444444444 0.04541406250000004 0.10626388888888888
1 0.4245 0.276625 0.03214843750000007 0.06772222222222221
1 0.36415625 0.39673611111111107 0.034085937499999996 0.09733333333333336
1 0.4022578125 0.36176388888888894 0.032343750000000025 0.05926388888888887
4 0.232875 0.8716666666666667 0.03632031250000001 0.13102777777777766
1 0.416015625 0.30830555555555555 0.03596874999999997 0.06905555555555551
4 0.2493828125 0.7069027777777778 0.03279687500000002 0.11320833333333333
1 0.3229609375 0.4162638888888889 0.04767968749999998 0.1077777777777778