0 0.297375 0.3100555555555556 0.031546874999999995 0.08501388888888886
3 0.3739296875 0.3939166666666667 0.02416406249999996 0.10451388888888889
4 0.7311171875 0.8006944444444445 0.04183593749999996 0.11474999999999985
0 0.687703125 0.8439722222222221 0.04797656250000006 0.11256944444444437
0 0.3195703125 0.5350416666666666 0.03301562499999999 0.1146944444444445
3 0.8930390625 0.11644444444444445 0.02285937500000017 0.09797222222222225
0 0.6644140625 0.2720277777777778 0.04058593750000004 0.10584722222222219
0 0.4456875 0.30091666666666667 0.031015625000000036 0.09924999999999998
0 0.3011328125 0.2094027777777778 0.03743749999999997 0.08559722222222221
4 0.48618750000000005 0.27066666666666667 0.03356250000000003 0.09554166666666669
2 0.754421875 0.34415277777777775 0.025742187500000034 0.10374999999999998
4 0.7285078125 0.43173611111111115 0.025523437500000058 0.09097222222222222
0 0.43902343750000006 0.09920833333333334 0.022968750000000072 0.09091666666666663
3 0.46325781250000003 0.04027777777777778 0.02271093749999995 0.07352777777777778
3 0.99375 0.44305555555555554 0.0125 0.10555555555555556
4 0.503578125 0.1130138888888889 0.03687500000000003 0.10709722222222225
1 0.6501718750000001 0.4456527777777778 0.03626562500000006 0.1087777777777777
0 0.6225546875 0.3355138888888889 0.03125 0.1158611111111111
0 0.6706953125 0.5340694444444444 0.042679687500000084 0.1116805555555555
0 0.5910390624999999 0.4916388888888889 0.04207031249999993 0.10970833333333335
1 0.629484375 0.48412499999999997 0.04283593749999994 0.10318055555555551
1 0.61884375 0.3848333333333333 0.032851562499999966 0.09684722222222225
0 0.6318515625 0.44198611111111114 0.02726562500000007 0.09665277777777782
1 0.680046875 0.48409722222222223 0.02547656249999992 0.02695833333333329
1 0.648421875 0.45723611111111107 0.031234375000000016 0.09229166666666673
4 0.501421875 0.0784861111111111 0.029023437500000072 0.07852777777777778