0 0.52065625 0.5190277777777778 0.026070312499999915 0.10326388888888892
4 0.766796875 0.711763888888889 0.048140624999999916 0.12477777777777774
4 0.6099609375 0.3238055555555555 0.035273437500000074 0.08354166666666664
4 0.5708046875 0.2645 0.03047656249999999 0.08741666666666667
0 0.6366796875 0.5551805555555556 0.044929687499999996 0.07108333333333326
0 0.45715625 0.4149305555555556 0.025999999999999978 0.09197222222222226
0 0.309765625 0.5949722222222222 0.03432812500000004 0.10530555555555547
4 0.81896875 0.5014027777777778 0.02642187500000013 0.09875000000000003
1 0.7049375 0.5195000000000001 0.03725781250000004 0.08745833333333337
2 0.7758671875 0.4487083333333333 0.024351562500000055 0.11393055555555552
0 0.5899609375 0.4632222222222222 0.03521093749999995 0.0711527777777778
0 0.2681640625 0.40129166666666666 0.025093750000000005 0.08548611111111105
3 0.9219375 0.32811111111111113 0.023148437500000084 0.09569444444444442
3 0.4098046875 0.4990833333333333 0.023328124999999967 0.09236111111111112
1 0.6451640624999999 0.4819722222222222 0.029484375000000007 0.06877777777777776
0 0.6230546875 0.5110555555555555 0.03500781249999996 0.07372222222222227
0 0.51171875 0.27294444444444443 0.02341406250000002 0.07520833333333331
0 0.39663281250000004 0.33231944444444445 0.024218750000000046 0.07679166666666669
0 0.65678125 0.7285138888888889 0.03182031250000002 0.10213888888888883
0 0.568 0.4154305555555556 0.04145312499999996 0.05791666666666673
1 0.680640625 0.4957916666666667 0.03013281249999995 0.08012500000000007
1 0.64825 0.40547222222222223 0.027914062500000014 0.042986111111111176
4 0.6008281249999999 0.37472222222222223 0.03317187500000003 0.09186111111111109
1 0.65453125 0.44120833333333337 0.031078124999999977 0.04534722222222219
3 0.8332578125 0.8785833333333334 0.026890625000000057 0.07172222222222237
3 0.5055546875 0.20894444444444443 0.027179687499999973 0.0851388888888889