0 0.6714675052410902 0.2468118811881188 0.02346960167714895 0.0664257425742574
0 0.17929769392033545 0.5235346534653466 0.02158280922431863 0.07956435643564352
2 0.09602725366876311 0.4858316831683168 0.03225366876310273 0.08951485148514848
4 0.7909696016771489 0.5525841584158416 0.02803459119496844 0.06338613861386137
3 0.45275157232704405 0.14069306930693068 0.025330188679245243 0.0663960396039604
4 0.49039308176100627 0.48111881188118805 0.023674004192872154 0.08163366336633662
3 0.13269392033542976 0.9667326732673267 0.025131027253668774 0.0599009900990099
0 0.30424004192872117 0.4766039603960396 0.023087002096436035 0.07327722772277227
0 0.21280398322851152 0.4563267326732673 0.02519916142557654 0.0703366336633663
1 0.23572327044025157 0.45077227722772273 0.02180293501048219 0.07194059405940591
3 0.09306079664570231 0.2843762376237624 0.02361635220125786 0.07691089108910895
0 0.8397379454926625 0.44489108910891084 0.03393081761006278 0.07531683168316837
0 0.5300890985324948 0.5282871287128713 0.029444444444444478 0.08580198019801982
0 0.14936058700209645 0.4743465346534653 0.023511530398322857 0.06061386138613864
4 0.3258962264150943 0.615970297029703 0.026346960167714876 0.07266336633663376
1 0.16972222222222222 0.44715841584158417 0.026299790356394105 0.06129702970297027
1 0.21924528301886792 0.4092178217821782 0.019187631027253675 0.04823762376237627
0 0.8584958071278826 0.5686138613861386 0.03386792452830183 0.0702970297029703
4 0.6233071278825996 0.22847524752475246 0.020607966457023147 0.06790099009900992
0 0.3449842767295598 0.6144356435643564 0.02276205450733756 0.08057425742574245
4 0.19009958071278826 0.3902970297029703 0.02104821802935009 0.06283168316831687
1 0.2870230607966457 0.4468910891089109 0.02159853249475893 0.07910891089108908
3 0.9583857442348008 0.18902970297029703 0.022851153039832237 0.07330693069306933
0 0.7008647798742138 0.7885742574257426 0.0360953878406708 0.08601980198019812
1 0.1680188679245283 0.49754455445544554 0.026257861635220137 0.06100990099009896
0 0.2134119496855346 0.3862079207920792 0.02054507337526208 0.03172277227722769