4 0.8078046875 0.8631805555555556 0.053156249999999974 0.11837500000000002
4 0.5647656249999999 0.23866666666666667 0.042671874999999915 0.10345833333333335
0 0.53053125 0.3681805555555555 0.04692187499999996 0.0771666666666667
0 0.47614062500000004 0.46123611111111107 0.03219531250000003 0.10422222222222217
0 0.5014062499999999 0.28155555555555556 0.04292187500000004 0.09986111111111116
4 0.513390625 0.10116666666666667 0.04017968750000005 0.09713888888888889
0 0.2340859375 0.28522222222222227 0.0366171875 0.10705555555555553
0 0.44126562500000005 0.12837500000000002 0.027820312499999923 0.08097222222222222
0 0.5654609374999999 0.4712083333333333 0.04816406250000007 0.07651388888888894
0 0.5024296875 0.6983194444444445 0.035117187500000036 0.11712500000000006
3 0.339546875 0.42304166666666665 0.02374218749999999 0.11759722222222216
1 0.5965625 0.40579166666666666 0.04014843750000008 0.07399999999999997
0 0.7219218749999999 0.9079027777777778 0.03787500000000001 0.1081805555555557
0 0.5480546875 0.41068055555555555 0.046546874999999946 0.07126388888888897
1 0.6116484375 0.3704861111111111 0.03588281250000005 0.060305555555555536
0 0.24346874999999998 0.5766527777777778 0.03253124999999999 0.11245833333333337
0 0.4491015625 0.3753611111111111 0.02834374999999998 0.12624999999999997
1 0.6445937500000001 0.4592638888888889 0.038437500000000034 0.0862638888888889
2 0.7323125 0.3681805555555555 0.027578124999999964 0.11161111111111113
1 0.6094140625 0.32431944444444444 0.03456250000000001 0.054180555555555544
1 0.6258515625000001 0.43468055555555557 0.034804687499999966 0.07477777777777782
3 0.4416640625 0.04075 0.026195312499999977 0.0815
3 0.8953906249999999 0.13495833333333335 0.0182734374999999 0.10359722222222223
4 0.7224999999999999 0.318375 0.02217968750000008 0.10419444444444446
4 0.780859375 0.6339166666666667 0.04378906250000005 0.1299305555555555