0 0.5500703125 0.5345694444444444 0.03985937499999999 0.09219444444444444
2 0.785234375 0.44455555555555554 0.025773437500000006 0.11384722222222227
1 0.745421875 0.5187638888888889 0.04349218750000006 0.08601388888888882
0 0.45375 0.41831944444444447 0.02449218749999993 0.09001388888888898
0 0.6463515625 0.7368333333333333 0.028992187499999923 0.09536111111111115
0 0.2313359375 0.3978611111111111 0.022507812499999957 0.0829305555555556
0 0.373359375 0.33094444444444443 0.02595312500000002 0.08216666666666671
3 0.9335234375000001 0.3240416666666667 0.025328125000000055 0.09333333333333335
0 0.31344531249999996 0.5952222222222222 0.02614062500000003 0.1055277777777778
3 0.4080078125 0.4953194444444444 0.023093749999999958 0.09587499999999996
4 0.5656328125 0.3916111111111111 0.027078125000000064 0.0856111111111111
0 0.677921875 0.4934583333333334 0.03267968749999994 0.10887499999999999
0 0.49320312499999996 0.27497222222222223 0.020250000000000056 0.07245833333333336
3 0.8314765625 0.8789027777777777 0.02617968750000017 0.06819444444444432
1 0.70375 0.48266666666666663 0.027585937499999956 0.08456944444444442
4 0.84871875 0.5347361111111111 0.028953124999999958 0.09347222222222216
4 0.5354921874999999 0.30569444444444444 0.03032812499999995 0.08330555555555558
3 0.5025234375000001 0.205 0.023843749999999986 0.08505555555555556
0 0.7188203125 0.5216111111111111 0.028257812500000055 0.09723611111111109
0 0.6613203125 0.4262222222222222 0.030843750000000014 0.09111111111111114
4 0.6859296875 0.7272638888888889 0.027304687500000036 0.10049999999999994
4 0.52428125 0.2644444444444444 0.021531249999999957 0.08272222222222222
1 0.687734375 0.41830555555555554 0.027453125000000078 0.0567638888888889
1 0.6928046875 0.38459722222222226 0.022812500000000034 0.06041666666666667
0 0.6723125 0.38001388888888893 0.022593750000000058 0.054416666666666634
1 0.6888671875 0.39719444444444446 0.017507812500000063 0.034527777777777796