4 0.19618750000000001 0.8759444444444444 0.05004687499999998 0.1197083333333334
3 0.1666484375 0.1416388888888889 0.02414843750000002 0.10609722222222225
4 0.49853125 0.16106944444444443 0.03863281250000004 0.10691666666666669
2 0.29307812499999997 0.3393333333333333 0.03217968750000004 0.10586111111111116
0 0.5805078124999999 0.18615277777777778 0.03104687500000001 0.09083333333333336
4 0.308375 0.5572777777777778 0.051695312499999965 0.0995833333333334
0 0.2914140625 0.8922916666666667 0.040046874999999996 0.10856944444444455
1 0.36024218750000003 0.41165277777777776 0.05902343749999996 0.1099444444444444
0 0.498703125 0.3414861111111111 0.05 0.08159722222222222
0 0.5131640625 0.2864722222222222 0.049093749999999936 0.09075000000000004
0 0.5471484375 0.6154444444444445 0.033601562499999994 0.10908333333333328
0 0.54315625 0.7869444444444444 0.03617968749999996 0.1160972222222221
0 0.46448437499999995 0.38286111111111115 0.052734375 0.08608333333333336
0 0.8330781249999999 0.3471388888888889 0.038671875 0.09862499999999999
0 0.5493046875 0.3735694444444445 0.03103125000000002 0.1223888888888889
0 0.42907812500000003 0.5153888888888889 0.05902343749999996 0.10884722222222223
0 0.4445234375 0.43930555555555556 0.058632812499999964 0.09212500000000005
1 0.386125 0.39384722222222224 0.03299218750000001 0.08008333333333328
3 0.6920546875 0.408875 0.02257812500000007 0.12408333333333338
1 0.42585937500000004 0.3728611111111111 0.03551562500000003 0.0715972222222222
4 0.2971015625 0.29494444444444445 0.020695312500000007 0.0927222222222222
1 0.43269531250000004 0.2866666666666667 0.03184374999999999 0.07206944444444442
1 0.41779687499999996 0.32858333333333334 0.037734374999999966 0.0472361111111111
4 0.2416953125 0.6994444444444444 0.040749999999999974 0.11297222222222218