0 0.45332812499999997 0.4192083333333333 0.030382812500000078 0.08348611111111114
0 0.5686328125 0.5549583333333333 0.03615624999999998 0.09370833333333337
3 0.9409218750000001 0.3208888888888889 0.020976562499999928 0.09113888888888894
0 0.2203671875 0.39670833333333333 0.025273437500000016 0.08747222222222224
0 0.3093203125 0.5957638888888889 0.030320312500000047 0.10494444444444452
4 0.6749375 0.7426527777777778 0.028429687500000078 0.10629166666666663
0 0.3604921875 0.3338888888888889 0.023765624999999967 0.08324999999999999
4 0.5570546875 0.40831944444444446 0.0263671875 0.08655555555555562
3 0.40721093750000004 0.4944722222222222 0.023468749999999972 0.09698611111111116
2 0.7911718750000001 0.44879166666666664 0.02580468750000007 0.1037916666666667
0 0.637828125 0.7322500000000001 0.031187500000000055 0.09995833333333337
0 0.692671875 0.4965833333333334 0.031210937500000036 0.09983333333333333
0 0.48360156249999997 0.2722638888888889 0.019031249999999923 0.07213888888888889
4 0.51878125 0.26284722222222223 0.026273437500000087 0.07420833333333335
1 0.7600234375 0.5160972222222222 0.032601562500000014 0.08947222222222216
3 0.8349609375 0.8769583333333333 0.026304687500000055 0.06951388888888882
3 0.503953125 0.20541666666666666 0.01944531250000008 0.08209722222222224
0 0.6733671875 0.4371527777777778 0.03453906250000003 0.0715138888888889
0 0.7357734375 0.5245555555555556 0.03596874999999997 0.10162499999999994
1 0.708296875 0.40038888888888885 0.025257812499999942 0.08777777777777784
1 0.7155703124999999 0.48286111111111113 0.029085937500000013 0.08330555555555558
0 0.6932578125 0.3717361111111111 0.023906249999999928 0.0497916666666667
4 0.8658359375 0.5439861111111112 0.0305546875000001 0.09313888888888897
1 0.7034140625 0.4131111111111111 0.0265625 0.05841666666666675
1 0.6942265625 0.43270833333333336 0.026132812500000036 0.07162500000000006
4 0.5079296875 0.3062777777777778 0.036398437499999936 0.07958333333333335