4 0.1603721174004193 0.554711155378486 0.042536687631027234 0.12092629482071715
4 0.29586477987421383 0.3585557768924303 0.04973270440251577 0.11452191235059762
0 0.39831236897274636 0.2999501992031872 0.03249475890985325 0.13067729083665341
0 0.43015723270440254 0.5431274900398406 0.03528825995807124 0.12640438247011954
0 0.3672955974842767 0.37103585657370514 0.03524109014675053 0.09447211155378488
4 0.07732180293501048 0.5044422310756972 0.045932914046121584 0.1253585657370518
4 0.2949685534591195 0.6171812749003984 0.047552410901467515 0.10653386454183271
0 0.44478511530398324 0.7266533864541832 0.03527777777777775 0.15921314741035847
0 0.3820859538784067 0.5546414342629482 0.06409853249475889 0.09234063745019924
0 0.984958071278826 0.4700498007968127 0.030083857442348056 0.14690239043824696
0 0.39552410901467505 0.6402988047808765 0.0325786163522013 0.1286653386454184
0 0.40738469601677146 0.44788844621513946 0.03852201257861635 0.10981075697211155
1 0.3006446540880503 0.4115637450199203 0.04422431865828086 0.050079681274900374
2 0.2797117400419287 0.46837649402390436 0.03568134171907756 0.11036852589641429
1 0.3125576519916143 0.49678286852589637 0.04808176100628931 0.09705179282868531
0 0.36851153039832285 0.4359860557768924 0.05063941299790362 0.0625697211155379
4 0.2513836477987421 0.6745019920318726 0.032437106918238985 0.16218127490039833
1 0.3004926624737946 0.4391832669322709 0.03697589098532492 0.046942231075697206
1 0.29709643605870023 0.5179382470119522 0.04443396226415093 0.059571713147410305
1 0.29197589098532495 0.5702689243027887 0.045382599580712744 0.11021912350597618
0 0.36582285115303986 0.47202191235059765 0.04928197064989517 0.06431274900398411
0 0.36747379454926626 0.5149103585657371 0.04699161425576524 0.08454183266932276