0 0.34950209643605873 0.6730478087649403 0.033029350104821796 0.14478087649402402
0 0.7264517819706499 0.5495517928286853 0.03476415094339619 0.12810756972111548
0 0.4968972746331237 0.4125796812749004 0.02952830188679241 0.10063745019920316
4 0.41488993710691824 0.6087649402390438 0.049879454926624774 0.11937250996015927
0 0.4787264150943396 0.4546215139442231 0.026126834381551316 0.10591633466135461
0 0.5125943396226414 0.5510159362549801 0.03264150943396225 0.09270916334661353
1 0.43090146750524105 0.39375498007968124 0.03627882599580714 0.10496015936254979
2 0.13059748427672957 0.4571513944223108 0.02487421383647799 0.14706175298804786
1 0.4328301886792453 0.46494023904382475 0.03164046121593286 0.09741035856573706
0 0.25129979035639416 0.4708366533864542 0.04600104821802934 0.12258964143426293
4 0.4336635220125786 0.3258266932270916 0.036850104821802905 0.09067729083665335
4 0.6114046121593291 0.7895517928286853 0.037583857442348025 0.13731075697211167
1 0.3620754716981132 0.452101593625498 0.03530922431865834 0.13156374501992035
1 0.3957756813417191 0.56398406374502 0.03959119496855344 0.08511952191235063
0 0.3762735849056604 0.44142430278884465 0.029701257861635258 0.12729083665338642
4 0.45970649895178195 0.5831274900398407 0.040786163522012545 0.08893426294820714
0 0.6588312368972746 0.7628286852589642 0.0306551362683437 0.13489043824701202
1 0.2316509433962264 0.3962450199203187 0.03654088050314467 0.13168326693227095
0 0.4448846960167715 0.5886752988047809 0.034979035639413 0.08816733067729082
3 0.402353249475891 0.02143426294820717 0.03431865828092244 0.04286852589641434
0 0.3317243186582809 0.6297410358565737 0.030026205450733732 0.06995019920318726
0 0.36419811320754714 0.5778585657370517 0.06375262054507343 0.07649402390438242