1 0.1254140461215933 0.4911089108910891 0.028653039832285124 0.0721485148514851
1 0.28320230607966457 0.48731683168316825 0.025990566037735807 0.07569306930693068
0 0.6815775681341719 0.762039603960396 0.03451257861635215 0.08083168316831693
1 0.2464517819706499 0.5151287128712871 0.022300838574423457 0.07625742574257424
0 0.8523846960167715 0.4628316831683168 0.023600628930817717 0.07093069306930691
3 0.12738993710691823 0.32155445544554456 0.016126834381551353 0.07103960396039603
4 0.8400943396226416 0.6066930693069307 0.02464884696016782 0.06812871287128708
0 0.5027987421383648 0.46453465346534656 0.022803983228511526 0.06206930693069301
0 0.3235691823899371 0.6686435643564357 0.021666666666666622 0.07214851485148527
0 0.3100104821802935 0.4787920792079208 0.02571802935010479 0.06545544554455447
4 0.2243134171907757 0.41388118811881186 0.02424528301886792 0.06858415841584156
0 0.622353249475891 0.2891287128712871 0.019937106918238974 0.05757425742574255
0 0.17443396226415095 0.574940594059406 0.02549266247379454 0.06536633663366336
0 0.24204926624737944 0.41877227722772276 0.023427672955974865 0.06516831683168321
0 0.8666509433962264 0.5876138613861386 0.02409853249475892 0.06518811881188111
4 0.6140251572327043 0.26854455445544556 0.017987421383647884 0.05706930693069306
4 0.28868448637316557 0.6889108910891089 0.019591194968553518 0.07784158415841573
3 0.44431341719077566 0.19071287128712872 0.01994234800838572 0.06202970297029701
1 0.15596960167714882 0.571059405940594 0.026886792452830165 0.06831683168316832
3 0.15874737945492662 0.9311188118811881 0.019486373165618423 0.07223762376237627
1 0.17620020964360586 0.4526930693069307 0.01932914046121593 0.06690099009900984
0 0.0925943396226415 0.48146534653465345 0.02561844863731656 0.06790099009900989
0 0.15839098532494758 0.451960396039604 0.018668763102725368 0.06756435643564357
4 0.512143605870021 0.39622772277227725 0.01974842767295601 0.05560396039603957
3 0.8894182389937106 0.2309009900990099 0.015576519916142452 0.05993069306930696
2 0.07409853249475891 0.45662376237623764 0.027049266247379463 0.0796831683168317