4 0.5635234375 0.24273611111111112 0.04369531250000005 0.10591666666666666
4 0.81171875 0.8642083333333334 0.053000000000000026 0.11734722222222224
4 0.5209140624999999 0.10119444444444445 0.04158593750000002 0.09709722222222222
0 0.508703125 0.2835138888888889 0.041648437499999955 0.0987222222222222
3 0.3432890625 0.4276111111111111 0.024015625000000006 0.11783333333333337
0 0.5695703125 0.4697361111111111 0.047453125000000006 0.07729166666666663
0 0.534171875 0.36944444444444446 0.0466796875 0.07731944444444443
0 0.2471015625 0.5788194444444444 0.03315624999999996 0.11263888888888893
0 0.47698437499999996 0.4669166666666667 0.03253906250000007 0.10347222222222222
0 0.505203125 0.6993611111111111 0.035578124999999974 0.11726388888888882
0 0.440328125 0.12829166666666666 0.027796874999999943 0.081375
0 0.7252421874999999 0.9092222222222222 0.038765624999999915 0.10743055555555543
1 0.6432187500000001 0.45813888888888893 0.03826562500000001 0.08512499999999995
0 0.45071093749999996 0.3764722222222222 0.027812499999999928 0.1207222222222222
1 0.59990625 0.4044166666666667 0.04071093749999992 0.07415277777777776
0 0.2476640625 0.28419444444444447 0.028109375000000013 0.11077777777777777
1 0.61328125 0.32519444444444445 0.03471093750000005 0.05336111111111113
3 0.44135937500000005 0.042847222222222224 0.02720312499999995 0.08447222222222223
1 0.6152109375 0.37154166666666666 0.03549218750000005 0.0590972222222222
0 0.5522265625 0.41518055555555555 0.04546875000000004 0.07287500000000004
1 0.6328046875 0.43654166666666666 0.03585937500000007 0.07369444444444452
3 0.8995390625 0.1362361111111111 0.018101562500000057 0.1049027777777778
4 0.7852890625 0.6326944444444444 0.04237500000000001 0.1284166666666667
2 0.735609375 0.3693611111111111 0.02516406250000003 0.11288888888888884
4 0.72596875 0.3183333333333333 0.022273437499999993 0.104