4 0.5010010482180294 0.06243027888446215 0.041095387840670905 0.1000796812749004
0 0.5570073375262055 0.08552788844621514 0.02790880503144654 0.09714143426294819
4 0.1989203354297694 0.8789342629482072 0.054559748427672965 0.11478087649402391
4 0.4321488469601677 0.17758964143426295 0.03853773584905659 0.09822709163346614
0 0.4820649895178197 0.2609661354581673 0.04935010482180298 0.08419322709163343
4 0.3104716981132075 0.48556772908366536 0.033034591194968536 0.09685258964143427
0 0.3730503144654088 0.5577689243027888 0.05073375262054505 0.10752988047808769
0 0.559077568134172 0.6270717131474104 0.0377044025157233 0.12286852589641424
0 0.5654716981132076 0.40091633466135457 0.02743186582809232 0.11285856573705173
0 0.4931656184486373 0.5408764940239044 0.029779874213836443 0.12109561752988046
1 0.3444968553459119 0.44314741035856575 0.038459119496855404 0.10121513944223108
0 0.42143605870020967 0.4594223107569721 0.053081761006289294 0.1008864541832669
0 0.45313941299790356 0.36578685258964144 0.06069182389937105 0.08884462151394427
2 0.27326519916142555 0.330199203187251 0.02997903563941302 0.12394422310756978
1 0.36912473794549266 0.4027689243027888 0.028946540880503153 0.07638446215139448
0 0.8230922431865828 0.39596613545816733 0.02465932914046131 0.12029880478087647
1 0.40598008385744233 0.26731075697211154 0.03350628930817613 0.06895418326693228
4 0.28513102725366873 0.2878386454183267 0.02842767295597485 0.10517928286852592
0 0.6114832285115304 0.23732071713147415 0.0275786163522012 0.10260956175298806
1 0.3988102725366876 0.36661354581673306 0.033375262054507374 0.09301792828685257
3 0.07019916142557651 0.13010956175298805 0.021509433962264155 0.10909362549800795
1 0.3977725366876311 0.31442231075697213 0.03368448637316561 0.06350597609561752
0 0.4728092243186583 0.9479780876494024 0.03697589098532492 0.09918326693227085