4 0.5465146750524109 0.8726494023904382 0.059748427672955975 0.1817330677290837
4 0.2901100628930817 0.7126294820717132 0.04722222222222221 0.15053784860557756
4 0.25642557651991615 0.2729183266932271 0.053862683438155125 0.14867529880478086
0 0.3338364779874214 0.26604581673306776 0.04208595387840668 0.12000996015936256
4 0.2040146750524109 0.26110557768924303 0.0566981132075472 0.14384462151394417
1 0.35186058700209644 0.4775099601593626 0.0590408805031447 0.142988047808765
0 0.3694496855345912 0.17439243027888446 0.04095911949685539 0.13867529880478083
2 0.2819811320754717 0.6082470119521912 0.050015723270440286 0.17034860557768922
0 0.48006813417190775 0.5197609561752988 0.0662840670859539 0.09823705179282863
0 0.5331708595387841 0.6428486055776892 0.06574947589098529 0.0920916334661355
0 0.6404769392033542 0.24978087649402392 0.03759433962264152 0.13901394422310756
4 0.5250524109014675 0.7686354581673307 0.056708595387840635 0.18177290836653387
1 0.385566037735849 0.528914342629482 0.04416666666666666 0.13517928286852593
0 0.42453878406708595 0.4198705179282869 0.06705450733752623 0.09672310756972113
0 0.6729035639412998 0.6008167330677291 0.0483280922431866 0.15841633466135455
0 0.634517819706499 0.754691235059761 0.06645702306079675 0.13724103585657366
1 0.4427253668763103 0.6771314741035857 0.048972746331236924 0.16096613545816724
0 0.6523427672955975 0.8477290836653386 0.04481656184486384 0.16522908366533876
0 0.5723270440251572 0.7191633466135458 0.07069182389937112 0.10850597609561759
0 0.8517714884696017 0.5500996015936255 0.03733752620545062 0.16911354581673302
1 0.42744758909853253 0.6301892430278885 0.04617924528301882 0.14107569721115526
1 0.43257861635220124 0.5737051792828686 0.04973270440251577 0.08404382470119533