4 0.16071802935010482 0.5510956175298805 0.04228511530398326 0.12045816733067735
4 0.2961582809224319 0.35511952191235063 0.04966457023060796 0.11421314741035853
0 0.36756813417190776 0.3681075697211155 0.03498427672955975 0.09204183266932267
0 0.3986111111111111 0.2968127490039841 0.03253144654088047 0.13055776892430282
4 0.0774475890985325 0.5012350597609562 0.045435010482180294 0.12556772908366529
4 0.29417714884696017 0.6167529880478088 0.04729035639412999 0.103914342629482
0 0.37902515723270436 0.5533964143426295 0.06452830188679251 0.0860657370517929
1 0.2945440251572327 0.5729980079681275 0.046352201257861665 0.10373505976095626
0 0.3950524109014675 0.6417330677290837 0.03364779874213839 0.12539840637450209
0 0.43565513626834385 0.5577988047808765 0.032987421383647825 0.1409163346613546
4 0.2541142557651992 0.7028286852589641 0.03321802935010485 0.14922310756972104
0 0.3742348008385744 0.42913346613545816 0.05262054507337531 0.06279880478087645
0 0.9848008385744235 0.4641434262948207 0.03039832285115304 0.1454183266932271
0 0.4411320754716981 0.7362051792828685 0.03487421383647797 0.16082669322709167
1 0.31309748427672957 0.49367529880478084 0.04749475890985331 0.09823705179282863
0 0.4110115303983229 0.44109561752988047 0.037625786163521996 0.10916334661354583
2 0.2847798742138365 0.46393426294820717 0.035356394129979055 0.10824701195219119
1 0.3012945492662474 0.4064641434262948 0.044743186582809284 0.051503984063745054
1 0.3036006289308176 0.4376892430278884 0.037872117400419285 0.04847609561752984
1 0.2924266247379455 0.5168725099601594 0.04473270440251568 0.06466135458167332
0 0.3686006289308176 0.5117529880478087 0.04868448637316567 0.08645418326693223
0 0.3684800838574423 0.4702589641434263 0.05147274633123692 0.06562749003984063