1 0.31183962264150944 0.5391633466135458 0.04620020964360592 0.12105577689243024
2 0.20166666666666666 0.6182669322709163 0.06024109014675055 0.1451294820717132
1 0.2845230607966457 0.7102589641434263 0.05281446540880502 0.1493227091633467
0 0.7660849056603773 0.5344621513944223 0.04323899371069182 0.1332669322709163
0 0.2509119496855346 0.47852589641434257 0.033936058700209645 0.11453187250996011
0 0.32054507337526206 0.7495816733067729 0.048873165618448636 0.14292828685258965
1 0.21994234800838572 0.5072410358565737 0.046530398322851135 0.14574701195219122
0 0.5245283018867924 0.3355179282868526 0.039323899371069226 0.11050796812749009
0 0.3561949685534591 0.6611553784860558 0.04864779874213833 0.10979083665338647
0 0.5720702306079665 0.7086553784860558 0.03257861635220118 0.15453187250996026
0 0.3579612159329141 0.5441035856573705 0.042893081761006244 0.13115537848605585
4 0.3798008385744235 0.34548804780876496 0.037636268343815484 0.11250996015936258
4 0.5448375262054507 0.6706274900398406 0.03474842767295601 0.1441533864541833
1 0.2934853249475891 0.6230577689243028 0.0407232704402516 0.08040836653386456
0 0.3875995807127882 0.2031673306772908 0.033962264150943375 0.12770916334661353
4 0.7415356394129978 0.7807868525896414 0.05858490566037746 0.14174302788844617
0 0.7500157232704402 0.6705278884462151 0.035770440251572326 0.09883466135458169
0 0.7720649895178197 0.7654880478087649 0.04856394129979028 0.12848605577689243
4 0.5232494758909854 0.8401494023904382 0.046839622641509496 0.133077689243028
4 0.4106551362683438 0.2039442231075697 0.04144129979035636 0.120996015936255
1 0.3292610062893082 0.6300199203187251 0.03649371069182396 0.10522908366533873
0 0.4263417190775681 0.22323705179282868 0.050408805031446575 0.09382470119521914