4 0.48803983228511527 0.22825697211155377 0.04018867924528305 0.10939243027888444
0 0.4375 0.5580079681274901 0.044376310272536724 0.10350597609561754
2 0.20792976939203356 0.5812948207171315 0.032526205450733724 0.1521613545816733
0 0.7781551362683439 0.6734661354581672 0.03754716981132069 0.13447211155378486
0 0.40401991614255767 0.839003984063745 0.038778825995807134 0.1444920318725099
0 0.40713836477987425 0.7314143426294821 0.05697589098532497 0.12826693227091632
0 0.5125471698113208 0.5050697211155377 0.03138888888888894 0.12996015936254976
0 0.4720020964360587 0.6847709163346614 0.03828092243186581 0.1446314741035857
4 0.299958071278826 0.6219123505976095 0.03370545073375259 0.11734063745019915
1 0.3496121593291404 0.5276394422310757 0.04914046121593291 0.1286553784860558
1 0.36824947589098533 0.536105577689243 0.05485324947589103 0.12346613545816737
1 0.4064150943396227 0.612300796812749 0.04143605870020962 0.12901394422310755
4 0.41182389937106917 0.2190438247011952 0.02901467505241085 0.10722111553784865
1 0.34789308176100625 0.6454780876494023 0.03994758909853251 0.1163247011952191
0 0.5239308176100628 0.22431274900398407 0.02863207547169811 0.10119521912350594
0 0.39366876310272536 0.5129581673306772 0.026698113207547197 0.10696215139442235
0 0.3722117400419287 0.4842729083665338 0.035283018867924495 0.08438247011952188
3 0.9761897274633123 0.7960557768924302 0.016535639412997998 0.04092629482071705
0 0.5309224318658281 0.285906374501992 0.036582809224318696 0.10451195219123503
4 0.365062893081761 0.7119621513944222 0.04104297693920333 0.11380478087649401
4 0.4080136268343816 0.7128685258964144 0.04216457023060799 0.09946215139442222
0 0.3695545073375262 0.6669123505976096 0.038170859538784026 0.14548804780876487
1 0.422164570230608 0.5915537848605578 0.029019916142557594 0.13058764940239034