1 0.3229664570230608 0.5422509960159362 0.06366352201257863 0.13349601593625496
0 0.5491299790356394 0.29592629482071714 0.030492662473794525 0.10812749003984061
1 0.24767295597484276 0.48182270916334663 0.05420859538784065 0.15258964143426298
0 0.734643605870021 0.6439143426294821 0.043039832285115244 0.11750000000000002
4 0.6810744234800838 0.7733565737051793 0.0732023060796646 0.150398406374502
0 0.7874737945492662 0.5557868525896414 0.03788784067085952 0.14123505976095613
2 0.20905136268343816 0.610906374501992 0.04588050314465407 0.1493525896414343
1 0.32757861635220126 0.6495219123505976 0.049234800838574455 0.14817729083665337
0 0.3708333333333333 0.5344820717131474 0.03619496855345909 0.11478087649402391
0 0.3742924528301887 0.6240139442231075 0.04811320754716979 0.11155378486055777
4 0.4439937106918239 0.8165537848605579 0.05328092243186587 0.13956175298804793
4 0.32331761006289306 0.314203187250996 0.036483228511530345 0.10905378486055778
0 0.5688784067085955 0.7857470119521912 0.06098532494758917 0.14781872509960167
0 0.37556603773584907 0.203496015936255 0.03620545073375258 0.10741035856573708
0 0.3931027253668763 0.19735059760956175 0.031027253668763126 0.10400398406374503
4 0.5279192872117401 0.7474302788844621 0.037982180293501006 0.15343625498007962
0 0.3688784067085954 0.7544223107569722 0.04438679245283022 0.1496613545816733
0 0.7031394129979035 0.7571912350597609 0.03325995807127884 0.12076693227091634
4 0.3415356394129979 0.2086454183266932 0.03617924528301885 0.11565737051792827
0 0.262416142557652 0.4460956175298805 0.025356394129979032 0.09485059760956177
1 0.3384643605870021 0.7162649402390439 0.03648846960167709 0.16002988047808772
1 0.35776205450733756 0.5788844621513944 0.026090146750524096 0.041523904382470174