2 0.18579664570230608 0.6022211155378486 0.06273060796645705 0.14597609561752983
4 0.43145702306079664 0.19298804780876494 0.04278825995807133 0.11399402390438246
1 0.2454245283018868 0.6913147410358567 0.05572327044025154 0.12822709163346616
0 0.7359591194968553 0.5288645418326693 0.03755765199161418 0.11763944223107566
0 0.33592767295597487 0.5530278884462152 0.049585953878406655 0.12438247011952197
1 0.2107756813417191 0.5143924302788845 0.04254192872117398 0.15300796812748998
0 0.24620020964360587 0.5003685258964143 0.04942872117400417 0.10621513944223111
0 0.5846855345911949 0.6130577689243027 0.03468553459119488 0.13758964143426283
1 0.29160377358490563 0.5380179282868526 0.03548218029350107 0.11307768924302786
0 0.43589622641509435 0.2778386454183267 0.032400419287211706 0.09730079681274897
4 0.4236320754716981 0.3875996015936255 0.035356394129979055 0.10616533864541836
0 0.8233280922431866 0.7571115537848605 0.047211740041928685 0.1486852589641434
4 0.6014779874213836 0.8555278884462152 0.03730607966457015 0.14543824701195218
0 0.28117924528301885 0.6976195219123505 0.030587002096436035 0.13337649402390447
1 0.3098480083857443 0.6473505976095618 0.0368605870020964 0.12273904382470122
0 0.7558385744234801 0.7185557768924302 0.036902515723270364 0.11426294820717134
0 0.5160272536687631 0.37885458167330677 0.04434486373165613 0.11121513944223105
0 0.2980712788259958 0.6867330677290837 0.036850104821802905 0.11446215139442238
4 0.7864622641509433 0.7416932270916334 0.03378930817610053 0.14903386454183254
0 0.44173480083857447 0.18089641434262949 0.022489517819706543 0.09352589641434261
4 0.5499633123689727 0.5706872509960159 0.039732704402515695 0.14819721115537846
1 0.2706603773584905 0.6044521912350598 0.035193920335429785 0.05920318725099607