4 0.5632265624999999 0.243125 0.04360937499999995 0.10597222222222223
4 0.81090625 0.8644444444444445 0.05249999999999995 0.116888888888889
4 0.5203203125 0.10108333333333333 0.04206249999999993 0.09658333333333337
0 0.5684765625 0.4697638888888889 0.04717968750000008 0.07749999999999993
3 0.3430703125 0.42790277777777774 0.024820312499999986 0.11795833333333326
0 0.5332890625 0.36975 0.04735937499999991 0.07815277777777775
0 0.24510937500000002 0.5820000000000001 0.032445312499999976 0.1149027777777778
0 0.451859375 0.3883055555555555 0.030874999999999986 0.10870833333333331
0 0.72465625 0.9093472222222222 0.03867968749999999 0.10752777777777787
0 0.4776015625 0.46369444444444446 0.03137500000000006 0.10515277777777783
0 0.43949999999999995 0.12880555555555556 0.027476562500000058 0.08091666666666665
0 0.5047109375 0.2780694444444445 0.03674999999999997 0.10948611111111109
0 0.25489843749999996 0.2806388888888889 0.024171875000000044 0.11877777777777775
0 0.5541875 0.41579166666666667 0.04740625000000005 0.07299999999999993
1 0.6428203124999999 0.46441666666666664 0.03727343750000003 0.0867222222222223
1 0.599328125 0.4045 0.040750000000000064 0.0743333333333333
1 0.6320703125 0.4333611111111111 0.03523437499999993 0.07438888888888881
0 0.5021875 0.7018611111111112 0.031984375000000044 0.13095833333333337
1 0.612671875 0.328125 0.035890625000000044 0.05458333333333335
3 0.4404375 0.04331944444444444 0.027179687499999973 0.08545833333333333
1 0.615140625 0.37298611111111113 0.03592187500000001 0.06169444444444443
4 0.7701796875 0.6215138888888889 0.029695312499999994 0.1295694444444444
3 0.8984609375 0.13458333333333333 0.019085937499999872 0.10472222222222224
2 0.735671875 0.365875 0.023945312500000072 0.1213055555555556
4 0.7219453125 0.32743055555555556 0.022531249999999937 0.10566666666666669
0 0.8360078124999999 0.031 0.017820312499999956 0.058527777777777776