0 0.7266037735849056 0.5500099601593625 0.03435010482180292 0.12716135458167332
4 0.4313993710691824 0.3310856573705179 0.04077568134171906 0.09459163346613549
0 0.34917190775681345 0.6715139442231076 0.033301886792452814 0.13911354581673313
4 0.41483228511530396 0.6114143426294821 0.05025681341719083 0.12248007968127493
0 0.5128511530398323 0.5509362549800797 0.0336373165618449 0.09109561752988052
0 0.47872117400419284 0.45623505976095613 0.02691823899371064 0.10777888446215138
0 0.4965880503144654 0.41273904382470117 0.029119496855345883 0.10035856573705178
1 0.43144129979035645 0.39296812749003984 0.03548218029350107 0.09935258964143426
1 0.4275104821802935 0.46562749003984066 0.03136268343815509 0.09692231075697205
0 0.2536740041928721 0.46660358565737053 0.04630503144654086 0.12431274900398401
4 0.6117714884696017 0.7895517928286853 0.037405660377358436 0.13555776892430269
2 0.13042976939203355 0.45733067729083665 0.025251572327044013 0.14771912350597616
1 0.3619496855345912 0.45123505976095624 0.036116352201257904 0.135996015936255
0 0.3757389937106918 0.4450796812749004 0.02869496855345912 0.1263545816733068
1 0.2320230607966457 0.4033565737051793 0.03710691823899369 0.1349601593625498
4 0.46288259958071276 0.5820418326693227 0.030319706498951736 0.08386454183266936
1 0.39585953878406704 0.560019920318725 0.03991614255765204 0.08347609561752983
0 0.44512054507337523 0.5863446215139443 0.033883647798742186 0.09076693227091644
0 0.6581813417190775 0.763715139442231 0.03116876310272526 0.14075697211155372
0 0.337877358490566 0.6236852589641434 0.03287735849056605 0.06435258964143416
0 0.36283018867924527 0.5703784860557769 0.05719077568134166 0.05354581673306772