2 0.2047431865828092 0.5789641434262948 0.038810272536687604 0.15303784860557773
0 0.5439622641509435 0.18602589641434264 0.03905660377358489 0.11432270916334664
4 0.48909329140461216 0.18680278884462154 0.03174528301886789 0.11811752988047812
0 0.39575471698113207 0.8635856573705178 0.044884696016771544 0.11940239043824712
0 0.6007023060796646 0.3185657370517928 0.03726939203354304 0.10564741035856579
0 0.3943291404612159 0.7490239043824701 0.04583333333333336 0.1426294820717132
4 0.3269234800838574 0.7463545816733068 0.04558700209643607 0.12363545816733056
4 0.24393605870020965 0.627699203187251 0.0404140461215933 0.11455179282868524
0 0.4622431865828092 0.742410358565737 0.04964360587002098 0.1361254980079682
4 0.3875366876310272 0.272390438247012 0.03323899371069186 0.11690239043824702
1 0.34937106918238997 0.5320119521912351 0.05338574423480079 0.12709163346613542
0 0.4208700209643606 0.5962848605577689 0.03699161425576516 0.1321713147410359
0 0.3838731656184486 0.5249701195219124 0.03042452830188677 0.10189243027888442
1 0.33618448637316567 0.6465438247011952 0.035110062893081766 0.09211155378486058
0 0.35311844863731656 0.47856573705179284 0.038480083857442386 0.07818725099601594
1 0.39279350104821803 0.6084462151394422 0.028569182389937102 0.11564741035856564
1 0.3781656184486373 0.5896414342629482 0.03583333333333328 0.056434262948207255
0 0.3589675052410901 0.674292828685259 0.03408805031446539 0.1279282868525897
0 0.8034329140461216 0.7179581673306773 0.0540618448637317 0.14076693227091627
0 0.5055450733752621 0.56050796812749 0.04463312368972751 0.1339641434262948
4 0.35808700209643607 0.7334760956175298 0.05796645702306075 0.12026892430278885
1 0.3483962264150943 0.5216035856573705 0.03381027253668763 0.13534860557768918