4 0.16328616352201258 0.5499800796812748 0.04203878406708597 0.12063745019920324
4 0.2940880503144654 0.358695219123506 0.049680293501048196 0.11239043824701199
4 0.24282494758909856 0.7691135458167331 0.05609014675052413 0.14065737051792832
0 0.415167714884696 0.4427091633466136 0.03606394129979033 0.11991035856573704
0 0.36951781970649894 0.3652290836653386 0.03407232704402515 0.08955179282868522
0 0.40205974842767295 0.29929282868525897 0.03286163522012581 0.13096613545816735
4 0.2968343815513627 0.6118426294820717 0.04921907756813421 0.106792828685259
4 0.07926624737945494 0.4984760956175299 0.04558700209643607 0.1263247011952191
0 0.447437106918239 0.551105577689243 0.03273060796645705 0.14020916334661354
1 0.2957861635220126 0.5712151394422311 0.04825471698113204 0.10399402390438255
0 0.43085953878406713 0.7247509960159362 0.03142557651991616 0.14543824701195218
0 0.3813364779874214 0.5481972111553784 0.06312893081761009 0.09496015936254977
1 0.3193396226415094 0.49413346613545817 0.04621593291404615 0.0965737051792829
0 0.3954245283018868 0.6360956175298804 0.031394129979035686 0.13470119521912352
0 0.9761792452830188 0.4587749003984064 0.03403039832285107 0.14145418326693227
0 0.37672955974842764 0.42602589641434263 0.05194968553459114 0.060139442231075695
2 0.2830503144654088 0.4636354581673307 0.035136268343815495 0.1030776892430279
1 0.299853249475891 0.40309760956175295 0.04473270440251568 0.05291832669322709
1 0.2960849056603773 0.5096513944223108 0.0439465408805031 0.05862549800796814
1 0.3058909853249476 0.43444223107569724 0.036850104821802905 0.048436254980079675
0 0.3722379454926625 0.5094223107569722 0.04807127882599582 0.08467131474103591
0 0.3761740041928721 0.46145418326693227 0.050262054507337575 0.0655278884462151