3 0.169578125 0.1470972222222222 0.024367187499999998 0.10675000000000003
4 0.201671875 0.8764583333333332 0.05103906250000001 0.12474999999999992
0 0.501359375 0.3564583333333333 0.04821093750000003 0.0689583333333333
4 0.29988281250000004 0.5508055555555555 0.04481250000000001 0.11809722222222219
0 0.5611171875000001 0.3785972222222222 0.031265624999999984 0.10299999999999995
4 0.5023984375 0.16145833333333334 0.03767187500000002 0.10851388888888888
0 0.4402421875 0.5062638888888888 0.04899218750000003 0.1153194444444444
0 0.52625 0.2907222222222222 0.044679687500000044 0.09686111111111112
4 0.238328125 0.7010833333333333 0.04149218750000001 0.11720833333333339
1 0.378234375 0.4260833333333333 0.04076562499999996 0.09358333333333332
3 0.6916249999999999 0.4162222222222222 0.023281249999999965 0.1253055555555556
0 0.5484218750000001 0.7837083333333333 0.03662500000000009 0.11426388888888886
0 0.2891640625 0.8964027777777778 0.038820312500000044 0.11120833333333324
0 0.57765625 0.19409722222222223 0.03175781250000007 0.09191666666666667
0 0.4594296875 0.45366666666666666 0.05584375000000001 0.07088888888888883
0 0.581828125 0.6151527777777778 0.03240625000000001 0.11922222222222227
0 0.482234375 0.4023333333333333 0.04771874999999994 0.07650000000000005
0 0.796578125 0.3336388888888889 0.025320312500000063 0.11299999999999998
2 0.2956875 0.34197222222222223 0.023031250000000014 0.10981944444444444
1 0.434546875 0.3861111111111111 0.0373046875 0.07234722222222227
1 0.3916953125 0.40520833333333334 0.033320312500000025 0.07784722222222216
1 0.43317187500000004 0.29641666666666666 0.03295312500000005 0.06399999999999997
4 0.29790625 0.29718055555555556 0.021656250000000023 0.11097222222222226
1 0.426953125 0.34915277777777776 0.03978125000000006 0.05365277777777777