3 0.3847746331236897 0.1710458167330677 0.019533542976939194 0.06588645418326697
0 0.5011058700209644 0.8610358565737052 0.027206498951782013 0.09079681274900407
0 0.3390985324947589 0.7170617529880478 0.027877358490566065 0.08428286852589653
0 0.6732180293501048 0.7298306772908366 0.03223794549266259 0.07666334661354585
4 0.21378930817610065 0.7733665338645419 0.021519916142557684 0.09072709163346605
4 0.6396855345911949 0.46433266932270917 0.02428197064989514 0.06914342629482068
0 0.5135953878406709 0.4559561752988048 0.02039308176100633 0.06647410358565738
1 0.14060796645702306 0.5428386454183267 0.023464360587002086 0.07645418326693226
1 0.1800943396226415 0.5273705179282868 0.02017819706498952 0.06886454183266937
4 0.47288784067085954 0.41388446215139446 0.02114255765199157 0.06953187250996022
1 0.15781446540880503 0.46016932270916333 0.027531446540880487 0.07679282868525898
3 0.9788050314465409 0.5529681274900398 0.024654088050314445 0.08379482071713136
0 0.5206394129979036 0.38586653386454184 0.0300681341719077 0.052609561752988095
3 0.1754350104821803 0.9651394422310757 0.02482180293501049 0.0697211155378486
4 0.630251572327044 0.35155378486055777 0.022164570230607947 0.05655378486055774
0 0.6792348008385745 0.32723107569721116 0.022169811320754813 0.052201195219123475
0 0.15200733752620543 0.5216235059760956 0.018432914046121573 0.06922310756972111
0 0.21432914046121593 0.5359362549800797 0.024449685534591183 0.06593625498007973
3 0.012342767295597485 0.417101593625498 0.018233752620545073 0.07572709163346611
4 0.5918134171907757 0.7493625498007969 0.030283018867924633 0.08210159362549807
0 0.14981656184486375 0.4470219123505976 0.018401467505241097 0.05823705179282871
1 0.175020964360587 0.5777091633466135 0.028380503144654075 0.05290836653386443
0 0.10662473794549267 0.4939442231075698 0.0199056603773585 0.08044820717131478
2 0.1195859538784067 0.4874800796812749 0.02089622641509434 0.07688247011952186
0 0.2005083857442348 0.5717330677290836 0.026126834381551375 0.03344621513944216
1 0.20480607966457023 0.5438247011952191 0.02099580712788257 0.030408366533864514