2 0.19350104821802935 0.4099207920792079 0.04633123689727462 0.17125742574257427
0 0.4515408805031446 0.4038514851485148 0.07143081761006287 0.09911881188118814
4 0.41653039832285116 0.2386237623762376 0.057494758909853276 0.1391287128712871
0 0.5265408805031447 0.2472079207920792 0.040015723270440264 0.14658415841584163
4 0.18882075471698112 0.7207029702970297 0.059994758909853264 0.15167326732673272
0 0.4841981132075472 0.33319801980198016 0.06148322851153037 0.09867326732673264
4 0.29494234800838576 0.38155445544554456 0.03314465408805032 0.137950495049505
4 0.2666194968553459 0.6086138613861387 0.06742138364779873 0.14565346534653478
0 0.5210901467505241 0.37697029702970297 0.03560272536687628 0.14980198019801977
4 0.21879454926624736 0.377 0.03926100628930816 0.13553465346534652
0 0.909014675052411 0.3654059405940594 0.03646750524109011 0.16798019801980194
0 0.8915408805031446 0.6428712871287128 0.032342767295597506 0.17378217821782177
1 0.3040251572327044 0.5015643564356436 0.04685010482180299 0.11765346534653469
0 0.39464360587002095 0.5495742574257426 0.07180293501048218 0.10493069306930695
0 0.37229559748427676 0.5814257425742574 0.04951781970649896 0.1660792079207921
0 0.6328930817610062 0.49243564356435643 0.035010482180293595 0.1585742574257426
0 0.42380503144654086 0.8711287128712871 0.03798742138364781 0.18095049504950494
1 0.3526572327044025 0.46688118811881185 0.04839098532494755 0.1195544554455445
1 0.28149895178197065 0.5333960396039604 0.05442872117400417 0.12827722772277222
1 0.3652672955974843 0.35076237623762374 0.0428197064989518 0.13001980198019797
0 0.5928301886792452 0.6941683168316832 0.03263626834381551 0.1708910891089108
1 0.3536425576519916 0.39412871287128715 0.04207023060796645 0.0974059405940594