2 0.1979454926624738 0.35296812749003986 0.023637316561844875 0.09477091633466134
4 0.6488259958071279 0.08357569721115538 0.03590146750524109 0.07814741035856572
0 0.804769392033543 0.4813147410358566 0.030256813417190786 0.08513944223107571
0 0.5584591194968553 0.4369322709163347 0.025157232704402517 0.0793227091633466
0 0.1539203354297694 0.4576195219123506 0.02822851153039833 0.09090637450199202
4 0.3744601677148847 0.41243027888446215 0.027536687631027235 0.08592629482071712
0 0.44057127882599584 0.5786155378486055 0.026975890985324963 0.08346613545816728
0 0.3767872117400419 0.7365936254980079 0.026100628930817587 0.09174302788844611
0 0.6586582809224318 0.09920318725099601 0.030450733752620498 0.08681274900398407
0 0.5796907756813416 0.2515338645418327 0.02708595387840662 0.05616533864541834
4 0.3094444444444444 0.8886254980079681 0.026556603773584944 0.10368525896414334
1 0.30904612159329137 0.3406474103585657 0.03754716981132081 0.10200199203187248
1 0.27832809224318655 0.3102290836653387 0.027227463312368996 0.10042828685258968
3 0.05481132075471698 0.18644422310756972 0.01816037735849057 0.09278884462151392
0 0.33138364779874213 0.3286553784860558 0.030990566037735905 0.0721713147410359
4 0.5250733752620546 0.24264940239043825 0.027148846960167693 0.08550796812749006
4 0.19403039832285116 0.4344621513944223 0.026944444444444427 0.09448207171314743
1 0.16494758909853252 0.44538844621513946 0.03900419287211738 0.08259960159362545
1 0.27258385744234803 0.41287848605577687 0.028846960167714864 0.09309760956175302
0 0.4490880503144654 0.8933167330677291 0.04479559748427674 0.08157370517928296
0 0.2726991614255765 0.4448605577689243 0.02788784067085956 0.09343625498007962
3 0.499706498951782 0.011882470119521912 0.02787211740041932 0.02367529880478087
1 0.3053825995807128 0.28905378486055777 0.02039308176100633 0.06886454183266931
0 0.31945492662473796 0.29270916334661357 0.019318658280922378 0.03223107569721117