0 0.722059748427673 0.7992131474103585 0.0380765199161426 0.1331474103585658
0 0.5170020964360588 0.6167430278884463 0.04805555555555559 0.1066533864541832
0 0.38710167714884697 0.4645119521912351 0.038532494758909845 0.10296812749003978
4 0.4723637316561845 0.11455179282868526 0.04637316561844865 0.10488047808764939
0 0.733422431865828 0.17563745019920318 0.03270964360586995 0.10263944223107571
4 0.10131027253668763 0.5723306772908366 0.047059748427672965 0.10219123505976087
0 0.3590251572327044 0.6846215139442231 0.05543501048218028 0.11463147410358558
0 0.4922851153039832 0.7240637450199203 0.037306079664570266 0.13333665338645406
0 0.8288522012578616 0.4329780876494024 0.03606394129979033 0.11793824701195216
0 0.538045073375262 0.42752988047808765 0.04449161425576519 0.1058665338645418
1 0.3608805031446541 0.46980079681274906 0.047159329140461226 0.11383466135458169
0 0.497730607966457 0.9348406374501993 0.043962264150943335 0.13031872509960152
4 0.4090356394129979 0.3173306772908367 0.038799790356394116 0.08938247011952193
0 0.3782704402515723 0.5608466135458168 0.04513102725366871 0.09641434262948202
0 0.29821278825995806 0.7683167330677291 0.054785115303983216 0.12860557768924313
4 0.25305555555555553 0.752300796812749 0.052185534591194994 0.12896414342629484
2 0.2826939203354298 0.5783167330677291 0.04502620545073376 0.10321713147410347
1 0.34784591194968556 0.5698605577689243 0.04563941299790353 0.09465139442231073
1 0.31271488469601677 0.6656772908366534 0.05145178197064993 0.09607569721115541
1 0.3483280922431866 0.5210756972111553 0.03131551362683438 0.07367529880478091
4 0.30174528301886794 0.7045916334661354 0.04037211740041927 0.055876494023904294
1 0.3291194968553459 0.6578087649402391 0.024496855345911953 0.10838645418326687