0 0.55646875 0.6323888888888889 0.03577343749999997 0.08800000000000002
4 0.33381249999999996 0.4527777777777778 0.026539062500000023 0.07476388888888895
3 0.6091484375 0.4729027777777778 0.020406249999999914 0.09455555555555561
4 0.26742187500000003 0.6166111111111111 0.02991406249999997 0.09077777777777779
2 0.2923203125 0.44147222222222227 0.022015624999999962 0.09631944444444447
1 0.39231250000000006 0.4677361111111111 0.03281250000000004 0.0851805555555556
3 0.1537890625 0.39326388888888886 0.02233593749999998 0.08533333333333337
0 0.7647265625 0.44875000000000004 0.021476562500000008 0.08091666666666665
0 0.475375 0.5005416666666667 0.027687500000000042 0.07875000000000007
0 0.4773203125 0.7744583333333334 0.029203125000000087 0.10816666666666651
4 0.50790625 0.3846527777777778 0.021499999999999984 0.07086111111111108
4 0.3222265625 0.7626111111111111 0.04782031250000003 0.12201388888888884
3 0.5156875000000001 0.2821388888888889 0.01950781250000002 0.07843055555555559
4 0.332375 0.7002777777777779 0.032085937500000036 0.09901388888888892
0 0.5301640625 0.3840833333333334 0.01899218749999996 0.06637499999999999
0 0.5059609375 0.4443194444444445 0.021882812499999994 0.07277777777777775
0 0.4164609375 0.4747638888888889 0.03487500000000003 0.08238888888888896
0 0.439453125 0.37876388888888884 0.022312499999999957 0.044486111111111074
1 0.44450781250000004 0.4428333333333333 0.022703124999999956 0.08597222222222219
3 0.1449296875 0.9172083333333333 0.024015625000000006 0.06106944444444448
0 0.46978125000000004 0.7088472222222222 0.03717968749999993 0.07501388888888888
0 0.4607734375 0.43904166666666666 0.027578124999999964 0.0678194444444445
1 0.4332421875 0.43301388888888886 0.020609375000000086 0.06669444444444442
0 0.43491406250000003 0.40141666666666664 0.012632812500000057 0.020180555555555518
1 0.4193359375 0.4167083333333333 0.01830468750000005 0.06593055555555559
1 0.4329140625 0.3808333333333333 0.012781249999999921 0.02262499999999995