0 0.4968828125 0.283875 0.052726562500000004 0.08640277777777775
4 0.502046875 0.09890277777777777 0.04256250000000002 0.09375
4 0.799828125 0.8575833333333334 0.05272656249999992 0.1189305555555557
0 0.46394531250000004 0.4554861111111111 0.03204687499999999 0.10818055555555553
0 0.4239921875 0.12154166666666667 0.02874218749999997 0.08144444444444446
0 0.5602031249999999 0.46105555555555555 0.052515625000000024 0.08976388888888888
4 0.5433203125 0.24025 0.033195312500000004 0.094875
3 0.3301796875 0.41970833333333335 0.022429687500000028 0.11669444444444442
0 0.523703125 0.35130555555555554 0.04407812500000006 0.09344444444444441
0 0.7063671874999999 0.8994861111111111 0.03736718749999994 0.10974999999999997
0 0.26203906250000003 0.2617361111111111 0.029132812499999973 0.10380555555555557
0 0.53746875 0.3990833333333333 0.05586718749999999 0.09044444444444445
0 0.39553125 0.33405555555555555 0.026406249999999964 0.11784722222222217
0 0.4179375 0.5326944444444445 0.036023437499999963 0.12304166666666672
1 0.6365546875 0.451 0.046859375000000016 0.0792083333333333
1 0.5847421875000001 0.39966666666666667 0.04482812500000009 0.08033333333333338
2 0.7194375 0.36847222222222226 0.02954687499999995 0.10737500000000004
3 0.8790703125 0.1290277777777778 0.018679687499999886 0.10477777777777778
4 0.60353125 0.2562083333333333 0.027921875000000006 0.11697222222222219
0 0.18620312500000002 0.43625 0.03037500000000002 0.11936111111111118
3 0.9945625 0.47041666666666665 0.010875000000000056 0.1116805555555555
1 0.597484375 0.33390277777777777 0.03936718750000008 0.08723611111111111
3 0.43071875000000004 0.03825 0.02265625 0.07648611111111112
1 0.61625 0.4139583333333334 0.031367187500000074 0.06483333333333327
4 0.7107578125 0.3277638888888889 0.022781250000000065 0.09183333333333334
1 0.6031953125 0.35344444444444445 0.03127343749999998 0.06545833333333337