4 0.55671875 0.23120833333333332 0.04312500000000004 0.10374999999999998
4 0.5102265625 0.09415277777777778 0.04040625000000002 0.09783333333333333
4 0.8096406249999999 0.8524999999999999 0.05314843750000007 0.11897222222222234
0 0.47242968750000003 0.45594444444444443 0.03197656250000005 0.10256944444444448
0 0.5475078124999999 0.40779166666666666 0.046882812499999996 0.0713055555555556
0 0.45308593750000004 0.36075 0.037117187499999996 0.11572222222222217
0 0.527453125 0.354625 0.04723437500000003 0.07631944444444443
0 0.49846874999999996 0.272125 0.03497656249999999 0.10556944444444444
0 0.43842968750000005 0.11851388888888889 0.028562499999999956 0.08220833333333333
4 0.7776640625 0.623736111111111 0.044500000000000026 0.12775000000000003
0 0.5651484375 0.4654027777777777 0.05046874999999993 0.07759722222222223
0 0.241796875 0.5747222222222222 0.032515625000000006 0.11595833333333334
1 0.6404453125 0.4476388888888889 0.03867968749999999 0.08440277777777776
0 0.2273203125 0.28481944444444446 0.02703906250000001 0.11104166666666665
1 0.6041328125 0.31940277777777776 0.035117187500000036 0.05522222222222221
1 0.62628125 0.4235138888888889 0.03503124999999994 0.07508333333333342
1 0.5949453124999999 0.40038888888888885 0.03942187500000003 0.07480555555555557
3 0.3366953125 0.41672222222222227 0.023117187500000025 0.11651388888888888
0 0.7184296875 0.8993055555555556 0.037374999999999936 0.10930555555555561
1 0.6078203125 0.36054166666666665 0.035804687499999946 0.05905555555555553
0 0.49604687500000005 0.6869305555555555 0.028921874999999986 0.12868055555555552
2 0.7292890625 0.35875 0.027921875000000006 0.1077777777777778
3 0.8923593750000001 0.12758333333333333 0.018429687500000114 0.10665277777777776
3 0.4391015625 0.035583333333333335 0.026945312500000006 0.07115277777777777
4 0.716078125 0.3143888888888889 0.022187500000000072 0.10461111111111106