0 0.45428721174004194 0.47250996015936253 0.056933962264151 0.08167330677290836
0 0.3318920335429769 0.834312749003984 0.05694968553459124 0.10508964143426294
0 0.7386163522012579 0.18225099601593625 0.03040880503144653 0.10442231075697209
4 0.3860901467505241 0.3078386454183267 0.04423480083857447 0.1204282868525896
4 0.47161949685534593 0.10876494023904383 0.045256813417190726 0.11836653386454184
0 0.8460167714884697 0.4352888446215139 0.03446016771488469 0.11976095617529882
4 0.24164570230607968 0.8073705179282868 0.04541404612159328 0.10060756972111552
0 0.38495283018867926 0.7160258964143427 0.05949685534591194 0.09984063745019921
0 0.41896750524109017 0.6047609561752988 0.06501572327044022 0.08342629482071712
0 0.5489832285115304 0.6108067729083665 0.034192872117400366 0.12196215139442236
0 0.5105922431865828 0.7332868525896414 0.034549266247379494 0.12470119521912355
4 0.10356394129979035 0.565707171314741 0.03868448637316562 0.1181972111553785
0 0.7393763102725367 0.8094422310756971 0.0364779874213836 0.13141434262948212
0 0.5635901467505241 0.4281175298804781 0.03231132075471703 0.12227091633466135
1 0.3235691823899371 0.6684661354581674 0.04597484276729561 0.08107569721115547
2 0.3165303983228512 0.5884860557768925 0.03731656184486375 0.07832669322709174
1 0.36194444444444446 0.5055278884462151 0.03927672955974846 0.08064741035856571
1 0.3005503144654088 0.7054681274900398 0.040702306079664616 0.08328685258964133
1 0.35205450733752625 0.6215836653386455 0.042573375262054514 0.08695219123505972
1 0.35649895178197066 0.5732868525896415 0.04212264150943391 0.09670318725099593
0 0.49915618448637317 0.9391932270916336 0.0423584905660377 0.12160358565737044
4 0.2777672955974843 0.760687250996016 0.04328092243186582 0.08596613545816728