4 0.7668515625000001 0.7107916666666666 0.04800781250000004 0.12497222222222225
4 0.5708359375 0.26199999999999996 0.03096875000000008 0.08716666666666666
0 0.4572890625 0.4129027777777778 0.026132812500000036 0.0911388888888889
0 0.5211640625 0.5175833333333334 0.026328125000000036 0.10259722222222223
4 0.8149140625 0.4976527777777778 0.026773437499999986 0.09588888888888884
0 0.636890625 0.5534305555555556 0.04520312499999992 0.07305555555555558
4 0.609734375 0.3221527777777778 0.03600781249999994 0.08318055555555554
0 0.5914140625 0.46161111111111114 0.03761718750000007 0.07511111111111117
0 0.3069453125 0.5931666666666666 0.033890624999999994 0.10497222222222227
3 0.9221640624999999 0.32706944444444447 0.023117187500000115 0.09530555555555556
0 0.6229375 0.508875 0.034835937499999935 0.07493055555555563
0 0.26690625 0.40418055555555554 0.0259765625 0.08580555555555552
1 0.7053125 0.5183055555555556 0.037351562499999956 0.08691666666666673
2 0.77615625 0.4476805555555555 0.02449999999999992 0.11427777777777774
0 0.5664765625 0.4202777777777778 0.0439453125 0.06218055555555553
0 0.5116562499999999 0.2755833333333333 0.02254687499999992 0.07430555555555556
3 0.41003125 0.4975 0.02333593749999996 0.09287500000000001
0 0.3965859375 0.3310277777777778 0.02463281249999998 0.07719444444444443
0 0.6574687499999999 0.7276527777777777 0.03214843750000007 0.10052777777777769
1 0.6838515625 0.4916388888888889 0.03007031250000001 0.08172222222222227
4 0.600421875 0.37399999999999994 0.03456250000000001 0.09118055555555553
1 0.6485859375 0.40673611111111113 0.027867187500000057 0.04222222222222219
1 0.6502265625 0.4738611111111111 0.02867968750000003 0.0750555555555555
3 0.8332109375 0.8784027777777779 0.02710937499999986 0.07490277777777786
3 0.5050859375 0.20897222222222223 0.025710937500000065 0.08106944444444444
1 0.65378125 0.43863888888888886 0.03232812500000008 0.04829166666666664