4 0.55196875 0.24462499999999998 0.04287500000000009 0.10741666666666672
4 0.5038437499999999 0.10547222222222222 0.04082812499999999 0.09615277777777781
0 0.5610390625 0.4805277777777778 0.046656250000000024 0.08004166666666666
3 0.3344453125 0.4340277777777778 0.02371875000000001 0.11774999999999997
0 0.4668046875 0.4685416666666667 0.03217968750000004 0.10265277777777773
1 0.6356484375 0.4658333333333333 0.036015624999999926 0.08874999999999997
4 0.8004296875 0.8666666666666667 0.05232031249999993 0.11936111111111118
0 0.42778124999999995 0.13268055555555555 0.026851562499999915 0.07981944444444444
0 0.403421875 0.3764166666666666 0.028968749999999988 0.12937499999999996
0 0.525203125 0.3746111111111112 0.04762500000000003 0.07708333333333334
0 0.49674218750000004 0.281625 0.03549218750000005 0.11208333333333331
1 0.6055546875 0.37805555555555553 0.036398437499999936 0.06875
4 0.6735625 0.3992638888888889 0.027187499999999965 0.11479166666666664
0 0.5351484375 0.4208055555555556 0.047562500000000084 0.07451388888888885
0 0.48697656250000004 0.5812777777777778 0.029898437499999986 0.1256666666666667
0 0.7090468750000001 0.9086944444444445 0.03919531250000006 0.10852777777777792
1 0.5827578124999999 0.4125138888888889 0.04037500000000005 0.07383333333333329
2 0.7179921874999999 0.3775833333333333 0.02703124999999993 0.11061111111111109
1 0.59575 0.3353888888888889 0.03442968749999995 0.05958333333333334
0 0.24656250000000002 0.28623611111111114 0.025007812499999994 0.12344444444444444
0 0.21154687499999997 0.528375 0.03117187499999998 0.12102777777777776
1 0.6156406249999999 0.44013888888888886 0.03624218750000008 0.07527777777777785
3 0.8826562499999999 0.13683333333333333 0.017898437499999885 0.1050972222222222
4 0.7143515625 0.323625 0.023304687499999942 0.10430555555555558
3 0.9956875000000001 0.4856111111111111 0.008624999999999971 0.10883333333333335
3 0.43060937499999996 0.04469444444444445 0.025062499999999942 0.08931944444444445
3 0.9928750000000001 0.47954166666666664 0.012046875000000058 0.11688888888888885