0 0.4566194968553459 0.404039603960396 0.05961740041928721 0.13400990099009905
2 0.22093815513626835 0.3867227722772277 0.05148322851153041 0.16057425742574252
0 0.6608438155136269 0.7195544554455445 0.04855345911949679 0.15434653465346523
0 0.9027044025157233 0.6018217821782178 0.03705450733752611 0.16865346534653458
4 0.19787735849056604 0.6704752475247524 0.0527044025157233 0.15035643564356427
0 0.4668815513626834 0.30009900990099014 0.05855345911949687 0.12718811881188122
0 0.5107337526205451 0.2618811881188119 0.05045073375262054 0.1297029702970297
4 0.45969601677148847 0.20893069306930698 0.03959119496855344 0.11015841584158417
0 0.604832285115304 0.4967227722772277 0.033846960167714844 0.15705940594059406
0 0.38648846960167715 0.5444059405940594 0.0549737945492663 0.1402178217821783
0 0.8629088050314466 0.3742772277227723 0.03478511530398317 0.16329702970297036
0 0.484517819706499 0.9095049504950495 0.03827568134171906 0.15809900990099016
4 0.24351153039832285 0.35976237623762375 0.036740041928721184 0.13311881188118815
0 0.40926100628930817 0.3582970297029703 0.05802935010482182 0.1390495049504951
4 0.24828092243186584 0.6826138613861387 0.0559433962264151 0.11308910891089112
1 0.3458700209643606 0.4219207920792079 0.03646226415094336 0.1427029702970297
1 0.3720073375262054 0.3606930693069307 0.03544025157232698 0.15280198019801985
1 0.3520125786163522 0.2962673267326733 0.037636268343815484 0.11305940594059409
1 0.31177672955974844 0.4568811881188118 0.03987421383647795 0.11554455445544554
0 0.35008909853249476 0.48987128712871286 0.05494758909853245 0.12668316831683174
4 0.2959119496855346 0.5702376237623763 0.04062893081761006 0.15428712871287126
1 0.30171907756813415 0.4996039603960396 0.04513102725366871 0.12885148514851488