4 0.76690625 0.711486111111111 0.047968750000000074 0.1257083333333333
4 0.5706249999999999 0.263875 0.030726562499999943 0.08854166666666667
0 0.587703125 0.4617777777777778 0.0341796875 0.07434722222222219
0 0.45682812500000003 0.41401388888888885 0.025648437499999944 0.09194444444444451
0 0.633234375 0.5597638888888888 0.04317187499999999 0.0712083333333333
4 0.6099218750000001 0.3234722222222222 0.03567968750000006 0.08425000000000003
0 0.5191796875 0.5184027777777778 0.023984375000000037 0.10434722222222222
4 0.8185156250000001 0.5015277777777778 0.02698437499999997 0.0984722222222222
0 0.3088984375 0.5938611111111111 0.03214062499999999 0.1055277777777778
1 0.7051015625 0.5189444444444444 0.03667187500000004 0.08679166666666668
3 0.9223359375 0.32458333333333333 0.023656250000000156 0.09543055555555556
3 0.4098671875 0.4995 0.023273437499999973 0.09288888888888888
1 0.6423281249999999 0.4832222222222222 0.030593750000000065 0.06579166666666668
0 0.277390625 0.40258333333333335 0.026046875000000025 0.08451388888888892
2 0.7757578125 0.4493333333333333 0.025 0.11323611111111108
0 0.620265625 0.5112361111111111 0.03528125000000006 0.075
0 0.5116015625 0.2764861111111111 0.02289843749999996 0.07493055555555554
1 0.6795078125 0.49372222222222223 0.02993749999999995 0.07840277777777784
0 0.57134375 0.41843055555555553 0.039640625000000006 0.05670833333333339
0 0.39731249999999996 0.33684722222222224 0.02359374999999999 0.07701388888888887
0 0.652671875 0.7227222222222223 0.0291015625 0.10858333333333342
3 0.8371015625 0.8789722222222223 0.026398437499999972 0.06841666666666665
1 0.648078125 0.40454166666666663 0.028359374999999964 0.04243055555555549
1 0.6546406250000001 0.43875 0.030882812499999978 0.0465138888888889
3 0.5043828125 0.20798611111111112 0.026156250000000013 0.08488888888888889
4 0.6047578125 0.3753888888888888 0.031984375000000044 0.09127777777777782