1 0.36204402515723266 0.2561155378486056 0.025953878406708587 0.07984063745019918
0 0.5229454926624738 0.4156573705179283 0.020146750524109042 0.0725796812749004
0 0.33791928721174 0.2587051792828685 0.02497903563941304 0.0633565737051793
0 0.2882809224318658 0.40922310756972113 0.023495807127882563 0.09309760956175302
0 0.4033490566037736 0.5874302788844621 0.028139412997903592 0.08195219123505973
1 0.2556184486373166 0.3298406374501992 0.02775157232704405 0.08064741035856576
4 0.42504716981132074 0.3283266932270916 0.021305031446540928 0.0853286852589641
0 0.7144077568134172 0.45651394422310754 0.021776729559748523 0.07306772908366535
3 0.13008909853249478 0.1072808764940239 0.018616352201257867 0.07539840637450201
1 0.2020754716981132 0.3441135458167331 0.03017819706498954 0.08907370517928294
0 0.40451781970649897 0.2818326693227091 0.024460167714884733 0.07097609561752988
0 0.32090670859538784 0.8129382470119523 0.030209643605870074 0.06180278884462147
3 0.1104874213836478 0.9029581673306774 0.023715932914046122 0.09312749003984064
0 0.8141614255765199 0.0399203187250996 0.025560796645702297 0.07415338645418329
4 0.5336687631027254 0.19199203187250996 0.019150943396226396 0.09292828685258965
2 0.23833333333333334 0.2560458167330677 0.02099580712788257 0.08848605577689246
0 0.1574685534591195 0.37813745019920314 0.023663522012578604 0.08306772908366532
4 0.7759119496855347 0.033894422310756976 0.02462264150943397 0.0667430278884462
4 0.2910272536687631 0.8132270916334662 0.03771488469601679 0.06792828685258968
0 0.5427777777777777 0.21145418326693227 0.02135220125786158 0.08150398406374501
4 0.16581761006289308 0.34108565737051794 0.026603773584905656 0.08313745019920321
0 0.3042085953878406 0.7598904382470119 0.03908805031446537 0.056434262948207255
1 0.3210901467505241 0.23229083665338646 0.0221593291404612 0.07898406374501993
1 0.32027253668763106 0.15909362549800796 0.02444968553459124 0.06183266932270915