2 0.09341194968553458 0.49067729083665335 0.02710167714884695 0.07958167330677295
0 0.5716090146750524 0.35969123505976097 0.03403039832285107 0.06796812749003985
0 0.6885691823899371 0.712011952191235 0.041373165618448664 0.09248007968127481
0 0.4187788259958071 0.6860059760956175 0.034402515723270494 0.09294820717131468
0 0.7360062893081761 0.2727589641434263 0.0336058700209643 0.06758964143426296
4 0.632793501048218 0.44676294820717133 0.028102725366876254 0.08101593625498012
4 0.2502987421383648 0.7518525896414343 0.025277777777777788 0.101792828685259
1 0.1868029350104822 0.45272908366533865 0.039229559748427685 0.08274900398406379
0 0.08354297693920336 0.5608764940239044 0.030723270440251575 0.08474103585657364
3 0.4406813417190776 0.09614541832669322 0.021383647798742113 0.07348605577689245
0 0.22658280922431864 0.5502589641434263 0.022924528301886796 0.09081673306772915
0 0.20340670859538784 0.43603585657370514 0.030403563941299786 0.08496015936254976
4 0.6706498951781971 0.287609561752988 0.024229559748427682 0.06129482071713144
1 0.1334853249475891 0.5615139442231075 0.034219077568134165 0.0892629482071712
4 0.5285062893081761 0.3961553784860558 0.03548218029350107 0.07615537848605582
0 0.5310167714884696 0.877898406374502 0.02569182389937112 0.10002988047808771
1 0.20082285115303983 0.5096314741035857 0.02768867924528304 0.05660358565737056
0 0.5163574423480084 0.4187350597609562 0.02085953878406706 0.07663346613545811
1 0.19249475890985324 0.5632270916334662 0.026320754716981146 0.07027888446215134
0 0.1520020964360587 0.5558964143426295 0.022903563941299814 0.09501992031872514
4 0.5788731656184486 0.782988047808765 0.03141509433962267 0.09026892430278873
0 0.2109119496855346 0.5668725099601594 0.025560796645702297 0.047509960159362596