2 0.20517295597484278 0.3479780876494024 0.024203354297693894 0.09500996015936254
0 0.5543186582809225 0.45475099601593627 0.024365828092243073 0.07484063745019919
0 0.4408752620545074 0.6099601593625498 0.03001572327044024 0.08335657370517933
0 0.4027148846960168 0.8810856573705179 0.026656184486373115 0.07084661354581662
1 0.17826519916142558 0.43088645418326693 0.036346960167714895 0.09386454183266933
1 0.25612683438155137 0.39902390438247015 0.028181341719077588 0.08279880478087649
3 0.07817610062893082 0.18696215139442232 0.019884696016771487 0.08925298804780878
1 0.32881027253668765 0.342101593625498 0.029019916142557594 0.08166334661354582
0 0.7817505241090147 0.49454183266932267 0.03092767295597496 0.06393426294820723
0 0.26459119496855343 0.45666334661354585 0.029250524109014707 0.07769920318725099
4 0.39734800838574424 0.4133665338645418 0.02330188679245285 0.08865537848605577
4 0.2898846960167715 0.8750199203187251 0.034129979035639475 0.0815836653386455
1 0.2809958071278826 0.31631474103585655 0.02624213836477987 0.09053784860557766
0 0.1529350104821803 0.45346613545816733 0.03743186582809222 0.10000996015936252
0 0.3406865828092243 0.7674800796812749 0.029973794549266276 0.07814741035856577
0 0.7159224318658282 0.10632470119521913 0.02749475890985327 0.08645418326693229
0 0.5643867924528302 0.24727091633466133 0.023013626834381476 0.06294820717131476
1 0.29824423480083856 0.28143426294820717 0.02877882599580717 0.0768625498007968
0 0.35421383647798743 0.3389243027888446 0.03289308176100628 0.06348605577689244
3 0.4990356394129979 0.011513944223107569 0.02598532494758906 0.022948207171314742
4 0.16526729559748427 0.4251394422310757 0.022657232704402525 0.07363545816733062
0 0.32776205450733753 0.30482071713147413 0.031236897274633076 0.03661354581673306
4 0.5289360587002097 0.24391434262948206 0.02120545073375264 0.07177290836653384
4 0.7105555555555556 0.08456175298804781 0.03141509433962267 0.05652390438247012