4 0.4271750524109014 0.22888118811881186 0.053128930817610005 0.13587128712871283
0 0.4999266247379454 0.3267722772277228 0.0762264150943396 0.12228712871287128
4 0.20075995807127883 0.7044356435643565 0.059722222222222246 0.13994059405940587
4 0.2766090146750524 0.5877821782178217 0.06467505241090149 0.14936633663366328
0 0.920901467505241 0.6350495049504951 0.03937631027253675 0.18102970297029694
2 0.20898846960167716 0.4036138613861386 0.045843815513626845 0.13677227722772275
0 0.5286792452830189 0.23599009900990095 0.043223270440251524 0.14419801980198016
0 0.45381551362683437 0.3821782178217822 0.07372117400419291 0.11348514851485149
0 0.8883962264150943 0.39193069306930695 0.036058700209643704 0.1693564356435643
0 0.6033333333333334 0.49775247524752475 0.03844863731656191 0.15859405940594065
0 0.5139098532494759 0.39564356435643566 0.06274109014675054 0.13361386138613865
0 0.6312683438155137 0.7278118811881188 0.045083857442347997 0.153079207920792
4 0.22924004192872116 0.3514257425742574 0.04109538784067084 0.11807920792079207
1 0.3132547169811321 0.4894158415841584 0.04739517819706502 0.12160396039603966
0 0.39864779874213835 0.5297128712871287 0.07927672955974842 0.1062277227722772
1 0.35755765199161427 0.4472772277227723 0.04419287211740039 0.12359405940594058
0 0.38190251572327044 0.5614158415841584 0.05194444444444439 0.16276237623762368
1 0.3653249475890985 0.33531683168316834 0.04743710691823899 0.13633663366336626
0 0.4607966457023061 0.9047326732673268 0.040220125786163526 0.1733564356435643
1 0.2885167714884696 0.5145445544554456 0.05015723270440254 0.12676237623762374
1 0.35737945492662476 0.37165346534653465 0.03952306079664575 0.08514851485148515
4 0.19422955974842765 0.5867425742574257 0.04571278825995809 0.15784158415841593