4 0.635890625 0.33316666666666667 0.04042187500000001 0.10106944444444442
4 0.618171875 0.25205555555555553 0.03567968750000006 0.09536111111111115
0 0.5894999999999999 0.6118888888888889 0.054289062500000006 0.0935972222222222
0 0.55384375 0.42087499999999994 0.04887499999999996 0.06956944444444449
4 0.5613828125 0.13972222222222222 0.037351562499999956 0.09884722222222224
0 0.5701796875 0.48777777777777775 0.04435156249999998 0.07351388888888882
0 0.47385937499999997 0.6580694444444445 0.03610937500000002 0.11225000000000007
3 0.338609375 0.48915277777777777 0.02971874999999997 0.10951388888888892
4 0.6773359375 0.682125 0.03774999999999995 0.12808333333333338
1 0.6231015625 0.4663888888888889 0.03561718749999994 0.049874999999999954
0 0.2864296875 0.6861944444444444 0.030437500000000027 0.12663888888888883
0 0.35090625000000003 0.8434027777777777 0.032468750000000046 0.12374999999999987
0 0.3913125 0.23826388888888891 0.027687500000000042 0.09461111111111112
4 0.7497890625 0.8533333333333333 0.046499999999999986 0.12023611111111102
0 0.3131875 0.16756944444444447 0.027171874999999977 0.09311111111111114
0 0.58153125 0.5561666666666667 0.04603906250000005 0.06969444444444438
1 0.632859375 0.4345277777777778 0.03530468750000004 0.07001388888888885
1 0.6507421875 0.5667638888888888 0.03558593749999996 0.08337499999999996
0 0.2660390625 0.38369444444444445 0.02853906249999998 0.09772222222222224
0 0.48471093749999994 0.4005972222222222 0.02901562500000008 0.10238888888888893
2 0.7621875 0.4819722222222222 0.028609374999999916 0.11465277777777771
3 0.7083984375 0.964111111111111 0.05137499999999999 0.0707361111111112
3 0.9188281249999999 0.27131944444444445 0.021914062500000143 0.11151388888888891
1 0.6343046875 0.5340416666666666 0.03458593749999998 0.0758194444444445
1 0.62046875 0.5109861111111111 0.03874999999999993 0.07279166666666662
3 0.5023828124999999 0.020319444444444442 0.023445312499999992 0.04048611111111111