0 0.46776205450733754 0.8419820717131474 0.0450262054507338 0.13454183266932263
4 0.4807337526205451 0.26412350597609563 0.03660901467505236 0.143296812749004
1 0.3809224318658281 0.560996015936255 0.04149895178197068 0.13530876494023902
1 0.3753721174004193 0.6669223107569722 0.04334381551362686 0.14792828685258963
0 0.7153301886792452 0.5577490039840638 0.04722222222222217 0.12636454183266926
0 0.5167033542976939 0.26721115537848605 0.03672431865828089 0.12195219123505979
0 0.41733228511530396 0.6613247011952191 0.04829664570230613 0.1178784860557768
1 0.4616614255765199 0.6130677290836654 0.03265723270440249 0.13088645418326703
0 0.46310796645702307 0.23428286852589641 0.04762054507337521 0.0952988047808765
0 0.4944077568134172 0.48736055776892423 0.02979559748427668 0.11601593625498004
4 0.49094863731656185 0.19890438247011952 0.02544549266247377 0.10991035856573707
0 0.5308700209643605 0.5864342629482071 0.038679245283018845 0.14070717131474103
3 0.5274737945492662 0.024233067729083662 0.03397798742138367 0.048466135458167324
4 0.30573899371069185 0.6992729083665339 0.02952830188679241 0.141703187250996
4 0.4202568134171908 0.767101593625498 0.044764150943396266 0.11710159362549795
1 0.41223794549266246 0.5521414342629483 0.035356394129979055 0.1307470119521912
0 0.45146750524109014 0.7805478087649402 0.03785639412997904 0.15441235059760952
2 0.20991614255765198 0.6370617529880478 0.037007337526205455 0.152519920318725
0 0.5499423480083857 0.3879980079681275 0.03268867924528296 0.1053187250996016
0 0.4620649895178197 0.5146613545816733 0.03160377358490564 0.09422310756972108
0 0.40803459119496854 0.4583764940239044 0.03468029350104826 0.11503984063745025
1 0.4367924528301887 0.5545418326693227 0.029030398322851206 0.12921314741035858
4 0.4812421383647799 0.7757270916334662 0.03019916142557646 0.09074701195219113