0 0.6727882599580713 0.2476138613861386 0.024926624737945463 0.06834653465346538
3 0.07890461215932915 0.2915346534653465 0.02297169811320754 0.07828712871287132
3 0.45185010482180293 0.14203960396039605 0.025859538784067042 0.06921782178217822
0 0.6882442348008386 0.8072376237623762 0.02983228511530402 0.08938613861386135
4 0.765649895178197 0.566009900990099 0.02398846960167714 0.07003960396039605
0 0.8412735849056604 0.5807722772277228 0.036236897274633056 0.07780198019801973
2 0.09392557651991615 0.4967920792079208 0.024313417190775673 0.09305940594059407
4 0.6274895178197065 0.22763366336633664 0.02086477987421381 0.07014851485148511
1 0.2235587002096436 0.45413861386138615 0.025576519916142532 0.0827821782178218
3 0.9732389937106919 0.1884950495049505 0.022730607966456966 0.0791881188118812
1 0.27398846960167716 0.441990099009901 0.02111635220125784 0.07956435643564358
4 0.48765723270440253 0.5147722772277228 0.02165618448637313 0.08104950495049501
0 0.2926205450733753 0.4650792079207921 0.027657232704402505 0.06344554455445549
0 0.34288784067085953 0.6225247524752475 0.022678197064989507 0.07953465346534647
0 0.5235639412997903 0.5397722772277227 0.021163522012578675 0.08499009900990097
4 0.3305293501048218 0.618049504950495 0.019517819706498955 0.08186138613861392
0 0.8259591194968554 0.4574752475247525 0.02713836477987432 0.07510891089108912
0 0.20762054507337527 0.4451386138613861 0.018191823899371087 0.06617821782178221
0 0.15187631027253667 0.47277227722772275 0.023385744234800842 0.07101980198019804
0 0.19646226415094342 0.3855643564356436 0.015057651991614265 0.052485148514851476
4 0.17432914046121595 0.3882970297029703 0.023548218029350077 0.06889108910891094
1 0.2107756813417191 0.4132376237623762 0.017814465408805037 0.07695049504950498
1 0.1664727463312369 0.4385940594059406 0.02358490566037736 0.04976237623762375
3 0.11362683438155137 0.9775049504950495 0.027279874213836482 0.03416831683168316
0 0.17437631027253667 0.5384059405940593 0.019963312368972762 0.09551485148514854
1 0.17050314465408806 0.49783168316831683 0.02143605870020963 0.04201980198019796