0 0.32903125 0.3230416666666667 0.024703125000000003 0.07777777777777782
0 0.612921875 0.5720972222222223 0.03914062499999993 0.09945833333333336
3 0.40238281249999996 0.4911805555555555 0.02118749999999996 0.10227777777777776
4 0.5498671875000001 0.43080555555555555 0.02349218749999995 0.09154166666666662
0 0.182875 0.39658333333333334 0.024984375000000014 0.08702777777777773
0 0.46021875 0.4415972222222222 0.02974218749999995 0.08334722222222221
3 0.9453984375 0.3222361111111111 0.022617187499999858 0.09416666666666665
0 0.31090625 0.6071388888888889 0.030593749999999975 0.109375
4 0.6378984375 0.7825833333333334 0.0525390625 0.10219444444444434
0 0.45944531250000004 0.27405555555555555 0.02449218749999993 0.07163888888888886
2 0.7867968750000001 0.4455555555555556 0.029843750000000037 0.09973611111111119
4 0.48996093749999997 0.26702777777777775 0.025539062500000043 0.06513888888888886
0 0.7161640625000001 0.49597222222222226 0.02432812500000008 0.10359722222222227
1 0.7403828125 0.47841666666666666 0.0353515625 0.08277777777777781
4 0.4519609375 0.29455555555555557 0.02661718749999995 0.07894444444444441
1 0.7840234374999999 0.5084027777777778 0.03410156250000007 0.08222222222222228
4 0.8762734375000001 0.5819722222222222 0.03117187500000007 0.09752777777777781
3 0.49625 0.2107638888888889 0.02104687500000004 0.08051388888888891
0 0.5976874999999999 0.7598055555555555 0.04517968749999994 0.09670833333333348
3 0.832625 0.8736527777777777 0.025648437499999944 0.06956944444444434
1 0.7461953125 0.3971666666666666 0.03831249999999997 0.08216666666666662
1 0.7209765625 0.4094305555555556 0.019937499999999986 0.05340277777777784
1 0.7095703125 0.44243055555555555 0.02553125000000005 0.09373611111111112
0 0.770453125 0.5139166666666667 0.025664062499999928 0.09930555555555555
0 0.6935859375 0.4220277777777778 0.03465624999999992 0.07994444444444437
0 0.7384921875 0.37793055555555555 0.018703125000000043 0.05987500000000002