4 0.35809748427672955 0.29320717131474106 0.04615303983228509 0.12022908366533866
0 0.29147798742138364 0.7984760956175299 0.041661425576519924 0.13959163346613554
0 0.4014308176100629 0.4139342629482071 0.06213312368972744 0.09051792828685258
0 0.3425104821802935 0.7098207171314741 0.06576519916142559 0.10661354581673303
4 0.3487159329140461 0.19928286852589647 0.05252620545073377 0.12177290836653389
4 0.23030398322851153 0.776902390438247 0.05426624737945491 0.1408964143426295
2 0.16165618448637317 0.5012649402390438 0.0561635220125786 0.14975099601593622
0 0.3849213836477987 0.6222111553784861 0.045382599580712744 0.13044820717131478
0 0.382520964360587 0.525707171314741 0.0486215932914046 0.12205179282868522
0 0.4958176100628931 0.30246015936254983 0.0371750524109015 0.12031872509960158
0 0.3824475890985325 0.4766633466135458 0.058312368972746324 0.0790139442231076
4 0.21770440251572326 0.6854282868525896 0.05117924528301886 0.13420318725099603
1 0.29965408805031446 0.5482569721115538 0.04614779874213834 0.10930278884462152
0 0.6944706498951781 0.17582669322709163 0.0359696016771489 0.13448207171314744
4 0.3065199161425577 0.3827788844621514 0.04111111111111114 0.06673306772908366
0 0.3492924528301887 0.5840039840637451 0.043815513626834335 0.09391434262948203
0 0.5285587002096436 0.9125398406374503 0.03561844863731658 0.15700199203187262
1 0.24800314465408804 0.6109163346613546 0.044219077568134174 0.10941235059760947
1 0.26463836477987424 0.5740239043824702 0.04227463312368971 0.1056772908366533
0 0.7635115303983229 0.5412549800796812 0.03164046121593286 0.15641434262948203
1 0.2912893081761006 0.47797808764940236 0.03687106918238989 0.08391434262948207
1 0.29508909853249476 0.4226195219123506 0.03632599580712786 0.06160358565737054
3 0.9173899371069183 0.023157370517928287 0.021823899371069117 0.042231075697211164