2 0.2678721174004193 0.6085159362549801 0.04365828092243184 0.17828685258964144
0 0.3709958071278826 0.17389442231075697 0.03889412997903566 0.1380577689243028
4 0.2217819706498952 0.2566832669322709 0.0471174004192872 0.13483067729083667
0 0.6207442348008386 0.2547211155378486 0.03840146750524108 0.1414442231075697
0 0.7050471698113208 0.6027589641434262 0.039575471698113325 0.1506175298804781
1 0.319895178197065 0.4521713147410359 0.053537735849056654 0.14729083665338652
0 0.3318867924528302 0.26855577689243026 0.04175052410901472 0.13382470119521914
0 0.3862631027253669 0.3943227091633466 0.06339098532494761 0.11445219123505973
4 0.30627882599580714 0.7377589641434263 0.04824423480083855 0.11692231075697221
4 0.5501362683438156 0.8875498007968128 0.054297693920335385 0.1722011952191236
4 0.2739517819706499 0.26534860557768924 0.04349056603773586 0.15751992031872508
0 0.8308752620545073 0.552898406374502 0.04025157232704412 0.15960159362549803
0 0.6288574423480083 0.7546613545816733 0.04366352201257859 0.1433466135458168
0 0.4456184486373166 0.5041832669322709 0.05562893081761012 0.12136454183266934
0 0.6064150943396226 0.8667131474103585 0.07843291404612164 0.14742031872509959
1 0.38678721174004194 0.5108366533864542 0.03883647798742133 0.13893426294820718
0 0.5151415094339623 0.7051693227091633 0.04578616352201253 0.1194223107569722
1 0.4014255765199161 0.5518525896414342 0.039559748427672965 0.11540836653386449
1 0.4132075471698113 0.6159860557768925 0.0429769392033543 0.11153386454183269
0 0.4788155136268344 0.6351792828685259 0.04300314465408803 0.1376494023904383
4 0.5304559748427673 0.771304780876494 0.07855870020964366 0.14593625498007967
1 0.42907756813417186 0.6819721115537849 0.04231656184486374 0.1762051792828686