2 0.2951328125 0.4477916666666667 0.022750000000000003 0.10156944444444443
0 0.39237500000000003 0.7749027777777777 0.03377343750000002 0.10581944444444452
4 0.206640625 0.7692638888888889 0.04527343750000001 0.09829166666666664
1 0.365953125 0.5096944444444444 0.03524218750000001 0.07813888888888888
0 0.623625 0.6200555555555556 0.03035156249999993 0.09680555555555562
3 0.6076328125 0.48004166666666664 0.02139843750000008 0.08255555555555563
4 0.270734375 0.667 0.03303906249999997 0.09005555555555553
0 0.5213046875 0.36569444444444443 0.022695312499999964 0.06400000000000002
0 0.49632812499999995 0.6977777777777777 0.03110937499999995 0.09938888888888882
4 0.2596640625 0.48712500000000003 0.02634375000000002 0.07802777777777771
0 0.5192734375 0.501125 0.024093749999999935 0.09213888888888894
0 0.726140625 0.4360138888888889 0.026820312499999943 0.07068055555555554
0 0.5140390625 0.4477083333333334 0.021421875000000055 0.07326388888888889
3 0.1613671875 0.395875 0.020328124999999985 0.08293055555555556
0 0.42485937500000004 0.5085138888888889 0.03671875 0.07077777777777783
4 0.3248125 0.5886111111111111 0.034804687499999966 0.08583333333333328
0 0.4652265625 0.4340833333333334 0.03882812500000003 0.05897222222222227
0 0.44077343750000003 0.4639861111111111 0.03856249999999992 0.07523611111111106
4 0.4543828125 0.36493055555555554 0.026109375000000056 0.06731944444444449
0 0.486109375 0.4039305555555555 0.03258593750000003 0.06466666666666675
3 0.5190703125 0.284625 0.019906250000000014 0.07606944444444443
1 0.3837890625 0.48055555555555557 0.028617187499999995 0.07987499999999999
1 0.41528124999999994 0.4120833333333333 0.019421874999999922 0.04554166666666662
3 0.144484375 0.9233888888888889 0.022031249999999992 0.06075000000000001
1 0.4079453125 0.46425 0.03477343749999999 0.06693055555555563
1 0.40163281250000005 0.42986111111111114 0.022406250000000006 0.05538888888888888
2 0.299390625 0.4216666666666667 0.014718750000000025 0.05954166666666667