4 0.7633909853249475 0.21169322709163346 0.0382023060796645 0.10177290836653387
1 0.7037473794549266 0.39964143426294824 0.03569182389937102 0.08391434262948207
0 0.4909014675052411 0.6577589641434263 0.03232180293501052 0.10005976095617533
0 0.5754297693920336 0.5120816733067729 0.04827568134171915 0.06812749003984067
0 0.6644811320754717 0.32000996015936256 0.04138364779874216 0.0775099601593626
0 0.5545230607966457 0.5957868525896414 0.044208595387840624 0.06779880478087644
4 0.5589046121593292 0.6854482071713148 0.03754716981132069 0.11310756972111548
0 0.3016404612159329 0.3925796812749004 0.02663522012578613 0.09966135458167326
0 0.3408385744234801 0.7112649402390439 0.02903563941299795 0.11095617529880487
0 0.7027777777777778 0.21035856573705178 0.0288050314465409 0.08914342629482072
0 0.5983280922431865 0.3387848605577689 0.025062893081761094 0.10406374501992034
0 0.627772536687631 0.3973705179282868 0.03751048218029358 0.06322709163346615
2 0.7718658280922432 0.48354581673306773 0.028590146750524206 0.11641434262948212
4 0.7572012578616353 0.5418725099601593 0.02465932914046131 0.10540836653386453
0 0.6038626834381552 0.4419422310756972 0.036116352201257786 0.07813745019920323
1 0.6776729559748428 0.43925298804780877 0.03481132075471702 0.07412350597609557
4 0.7220964360587002 0.3744123505976096 0.030487421383647836 0.0880677290836653
3 0.7971698113207547 0.043286852589641434 0.031116352201257805 0.08594621513944224
0 0.500041928721174 0.463296812749004 0.028087002096436015 0.10247011952191229
1 0.6409748427672957 0.5235059760956176 0.03172955974842765 0.10636454183266929
1 0.6483909853249477 0.4522709163346613 0.03112159329140467 0.05182270916334659
4 0.5838941299790356 0.704800796812749 0.028160377358490574 0.12196215139442236
1 0.646954926624738 0.4816932270916335 0.03292452830188688 0.051782868525896426