3 0.8012421383647799 0.10090637450199204 0.029119496855345883 0.08839641434262949
0 0.22004716981132078 0.7143824701195219 0.026436058700209673 0.1041533864541832
4 0.3866928721174004 0.733296812749004 0.04475366876310278 0.11291832669322699
4 0.7464727463312368 0.6982171314741036 0.029989517819706393 0.08841633466135457
0 0.2590985324947589 0.41797808764940236 0.02596960167714882 0.09268924302788839
0 0.7958018867924529 0.6040637450199203 0.03406184486373154 0.10601593625498014
1 0.7597327044025157 0.5105976095617529 0.0370283018867925 0.1046513944223107
1 0.7730450733752621 0.5936254980079682 0.03676100628930811 0.07884462151394431
4 0.5881656184486374 0.4234860557768924 0.03924004192872112 0.09447211155378488
0 0.5177672955974842 0.5777290836653386 0.03170335429769393 0.10202191235059767
0 0.6886635220125786 0.5343426294820718 0.04773060796645711 0.09663346613545815
4 0.6164412997903564 0.29320717131474106 0.03375262054507342 0.09539840637450196
0 0.5665356394129979 0.41384462151394424 0.028490566037735917 0.08687250996015938
0 0.8421750524109014 0.46803784860557773 0.03237945492662484 0.0734860557768924
1 0.8230712788259958 0.4845717131474104 0.041373165618448664 0.10452191235059767
0 0.8172484276729559 0.4572211155378486 0.03654088050314455 0.09976095617529877
0 0.6055450733752621 0.2730677290836654 0.026650943396226368 0.07807768924302788
4 0.5279664570230608 0.5744521912350598 0.033102725366876355 0.09844621513944216
1 0.7697117400419287 0.46857569721115533 0.02609538784067084 0.09486055776892426
0 0.5411111111111111 0.5819621513944223 0.02929245283018867 0.0939541832669322
2 0.8622955974842768 0.5409063745019921 0.0411635220125786 0.09672310756972108
1 0.7932075471698113 0.4579282868525896 0.0349213836477988 0.08526892430278886
0 0.7522903563941299 0.48804780876494025 0.045718029350104834 0.07141434262948211