4 0.7687368972746331 0.2201792828685259 0.0381656184486374 0.09822709163346614
4 0.7271750524109015 0.37612549800796813 0.037919287211739997 0.08828685258964142
0 0.7081341719077567 0.21402390438247013 0.027447589098532437 0.08575697211155381
0 0.31990041928721175 0.6891733067729083 0.030471698113207598 0.102480079681275
1 0.6926572327044025 0.4310458167330677 0.03070230607966453 0.09447211155378488
0 0.652059748427673 0.3979780876494024 0.03940775681341722 0.0689840637450199
3 0.8032023060796646 0.04621513944223108 0.02990566037735846 0.08671314741035857
1 0.7187526205450734 0.40243027888446214 0.043128930817610045 0.075796812749004
0 0.5061163522012578 0.4684760956175299 0.02801886792452832 0.10442231075697209
0 0.6043658280922433 0.3457370517928287 0.028406708595387745 0.10284860557768924
0 0.6888417190775681 0.3109760956175299 0.043039832285115244 0.0649302788844622
4 0.5605398322851153 0.6918426294820718 0.039302935010482064 0.10097609561752977
0 0.49571278825995807 0.6506175298804782 0.03136268343815509 0.10669322709163336
0 0.6055607966457024 0.4404482071713147 0.037316561844863635 0.08509960159362544
0 0.594643605870021 0.5090537848605577 0.05359538784067097 0.08904382470119519
2 0.7788364779874214 0.48845617529880486 0.03262578616352201 0.10658366533864547
0 0.3056236897274633 0.3945418326693227 0.026373165618448605 0.10153386454183272
4 0.7640146750524109 0.5455179282868526 0.022636268343815543 0.1030776892430279
1 0.6542190775681341 0.5274501992031871 0.030387840670859548 0.11267928286852595
4 0.5977620545073375 0.6841533864541832 0.03596436058700204 0.10981075697211155
1 0.662458071278826 0.4456972111553785 0.030791404612159328 0.0839243027888446
0 0.5756079664570231 0.5882768924302789 0.05277253668763106 0.08261952191235064
1 0.6565932914046122 0.47549800796812747 0.030419287211740025 0.06130478087649398