4 0.7621488469601677 0.20497011952191235 0.03843815513626842 0.1063545816733068
1 0.7020073375262055 0.39652390438247015 0.03541404612159338 0.08690239043824702
0 0.6635167714884697 0.3171513944223108 0.041755765199161465 0.07831673306772909
0 0.5915723270440252 0.3309760956175299 0.02603773584905652 0.09909362549800797
2 0.7641666666666667 0.47411354581673304 0.03237945492662484 0.11299800796812753
0 0.4947851153039832 0.6531474103585657 0.03184486373165618 0.0995517928286853
4 0.7203354297693921 0.3669223107569721 0.030738993710691873 0.08604581673306771
0 0.49969601677148845 0.45716135458167334 0.026865828092243183 0.10787848605577684
0 0.6984643605870021 0.200796812749004 0.027568134171907708 0.09130478087649405
0 0.6278354297693921 0.3880179282868526 0.03756813417190767 0.06459163346613549
4 0.7539098532494759 0.5353286852589642 0.02341194968553463 0.10353585657370522
0 0.6063784067085954 0.43109561752988046 0.04203878406708597 0.07945219123505974
0 0.3706865828092243 0.7385557768924302 0.026137316561844808 0.11516932270916345
0 0.5554088050314465 0.5887549800796813 0.049716981132075476 0.06904382470119516
1 0.6428406708595388 0.5103286852589641 0.03087526205450726 0.10731075697211157
1 0.6803721174004194 0.43323705179282873 0.03308700209643611 0.07365537848605583
3 0.7971855345911949 0.03908366533864542 0.03250000000000011 0.07801792828685258
1 0.647416142557652 0.4448804780876494 0.03232180293501052 0.052699203187250965
0 0.5757442348008386 0.507101593625498 0.0557966457023061 0.06815737051792835
4 0.555482180293501 0.6750996015936255 0.024444444444444376 0.10930278884462152
1 0.6466666666666666 0.4712848605577689 0.03309748427672961 0.051035856573705185
0 0.303087002096436 0.3888745019920319 0.026284067085953926 0.10214143426294817
4 0.5674318658280922 0.7346115537848605 0.026808176100628977 0.12618525896414348