0 0.52196875 0.48133333333333334 0.03323437499999997 0.10272222222222227
0 0.657828125 0.2704722222222222 0.049125000000000085 0.075
0 0.5524375 0.3577777777777778 0.02703124999999993 0.09844444444444443
0 0.5897812499999999 0.2965277777777778 0.02937499999999993 0.09277777777777779
0 0.597765625 0.41491666666666666 0.03695312499999996 0.08122222222222225
0 0.279640625 0.6110555555555556 0.03189062500000004 0.11936111111111103
0 0.63621875 0.3467222222222222 0.043390624999999974 0.0707222222222222
0 0.45546875 0.22841666666666668 0.031515624999999936 0.10263888888888892
4 0.78678125 0.12783333333333335 0.03934374999999992 0.09611111111111113
0 0.371484375 0.36633333333333334 0.030374999999999996 0.11063888888888884
1 0.73259375 0.28497222222222224 0.035546875 0.07586111111111112
0 0.721125 0.12144444444444444 0.028625000000000077 0.1035833333333333
3 0.8078125 0.030555555555555555 0.025 0.06111111111111111
4 0.62128125 0.6534444444444445 0.04535937499999996 0.12116666666666667
1 0.718390625 0.3252222222222222 0.03396875000000001 0.06833333333333332
4 0.69984375 0.4531666666666666 0.038328124999999956 0.08725000000000006
1 0.6954374999999999 0.3367222222222222 0.03228124999999995 0.045333333333333316
1 0.6795312499999999 0.3953055555555556 0.03728125000000002 0.058833333333333356
0 0.38690625 0.8348611111111112 0.02899999999999996 0.12555555555555567
4 0.47659375 0.8555555555555555 0.031578125000000054 0.08919444444444448
1 0.69284375 0.381 0.03592187500000001 0.06744444444444449
3 0.46176562499999996 0.30680555555555555 0.02712500000000002 0.08666666666666664
2 0.8293906249999999 0.3398333333333333 0.026390625000000157 0.09841666666666668
4 0.82503125 0.3968888888888889 0.03028125000000017 0.10891666666666665