3 0.5357031250000001 0.03136111111111111 0.026203124999999973 0.06269444444444444
4 0.720328125 0.3737222222222222 0.03256250000000005 0.12944444444444447
1 0.5861875000000001 0.4058888888888889 0.03160937500000003 0.12097222222222226
0 0.280265625 0.2836944444444444 0.030234375000000036 0.12069444444444441
1 0.593265625 0.28658333333333336 0.03610937500000002 0.09122222222222223
0 0.37317187500000004 0.6508055555555555 0.02949999999999999 0.1377222222222222
0 0.297125 0.5152222222222222 0.031015625000000036 0.1226944444444445
4 0.5696875 0.13041666666666668 0.03510937500000004 0.11286111111111109
3 0.9768593750000001 0.5214166666666666 0.0252812500000001 0.12325000000000001
0 0.518421875 0.3278888888888889 0.030921874999999942 0.11611111111111107
4 0.631609375 0.8394444444444444 0.04160937499999999 0.12127777777777769
0 0.512078125 0.26408333333333334 0.02943750000000005 0.09766666666666665
4 0.65153125 0.6451388888888889 0.030203125000000063 0.1238333333333333
1 0.569703125 0.35875 0.03399999999999999 0.08941666666666666
3 0.9071875 0.23119444444444445 0.023171874999999887 0.1111111111111111
1 0.577953125 0.33052777777777775 0.03275000000000006 0.06983333333333337
0 0.525203125 0.4008333333333334 0.03456250000000001 0.06305555555555552
2 0.67515625 0.32644444444444437 0.03168749999999996 0.1178611111111111
0 0.5150781249999999 0.13338888888888892 0.026078125000000084 0.1175277777777778
4 0.643546875 0.5076388888888889 0.029328124999999972 0.12963888888888894
0 0.517109375 0.4621388888888889 0.03206249999999997 0.12263888888888883
0 0.47471874999999997 0.34452777777777777 0.03574999999999999 0.11891666666666667
0 0.3045 0.8234166666666667 0.03503125000000003 0.1371944444444444
3 0.330609375 0.3288333333333333 0.02134375000000004 0.11719444444444443
0 0.52615625 0.45591666666666664 0.03195312500000007 0.05847222222222225
1 0.5821875000000001 0.3698333333333333 0.037484375000000014 0.0635277777777778