0 0.5996875 0.3153888888888889 0.05828124999999993 0.07952777777777777
1 0.66946875 0.37325 0.041234374999999976 0.07602777777777779
2 0.7969375000000001 0.37616666666666665 0.027187499999999965 0.11869444444444445
1 0.6854218750000001 0.32569444444444445 0.04181249999999999 0.08752777777777775
0 0.527859375 0.4360833333333334 0.03567187500000006 0.12447222222222223
0 0.588859375 0.26261111111111113 0.04049999999999994 0.10330555555555555
0 0.591046875 0.42047222222222225 0.04503125000000008 0.08391666666666661
0 0.546296875 0.5140277777777779 0.048249999999999994 0.11291666666666661
0 0.29440625 0.2592777777777778 0.03376562500000002 0.13833333333333336
1 0.656140625 0.4840277777777778 0.037734374999999966 0.10991666666666665
0 0.64621875 0.13202777777777777 0.029531249999999964 0.1250555555555556
0 0.253671875 0.7718888888888888 0.03292187499999999 0.16138888888888894
0 0.22589062499999998 0.5489722222222222 0.03412499999999996 0.15572222222222223
4 0.742109375 0.16852777777777778 0.030781250000000072 0.11066666666666668
4 0.791453125 0.45180555555555557 0.03909374999999997 0.10888888888888885
4 0.646109375 0.7028055555555556 0.04304687499999993 0.12683333333333324
3 0.387390625 0.38772222222222225 0.036640625000000024 0.11397222222222227
1 0.650390625 0.39758333333333334 0.038843750000000024 0.04905555555555562
4 0.5785 0.8033055555555555 0.052953124999999976 0.12844444444444447
0 0.5690625 0.4955 0.04415624999999999 0.08169444444444451
1 0.655625 0.43175 0.04224999999999994 0.048166666666666594
0 0.460375 0.8490277777777777 0.02982812500000005 0.0949444444444443
4 0.552078125 0.8728055555555555 0.035578124999999974 0.06258333333333325