0 0.533921875 0.49669444444444444 0.037890625 0.0941666666666666
0 0.535140625 0.5910277777777778 0.04632812499999996 0.11013888888888883
1 0.618421875 0.5734166666666667 0.04510937500000001 0.10183333333333325
2 0.6214375000000001 0.4793888888888889 0.030000000000000072 0.10680555555555553
3 0.9525625 0.2524444444444444 0.027499999999999858 0.12061111111111116
4 0.5781562499999999 0.16452777777777777 0.04715624999999992 0.10938888888888891
3 0.8451718749999999 0.5685 0.03428125000000008 0.12488888888888883
4 0.781671875 0.4728055555555556 0.03670312500000002 0.10494444444444452
0 0.469703125 0.5477222222222222 0.02901562500000008 0.13413888888888895
0 0.288203125 0.4106944444444444 0.02909375000000001 0.12944444444444447
0 0.49710937499999996 0.4424444444444445 0.03387499999999992 0.1262222222222222
0 0.46529687500000005 0.34225 0.03212499999999992 0.12175000000000004
3 0.323765625 0.5138333333333333 0.030843750000000014 0.12425000000000005
4 0.63378125 0.3666111111111111 0.038328124999999956 0.08833333333333336
0 0.474234375 0.151 0.026859375000000085 0.12041666666666664
0 0.285203125 0.6130833333333333 0.03401562499999997 0.12738888888888894
1 0.58809375 0.5023333333333333 0.042312500000000065 0.06786111111111114
0 0.51071875 0.4145277777777778 0.04651562499999997 0.07394444444444445
1 0.596953125 0.44608333333333333 0.036250000000000074 0.04430555555555552
4 0.601 0.38922222222222225 0.03929687499999997 0.051194444444444466
1 0.603890625 0.4077777777777778 0.040031250000000004 0.06116666666666662
4 0.64896875 0.7774444444444444 0.027640625000000085 0.12166666666666653
0 0.55625 0.7781944444444444 0.03046875 0.1412777777777778
1 0.6048281249999999 0.5390833333333334 0.03795312499999994 0.06772222222222221
0 0.246203125 0.33086111111111105 0.039281249999999976 0.12794444444444442