0 0.5390390625 0.5675833333333333 0.02971874999999997 0.09455555555555561
0 0.3476953125 0.4080972222222222 0.025273437500000016 0.0865694444444445
3 0.30321875 0.19080555555555556 0.020296875000000013 0.07623611111111109
0 0.3979140625 0.740625 0.032164062499999965 0.12161111111111103
0 0.13874999999999998 0.4282777777777778 0.027296874999999998 0.09238888888888887
0 0.2868203125 0.32698611111111114 0.022453125000000008 0.07194444444444442
0 0.5545546875 0.4922083333333333 0.04671093749999997 0.05894444444444452
0 0.773421875 0.6989305555555556 0.03152343749999993 0.09701388888888884
1 0.70878125 0.5460833333333334 0.03556249999999998 0.07950000000000002
0 0.5972109375 0.5228750000000001 0.037710937499999986 0.06816666666666672
4 0.43440625 0.28325 0.02932031249999998 0.07411111111111113
4 0.485640625 0.3489583333333333 0.030757812499999915 0.07700000000000004
3 0.47408593750000005 0.5383888888888889 0.025914062500000057 0.10165277777777786
3 0.8176640624999999 0.32195833333333335 0.02971874999999997 0.0726666666666667
4 0.8515625 0.679375 0.03303125000000016 0.10968055555555559
0 0.6473828125 0.5756111111111111 0.0314453125 0.08158333333333334
0 0.47242968750000003 0.4929722222222222 0.029648437500000034 0.09179166666666672
1 0.680546875 0.5197916666666667 0.031984375000000044 0.0802916666666666
0 0.617328125 0.6380694444444445 0.02536718750000002 0.10395833333333336
4 0.8054609375 0.6096388888888888 0.03305468749999996 0.09779166666666662
2 0.74125 0.4671111111111111 0.028804687499999915 0.08934722222222227
3 0.9882578125 0.851138888888889 0.023484374999999957 0.12048611111111111
4 0.712796875 0.44623611111111117 0.02238281250000007 0.08400000000000002
1 0.6380546875 0.5078194444444445 0.03175000000000008 0.07070833333333329
1 0.613421875 0.4582361111111111 0.02505468749999995 0.07104166666666664
1 0.6348828125 0.4637222222222222 0.028445312500000063 0.04162500000000004