0 0.5332578125 0.5048888888888888 0.03479687499999997 0.05933333333333337
3 0.941046875 0.5984305555555556 0.02383593750000017 0.10409722222222229
0 0.5008515625000001 0.45568055555555553 0.027054687500000084 0.07693055555555553
0 0.43452343750000005 0.4747222222222222 0.02146093750000002 0.09194444444444451
0 0.2375703125 0.6137638888888889 0.025937500000000037 0.1077222222222223
0 0.1560390625 0.7207222222222222 0.03484375000000002 0.11558333333333337
3 0.111546875 0.4048194444444445 0.0217265625 0.09659722222222215
0 0.6823125 0.3444583333333333 0.021515624999999972 0.06794444444444443
4 0.7341328125000001 0.3495138888888889 0.03189062499999995 0.07962499999999997
3 0.0158984375 0.937875 0.031796875 0.12425000000000005
3 0.80828125 0.27588888888888885 0.022726562500000026 0.08605555555555552
0 0.3658515625 0.5775972222222222 0.031640625 0.09291666666666663
0 0.559984375 0.4187916666666666 0.029234375000000055 0.07908333333333341
1 0.598015625 0.5016111111111111 0.027500000000000035 0.0797777777777777
0 0.5815625 0.4535972222222222 0.03592187500000001 0.051833333333333405
0 0.6241328125 0.4188888888888889 0.03292968750000007 0.050374999999999975
1 0.6574453124999999 0.4460416666666666 0.033554687500000034 0.06637499999999995
4 0.32775 0.7068055555555556 0.036531249999999994 0.12005555555555564
2 0.71696875 0.4726944444444444 0.022625000000000027 0.09662500000000007
4 0.45307812500000005 0.6272777777777777 0.034507812500000054 0.10541666666666663
1 0.616703125 0.48143055555555553 0.026695312500000058 0.07737500000000005
3 0.483015625 0.4271111111111111 0.024109374999999923 0.0770972222222222
4 0.74628125 0.45590277777777777 0.02321875000000002 0.08795833333333339
1 0.6756875 0.43394444444444447 0.03132031249999993 0.06612500000000002
0 0.5749921875 0.3757222222222222 0.022492187499999972 0.07445833333333335
4 0.7016328125 0.5045277777777778 0.024984375000000014 0.08405555555555554
1 0.61809375 0.44806944444444446 0.02439062500000002 0.04737500000000002