3 0.426921875 0.3603055555555556 0.027664062500000065 0.07899999999999999
4 0.652015625 0.49675 0.04207031249999993 0.09204166666666665
0 0.6583593750000001 0.7313888888888889 0.036140624999999996 0.10329166666666675
1 0.6307968749999999 0.39325 0.03436718750000001 0.07573611111111107
0 0.4981328125 0.35480555555555554 0.026023437499999958 0.08731944444444441
4 0.75925 0.7307361111111111 0.047765625000000075 0.11733333333333336
0 0.4390390625 0.2716527777777778 0.024257812499999965 0.07356944444444441
0 0.2180859375 0.4109166666666667 0.02350000000000003 0.09808333333333334
4 0.56178125 0.19859722222222223 0.02809375000000003 0.06581944444444443
0 0.5086015625 0.20743055555555553 0.01995312499999997 0.06840277777777778
1 0.5923046875 0.3515277777777777 0.02938281249999992 0.06577777777777775
0 0.5324375 0.2920277777777778 0.02865625000000005 0.07519444444444442
0 0.54896875 0.35855555555555557 0.03954687499999991 0.053916666666666696
2 0.6974140625 0.3300972222222222 0.025234374999999965 0.09293055555555559
3 0.5153203125 0.14600000000000002 0.019710937500000015 0.06684722222222221
3 0.86971875 0.21395833333333336 0.026015625000000143 0.07140277777777773
3 0.973265625 0.38769444444444445 0.023617187500000015 0.08344444444444446
3 0.00653125 0.16731944444444444 0.013023437500000002 0.0796527777777778
1 0.6167578125000001 0.36630555555555555 0.027835937500000085 0.07269444444444449
0 0.5384453125 0.3284722222222222 0.03725000000000005 0.05399999999999999
1 0.60240625 0.3189861111111111 0.0279296875 0.04293055555555559
0 0.458296875 0.5296388888888889 0.02503124999999997 0.10486111111111111
0 0.564984375 0.42820833333333336 0.0271484375 0.09611111111111117
1 0.599140625 0.2895277777777778 0.031640625 0.040138888888888856
4 0.5944843750000001 0.25983333333333336 0.030507812499999964 0.0662916666666667
4 0.6946171875 0.2917638888888889 0.022914062499999943 0.04650000000000003
0 0.5780859375 0.42466666666666664 0.024375000000000036 0.05611111111111108