0 0.5048829039812647 0.3595 0.037740046838407516 0.09210416666666663
0 0.5350234192037471 0.4271041666666667 0.04306791569086648 0.07000000000000005
3 0.34785714285714286 0.03972916666666667 0.027177985948477795 0.07945833333333334
3 0.7631615925058548 0.11672916666666668 0.03124121779859492 0.11033333333333335
4 0.474496487119438 0.15929166666666666 0.03757611241217802 0.08820833333333335
0 0.29304449648711944 0.20049999999999998 0.027728337236533934 0.10072916666666666
0 0.5776814988290397 0.5046458333333333 0.03894613583138172 0.09393749999999995
0 0.5638758782201405 0.4651666666666667 0.04532786885245906 0.07697916666666664
0 0.4404449648711944 0.397625 0.030714285714285736 0.09370833333333337
1 0.6352927400468383 0.446125 0.03848946135831369 0.08854166666666667
0 0.6501053864168619 0.5963333333333334 0.029519906323185054 0.12152083333333343
0 0.26911007025761124 0.5133958333333334 0.024519906323185008 0.11685416666666673
0 0.4524707259953162 0.2885 0.04156908665105386 0.09829166666666668
0 0.5513934426229508 0.8337083333333334 0.0348829039812646 0.13252083333333337
0 0.4772014051522248 0.30679166666666663 0.04368852459016387 0.06529166666666661
4 0.6814051522248243 0.3345208333333333 0.02601873536299769 0.08858333333333329
4 0.8232786885245902 0.7853125 0.05190866510538633 0.12525
1 0.5777400468384075 0.40891666666666665 0.03135831381733018 0.06735416666666663
4 0.7293559718969556 0.5796250000000001 0.04735362997658086 0.11002083333333328
2 0.7142622950819673 0.348875 0.026381733021077252 0.118625
1 0.5780444964871194 0.35762499999999997 0.03163934426229506 0.0608125
1 0.6094964871194379 0.4197916666666667 0.03197892271662757 0.07168749999999993
4 0.5479156908665106 0.3358333333333333 0.03528103044496487 0.06854166666666663
1 0.5662412177985948 0.3421458333333333 0.03255269320843086 0.07491666666666662