0 0.6648126463700235 0.6285833333333334 0.03057377049180316 0.12402083333333327
0 0.5096135831381733 0.6659375 0.04532786885245906 0.12408333333333323
4 0.3713466042154567 0.7054791666666667 0.03090163934426228 0.13787500000000014
0 0.637552693208431 0.4934583333333334 0.02703747072599522 0.11612500000000002
1 0.42485948477751756 0.5597083333333334 0.04194379391100708 0.05372916666666665
0 0.6145784543325528 0.38127083333333334 0.02687353629976586 0.11479166666666671
2 0.3190046838407494 0.5023958333333334 0.028138173302107695 0.13035416666666666
0 0.8112295081967212 0.5130416666666666 0.02820843091334885 0.10031249999999996
4 0.27333723653395786 0.5797916666666667 0.030737704918032786 0.11425000000000006
0 0.6273770491803279 0.7666458333333334 0.02610070257611237 0.1321666666666668
4 0.470632318501171 0.3265 0.03131147540983607 0.11354166666666667
3 0.1540983606557377 0.39029166666666665 0.034051522248243545 0.11522916666666667
1 0.4570257611241218 0.5495 0.03933255269320847 0.09077083333333338
0 0.5250117096018736 0.5264583333333334 0.029601873536299735 0.13081249999999997
4 0.5079859484777518 0.21722916666666667 0.03450819672131151 0.08868749999999999
1 0.4431967213114754 0.5012916666666667 0.03203747072599533 0.08341666666666665
0 0.5755152224824356 0.22272916666666667 0.02629976580796257 0.09862499999999998
0 0.5750000000000001 0.5218541666666667 0.027060889929742406 0.10885416666666667
0 0.5890281030444965 0.5793333333333333 0.03236533957845438 0.12093749999999996
1 0.44540983606557377 0.46033333333333337 0.03889929742388762 0.07295833333333329
1 0.4201639344262295 0.5939374999999999 0.03590163934426226 0.06510416666666667
4 0.41857142857142854 0.6554375 0.047236533957845474 0.12983333333333344
0 0.5515573770491803 0.3968125 0.025222482435597146 0.11952083333333334