0 0.48537470725995313 0.4743541666666667 0.032915690866510555 0.11829166666666661
0 0.4561007025761124 0.62175 0.04583138173302106 0.09422916666666671
0 0.5733723653395785 0.8698958333333333 0.028688524590163935 0.14985416666666657
0 0.4444379391100703 0.6901458333333333 0.041674473067915725 0.08720833333333336
1 0.40362997658079625 0.6243958333333333 0.04552693208430913 0.08699999999999998
0 0.5874121779859485 0.5575208333333334 0.027014051522248235 0.13581250000000006
0 0.6749648711943793 0.5467083333333334 0.032201405152224825 0.13660416666666672
4 0.3325526932084309 0.8151458333333333 0.051370023419203756 0.11702083333333325
0 0.5716627634660422 0.43239583333333337 0.025632318501170943 0.1282708333333333
0 0.5240046838407494 0.6683958333333333 0.027822014051522237 0.13850000000000004
0 0.5564285714285714 0.152 0.023829039812646398 0.1185
0 0.5195550351288056 0.7846458333333334 0.027025761124121826 0.13377083333333342
1 0.40652224824355976 0.5190416666666666 0.03770491803278694 0.08006249999999995
0 0.430480093676815 0.7484999999999999 0.029355971896955563 0.14391666666666675
1 0.3503629976580796 0.6955833333333333 0.039227166276346606 0.09064583333333331
4 0.17387587822014053 0.57275 0.029133489461358308 0.12866666666666665
1 0.38832552693208433 0.5777916666666666 0.0401405152224824 0.07333333333333343
4 0.3706908665105386 0.44227083333333334 0.03793911007025758 0.11083333333333331
1 0.36660421545667443 0.6638750000000001 0.039566744730679115 0.07787499999999999
4 0.48560889929742385 0.15022916666666666 0.028911007025761187 0.11666666666666667
2 0.3631264637002342 0.4783958333333333 0.03572599531615924 0.11918750000000002
4 0.32162763466042155 0.7182291666666667 0.027658079625292747 0.15152083333333338