4 0.5131498829039813 0.14729166666666668 0.03484777517564402 0.07583333333333335
0 0.5145784543325527 0.29808333333333337 0.03983606557377047 0.05414583333333335
0 0.5453747072599532 0.6616875 0.026487119437939115 0.09645833333333324
0 0.4836651053864169 0.38797916666666665 0.027377049180327864 0.08768749999999995
0 0.5511007025761124 0.4619375 0.033665105386416865 0.09797916666666673
0 0.5365222482435598 0.40575 0.03018735362997655 0.07270833333333329
0 0.582576112412178 0.5491875 0.03714285714285717 0.059895833333333336
0 0.44275175644028103 0.16314583333333335 0.02378220140515216 0.08283333333333331
4 0.6355269320843091 0.5546875 0.03823185011709612 0.08460416666666669
3 0.8572716627634661 0.13416666666666668 0.021475409836065478 0.09466666666666666
4 0.6851639344262295 0.6490208333333333 0.038021077283372395 0.09110416666666671
0 0.2964871194379391 0.2349375 0.022704918032786868 0.09252083333333333
0 0.5516861826697892 0.5666875 0.02564402810304447 0.09383333333333331
2 0.6875409836065574 0.37695833333333334 0.020304449648711847 0.10210416666666665
0 0.2213583138173302 0.6395625 0.02973067915690865 0.10343749999999995
0 0.6540983606557377 0.8519791666666666 0.0252927400468383 0.1200833333333333
4 0.6715339578454332 0.33939583333333334 0.022775175644028155 0.08754166666666663
3 0.45670960187353626 0.024708333333333332 0.024601873536299754 0.04939583333333333
4 0.7473536299765808 0.8527083333333334 0.04929742388758772 0.10718750000000009
1 0.5892857142857143 0.3638333333333333 0.025386416861826706 0.04985416666666668
1 0.6239461358313818 0.4673333333333333 0.03641686182669779 0.08543749999999999
1 0.5783021077283372 0.32716666666666666 0.029192037470725938 0.04445833333333328
1 0.6017564402810304 0.4344375 0.026416861826697828 0.06477083333333328
3 0.9924355971896955 0.5034166666666666 0.015128805620608985 0.09245833333333332
1 0.5785011709601874 0.40908333333333335 0.030433255269320853 0.06791666666666671