4 0.34496875 0.24908333333333335 0.04098437500000003 0.08591666666666668
0 0.5863437499999999 0.6576111111111111 0.030671874999999994 0.09441666666666669
4 0.382546875 0.7055 0.04146875000000003 0.09427777777777777
4 0.3149375 0.13008333333333333 0.03692187499999999 0.08827777777777777
0 0.6306875 0.8451666666666666 0.028312500000000008 0.09783333333333341
4 0.44359374999999995 0.8906388888888889 0.04250000000000007 0.10572222222222206
0 0.6223124999999999 0.23177777777777778 0.028250000000000063 0.08477777777777781
0 0.612125 0.3554166666666667 0.029484375000000007 0.09516666666666668
0 0.45387500000000003 0.4282777777777778 0.036484375000000034 0.07036111111111107
1 0.38034375 0.4246388888888889 0.031937499999999994 0.06666666666666667
1 0.393734375 0.5568888888888889 0.033984375 0.08747222222222224
2 0.30490625 0.4979166666666667 0.031546874999999995 0.10313888888888888
0 0.46114062499999997 0.5763333333333333 0.05225000000000009 0.0673055555555556
1 0.40812499999999996 0.49924999999999997 0.03645312500000002 0.06638888888888883
0 0.5312812499999999 0.1228611111111111 0.030031250000000044 0.08033333333333334
0 0.456046875 0.5147777777777778 0.04320312499999997 0.06116666666666662
0 0.43267187500000004 0.39661111111111114 0.03623437500000008 0.05358333333333339
4 0.377140625 0.3434444444444445 0.03957812499999998 0.08736111111111113
1 0.39143750000000005 0.45883333333333337 0.02403125000000004 0.06391666666666664
0 0.4484375 0.46708333333333335 0.03192187499999992 0.043555555555555577
1 0.40226562499999996 0.5049722222222222 0.030312499999999964 0.04044444444444445
0 0.46089062500000005 0.5435833333333333 0.041703125000000084 0.06541666666666669