0 0.13477459016393442 0.5471811023622047 0.046649590163934426 0.11510236220472442
0 0.26985655737704917 0.8388031496062992 0.0625922131147541 0.12062992125984251
0 0.39471311475409837 0.05488188976377953 0.04841188524590164 0.10470866141732282
0 0.8889241803278689 0.14730708661417324 0.03733606557377049 0.11559055118110237
0 0.5478995901639344 0.4982362204724409 0.03755122950819672 0.12992125984251968
0 0.3221106557377049 0.25848818897637793 0.05776639344262295 0.10954330708661418
0 0.10587090163934426 0.6194330708661417 0.04448770491803279 0.11403149606299212
0 0.3321311475409836 0.5798897637795276 0.05434426229508196 0.09348031496062992
0 0.4042213114754098 0.4934015748031496 0.06420081967213115 0.07979527559055119
0 0.2697540983606557 0.661496062992126 0.06037909836065574 0.11382677165354331
0 0.411547131147541 0.5883622047244095 0.061127049180327866 0.09593700787401575
0 0.5370901639344263 0.627259842519685 0.04281762295081967 0.12163779527559054
0 0.2904200819672131 0.6092755905511811 0.04869877049180328 0.13129133858267716
0 0.4224282786885246 0.3921102362204725 0.054938524590163934 0.10598425196850393
0 0.263155737704918 0.4355905511811024 0.043831967213114754 0.12535433070866142
0 0.6616290983606558 0.2638582677165355 0.03843237704918032 0.1290236220472441
0 0.410594262295082 0.7759685039370079 0.0398155737704918 0.137748031496063
0 0.37126024590163936 0.6613070866141733 0.041444672131147546 0.14028346456692914
0 0.9279918032786886 0.49811023622047246 0.037120901639344256 0.11650393700787402
0 0.6692110655737704 0.9042204724409448 0.045399590163934425 0.14496062992125983
0 0.3134631147540984 0.4568031496062992 0.05056352459016394 0.07207874015748032
0 0.31828893442622946 0.5171811023622047 0.045553278688524594 0.07253543307086614