0 0.23635156249999997 0.40622222222222226 0.0226171875 0.11520833333333334
0 0.1961015625 0.5954722222222222 0.029671874999999997 0.11315277777777778
0 0.4559921875 0.4782222222222222 0.0239453125 0.10922222222222222
0 0.489640625 0.34325 0.026968750000000003 0.11706944444444445
0 0.45279687500000004 0.16479166666666667 0.025656250000000002 0.08791666666666666
0 0.5996718750000001 0.3456527777777778 0.0459765625 0.09963888888888889
0 0.5684375 0.2929583333333333 0.0475 0.10536111111111111
0 0.6610390625 0.4279305555555556 0.02521875 0.10865277777777778
0 0.683875 0.4664861111111111 0.033375 0.09756944444444444
0 0.6096640625 0.5874305555555556 0.0228515625 0.09984722222222223
0 0.7573359375 0.8010833333333333 0.041234375000000004 0.09106944444444444
0 0.8473593749999999 0.7954861111111111 0.0369140625 0.09097222222222222
0 0.7353125 0.5698194444444444 0.047195312499999996 0.09797222222222222
0 0.7851796875 0.39787500000000003 0.026609375 0.09297222222222222
0 0.7359296875 0.30145833333333333 0.0234140625 0.07236111111111111
0 0.4889765625 0.15287499999999998 0.0435859375 0.08630555555555555
0 0.6421015625 0.2896944444444445 0.0261640625 0.06829166666666667
0 0.6391015624999999 0.33955555555555555 0.02978125 0.09022222222222222
0 0.6543671875 0.3782083333333333 0.0213359375 0.09998611111111111
0 0.6859921875 0.389125 0.020421875 0.06436111111111112
0 0.722328125 0.42702777777777773 0.036851562500000004 0.0985
0 0.750265625 0.3690833333333333 0.0369765625 0.059069444444444445
1 0.8548984374999999 0.08825 0.0316796875 0.0985
1 0.40102343749999997 0.03680555555555556 0.0208046875 0.07361111111111111