0 0.22374999999999998 0.7688472222222222 0.044687500000000005 0.10991666666666666
0 0.4384453125 0.6284583333333333 0.055929687500000005 0.06526388888888889
0 0.454796875 0.5757083333333333 0.063203125 0.06806944444444445
0 0.361609375 0.5347916666666667 0.03459375 0.10290277777777779
0 0.4135546875 0.45394444444444443 0.0291328125 0.09400000000000001
0 0.2868125 0.41211111111111115 0.0310625 0.11033333333333332
0 0.5121875 0.33191666666666664 0.0318671875 0.091625
0 0.559546875 0.26558333333333334 0.03559375 0.09783333333333333
0 0.6097421875 0.12505555555555556 0.036765625 0.09177777777777778
0 0.5512890625 0.4130972222222222 0.049375 0.07061111111111111
0 0.5275000000000001 0.45488888888888884 0.0517734375 0.055374999999999994
0 0.5397421875 0.5908472222222223 0.037296875 0.09281944444444444
0 0.54453125 0.544125 0.0343828125 0.06047222222222222
0 0.545734375 0.511 0.03053125 0.052569444444444446
0 0.574125 0.48255555555555557 0.034195312500000005 0.08731944444444444
0 0.604265625 0.45870833333333333 0.0366484375 0.086875
0 0.6688828124999999 0.3785833333333333 0.036203125 0.10994444444444444
0 0.6950078125 0.2962916666666667 0.0447109375 0.1120138888888889
0 0.7566328125 0.14144444444444446 0.0398359375 0.09954166666666667
0 0.646859375 0.5934305555555556 0.0233984375 0.10351388888888889
0 0.39523437499999997 0.8202083333333333 0.04984375 0.12098611111111111
0 0.6676249999999999 0.5350138888888889 0.0352578125 0.12002777777777777
1 0.980109375 0.7939027777777778 0.0258359375 0.12669444444444444
1 0.1148671875 0.3068333333333333 0.034335937500000004 0.11090277777777777