0 0.189453125 0.6409722222222223 0.03984375 0.10972222222222222
0 0.3609375 0.22916666666666666 0.0265625 0.09444444444444444
0 0.392578125 0.3548611111111111 0.02265625 0.10416666666666667
0 0.497265625 0.41041666666666665 0.02421875 0.10416666666666667
0 0.510546875 0.49236111111111114 0.03359375 0.10972222222222222
0 0.532421875 0.8222222222222222 0.03828125 0.125
0 0.68203125 0.6222222222222222 0.04375 0.1
0 0.65625 0.5555555555555556 0.04375 0.07777777777777778
0 0.64453125 0.49375 0.046875 0.06805555555555555
0 0.615234375 0.41805555555555557 0.05234375 0.07222222222222222
0 0.58046875 0.3326388888888889 0.04375 0.05694444444444444
1 0.976953125 0.09236111111111112 0.02421875 0.1125
0 0.8984375 0.4131944444444444 0.0296875 0.10416666666666667
0 0.79375 0.7118055555555556 0.05 0.12083333333333333
0 0.7612890625000001 0.36795833333333333 0.036640624999999996 0.06926388888888889
0 0.6359375 0.21597222222222223 0.025 0.09305555555555556
0 0.6437968749999999 0.34794444444444445 0.03896875 0.06255555555555556
0 0.665109375 0.38472222222222224 0.0416640625 0.06402777777777778
0 0.67890625 0.41597222222222224 0.034375 0.043055555555555555
0 0.675390625 0.46944444444444444 0.03203125 0.06944444444444445
0 0.70625 0.5034722222222222 0.0328125 0.0763888888888889
0 0.72734375 0.5444444444444444 0.0375 0.08611111111111111
0 0.709375 0.4388888888888889 0.03125 0.05555555555555555