0 0.28059375000000003 0.28338888888888886 0.0221796875 0.1036111111111111
0 0.2850390625 0.25255555555555553 0.029249999999999998 0.09572222222222222
0 0.29100000000000004 0.39793055555555557 0.0354453125 0.109375
0 0.22686718749999998 0.5714444444444444 0.0424453125 0.08066666666666666
0 0.4380078125 0.144625 0.040078125 0.08366666666666667
0 0.340078125 0.36569444444444443 0.0405 0.09555555555555555
0 0.3460859375 0.3081111111111111 0.030257812499999998 0.05630555555555555
0 0.3762890625 0.32813888888888887 0.0348046875 0.082125
0 0.38253906249999997 0.2757777777777778 0.038320312499999995 0.048583333333333326
0 0.380953125 0.22586111111111112 0.04328125 0.07370833333333333
0 0.188859375 0.7763611111111112 0.044140625 0.089375
0 0.249265625 0.8023333333333332 0.026945312500000002 0.11477777777777778
0 0.3103515625 0.5997222222222223 0.0325 0.10536111111111111
0 0.34484375 0.4506805555555556 0.0511328125 0.10468055555555557
0 0.37756249999999997 0.36540277777777774 0.0486484375 0.11051388888888888
0 0.41117968749999995 0.2993611111111111 0.0533125 0.08806944444444444
0 0.4521484375 0.20373611111111112 0.051859375 0.07709722222222222
0 0.49787499999999996 0.16304166666666667 0.02909375 0.08791666666666666
0 0.45563281250000004 0.4594861111111111 0.034515625 0.10244444444444445
0 0.51990625 0.3709861111111111 0.026765624999999998 0.10700000000000001
0 0.6084765625 0.32352777777777775 0.02578125 0.10143055555555555
0 0.8151640625000001 0.4865833333333333 0.028140625000000002 0.09520833333333333
1 0.1402109375 0.10318055555555557 0.028218749999999997 0.074625