1 0.4325234375 0.04583333333333333 0.0255859375 0.09166666666666666
1 0.98828125 0.1798888888888889 0.0234375 0.11244444444444443
0 0.8334921874999999 0.71975 0.037703125 0.12283333333333334
0 0.60471875 0.5503472222222222 0.0311875 0.12569444444444444
0 0.5359296875 0.44798611111111114 0.0453203125 0.11543055555555555
0 0.5109140625 0.35179166666666667 0.0375546875 0.10358333333333333
0 0.48577343749999996 0.1716111111111111 0.033140625 0.07934722222222222
0 0.5939140625 0.36162500000000003 0.034046875 0.09269444444444444
0 0.6301640625 0.39331944444444444 0.041234375000000004 0.10051388888888889
0 0.68571875 0.4411111111111111 0.0363828125 0.09611111111111112
0 0.6984453125 0.48543055555555553 0.0437421875 0.10418055555555557
0 0.7471953124999999 0.5486666666666667 0.0321640625 0.100125
0 0.925765625 0.6971666666666666 0.051523437500000005 0.09987499999999999
0 0.5579921875 0.1525 0.0581640625 0.0911111111111111
0 0.65690625 0.34731944444444446 0.0247578125 0.07241666666666667
0 0.756859375 0.38205555555555554 0.02778125 0.07522222222222222
0 0.8936093749999999 0.39111111111111113 0.03096875 0.11276388888888889
0 0.68465625 0.351875 0.0308125 0.06765277777777778
0 0.7788359375 0.5141944444444445 0.052976562500000005 0.09504166666666668
0 0.7770859375 0.477 0.03228125 0.09245833333333332
0 0.7486015625 0.4469861111111111 0.030007812499999998 0.08841666666666666
0 0.718578125 0.43294444444444447 0.0276015625 0.09644444444444444
0 0.697265625 0.3825277777777778 0.0287109375 0.06505555555555556
0 0.0886328125 0.479125 0.028984375 0.1110138888888889