1 0.5385 0.05654166666666667 0.0310625 0.11309722222222224
0 0.9459921874999999 0.34344444444444444 0.032125 0.13530555555555557
0 0.5482812499999999 0.7508333333333334 0.038515625 0.18087499999999998
0 0.7775859374999999 0.5032083333333334 0.0328515625 0.15325
0 0.674984375 0.16079166666666667 0.034796875 0.12262500000000001
0 0.5685625 0.36624999999999996 0.0410859375 0.12233333333333334
0 0.5409765625 0.4477361111111111 0.0403359375 0.13109722222222223
0 0.48167968749999995 0.29875 0.0560546875 0.09741666666666667
0 0.46605468749999995 0.35455555555555557 0.049546875000000004 0.08647222222222221
0 0.45075000000000004 0.3956944444444444 0.060171875 0.09305555555555556
0 0.43600000000000005 0.4527083333333333 0.066359375 0.08958333333333333
0 0.41300781249999996 0.5024305555555556 0.053492187499999996 0.12436111111111112
0 0.360234375 0.341625 0.0413203125 0.06927777777777779
0 0.4674609375 0.15659722222222222 0.05340625 0.10194444444444445
0 0.32023437499999996 0.48719444444444443 0.04746875 0.09955555555555556
0 0.10687500000000001 0.3405138888888889 0.041625 0.12444444444444444
0 0.1606640625 0.7705416666666666 0.0717890625 0.16309722222222223
0 0.34896875 0.45731944444444445 0.043859375 0.10325000000000001
0 0.3534765625 0.4041944444444444 0.045406249999999995 0.04776388888888889
0 0.36701562499999996 0.3798888888888889 0.04603125 0.04122222222222222
0 0.3965078125 0.383625 0.037296875 0.0938611111111111
0 0.39187500000000003 0.3394027777777778 0.043671875 0.05263888888888889
0 0.389828125 0.31075 0.04603125 0.04459722222222222