0 0.1963359375 0.5133888888888889 0.0370234375 0.10455555555555555
0 0.31065624999999997 0.32475 0.0208828125 0.0995
0 0.43083593750000004 0.142375 0.0242734375 0.0819861111111111
0 0.4243125 0.3064722222222222 0.0310625 0.08238888888888889
0 0.47660937499999995 0.31056944444444445 0.04209375 0.06001388888888889
0 0.4990859375 0.3590138888888889 0.039328125000000005 0.07079166666666667
0 0.52 0.4364305555555556 0.0459375 0.06452777777777778
0 0.4661328125 0.4883888888888889 0.034921875000000005 0.09344444444444444
0 0.539328125 0.5175000000000001 0.03540625 0.10166666666666667
0 0.5706875 0.6202638888888888 0.0273828125 0.09329166666666668
0 0.602046875 0.8630555555555556 0.03653125 0.10109722222222223
1 0.9203906249999999 0.1465972222222222 0.0220234375 0.10429166666666667
0 0.6651875 0.3691111111111111 0.027242187499999997 0.09933333333333333
0 0.5026171875000001 0.12211111111111111 0.042734375000000005 0.09979166666666665
0 0.5345859374999999 0.2890416666666667 0.0347890625 0.033638888888888885
0 0.71290625 0.42786111111111114 0.0226796875 0.11959722222222222
0 0.731640625 0.8584722222222223 0.05390625 0.10305555555555555
0 0.6435234375000001 0.6044583333333333 0.051101562499999996 0.10891666666666668
0 0.5995234375 0.4707916666666667 0.0365546875 0.07768055555555556
0 0.5776171875 0.42477777777777775 0.031796875 0.0662361111111111
0 0.5506484375 0.3998472222222222 0.030984374999999998 0.06359722222222222
0 0.5623828125 0.35191666666666666 0.034140625 0.0455
0 0.5535546874999999 0.31858333333333333 0.032109375 0.03718055555555556