0 0.2620703125 0.5114027777777778 0.0352265625 0.11170833333333334
0 0.2307578125 0.5921388888888889 0.030671874999999998 0.1092777777777778
0 0.2948046875 0.8240138888888888 0.057265625 0.11190277777777777
0 0.44406249999999997 0.14598611111111112 0.0415625 0.09475
0 0.42028906250000003 0.27752777777777776 0.0438046875 0.110625
0 0.40591406250000006 0.39425000000000004 0.0397421875 0.09961111111111111
0 0.3492734375 0.6318055555555555 0.045203125 0.09138888888888888
0 0.3675703125 0.5862083333333333 0.034335937500000004 0.08075
0 0.389015625 0.5453194444444445 0.0485390625 0.06563888888888889
0 0.37703125000000004 0.48791666666666667 0.033437499999999995 0.0675
0 0.38115625 0.45075000000000004 0.039484375 0.08206944444444444
1 0.009765625 0.31719444444444445 0.01953125 0.12606944444444443
0 0.5108125 0.16031944444444446 0.0263046875 0.1067638888888889
0 0.49510156250000004 0.28238888888888886 0.027695312500000003 0.10087499999999999
0 0.474578125 0.36586111111111114 0.0429140625 0.09559722222222222
0 0.44576562500000005 0.4839861111111112 0.052468749999999995 0.07908333333333332
0 0.43064843750000004 0.6200972222222223 0.058171875 0.07351388888888889
0 0.40028125000000003 0.69975 0.052125 0.09394444444444444
0 0.38228125 0.8416944444444444 0.0348671875 0.11393055555555556
0 0.5335 0.5978611111111111 0.03575 0.10684722222222223
0 0.5431328125 0.521986111111111 0.030015625 0.09676388888888889
0 0.713984375 0.4177361111111111 0.03578125 0.10769444444444445
0 0.7966015625 0.6739027777777777 0.0400859375 0.12837500000000002