0 0.255546875 0.43901388888888887 0.0398359375 0.12275
0 0.4096796875 0.6938472222222222 0.0494140625 0.12009722222222222
0 0.4188515625 0.9199027777777778 0.0533125 0.112625
0 0.3762109375 0.5791666666666667 0.0421796875 0.11676388888888888
0 0.29948437499999997 0.2380833333333333 0.0409609375 0.09756944444444444
0 0.29182031249999996 0.13993055555555556 0.039328125000000005 0.09904166666666667
0 0.36071875000000003 0.5145 0.040328125 0.10233333333333335
0 0.3680703125 0.46484722222222224 0.03409375 0.06518055555555556
0 0.3815 0.44504166666666667 0.0390234375 0.08205555555555555
0 0.3471484375 0.4057777777777778 0.038859375 0.09581944444444444
0 0.33102343749999996 0.3716666666666667 0.0435546875 0.08975000000000001
0 0.59946875 0.7017916666666667 0.0239921875 0.10961111111111112
0 0.5471484375 0.5629166666666667 0.027414062500000003 0.12191666666666667
0 0.4451328125 0.5570972222222222 0.049046875000000004 0.0801388888888889
0 0.4726796875 0.48066666666666663 0.0426953125 0.111875
0 0.41842968750000004 0.44762500000000005 0.0401484375 0.07593055555555556
0 0.41644531249999994 0.38522222222222224 0.05207031250000001 0.06790277777777778
0 0.41578906250000003 0.3104027777777778 0.026382812500000002 0.10097222222222223
0 0.3713046875 0.13616666666666669 0.0242890625 0.09716666666666665
0 0.5080390625 0.2472916666666667 0.031828125 0.0915138888888889
0 0.6055390625 0.34055555555555556 0.030828125 0.09158333333333334
0 0.73075 0.4592638888888889 0.0291015625 0.084125