0 0.444140625 0.2923611111111111 0.02421875 0.09861111111111111
0 0.9116250000000001 0.47805555555555557 0.0312421875 0.11722222222222223
0 0.7684140625 0.2152777777777778 0.026695312500000002 0.08888888888888889
0 0.714171875 0.3046388888888889 0.025578125 0.09540277777777778
0 0.65834375 0.3273888888888889 0.0253359375 0.09644444444444444
0 0.620703125 0.37430555555555556 0.02109375 0.10416666666666667
0 0.194921875 0.5791666666666667 0.03046875 0.11944444444444445
0 0.4073125 0.43752777777777774 0.022875 0.10534722222222222
0 0.4759375 0.38987499999999997 0.0242421875 0.10463888888888889
0 0.5417890625 0.36688888888888893 0.04496875 0.09225
0 0.5841484375 0.33941666666666664 0.03384375 0.10105555555555557
0 0.6375 0.2951388888888889 0.028125 0.08194444444444444
0 0.6074843750000001 0.3135277777777778 0.0255859375 0.09983333333333333
0 0.13353125 0.571125 0.047 0.10893055555555556
0 0.350640625 0.41784722222222226 0.0317109375 0.11068055555555555
0 0.7171875 0.1951388888888889 0.028125 0.0875
0 0.48203125 0.27152777777777776 0.015625 0.09305555555555556
0 0.46678125000000004 0.3592222222222222 0.0392890625 0.074
0 0.57103125 0.3013888888888889 0.0233125 0.07772222222222222
0 0.54909375 0.31425 0.0247578125 0.0625
0 0.5369296875 0.34295833333333337 0.029226562499999997 0.06363888888888888
0 0.495703125 0.34791666666666665 0.03046875 0.06805555555555555
1 0.3915 0.19705555555555554 0.031703125 0.06943055555555556
1 0.1193125 0.3032777777777778 0.0196171875 0.10684722222222223
1 0.8558125000000001 0.13656944444444444 0.025273437500000002 0.08880555555555555
0 0.596140625 0.2936666666666667 0.0240078125 0.052902777777777785