0 0.208765625 0.33931944444444445 0.022203125 0.10720833333333334
0 0.2549375 0.8361944444444444 0.039234375 0.10097222222222223
0 0.26951562500000004 0.6278055555555555 0.032390625 0.096875
0 0.3097890625 0.5053194444444444 0.034445312500000005 0.09
0 0.32071875 0.1446388888888889 0.028203125000000002 0.07897222222222222
0 0.28478906249999997 0.1277361111111111 0.022703124999999998 0.0650138888888889
0 0.36413281249999996 0.15304166666666666 0.0251328125 0.07593055555555556
0 0.456046875 0.15718055555555555 0.021476562499999997 0.08815277777777777
0 0.5296640625 0.36206944444444444 0.0236171875 0.08129166666666666
0 0.431578125 0.6177083333333333 0.021640625 0.09255555555555556
0 0.3268984375 0.819 0.0287890625 0.10229166666666667
0 0.3829296875 0.5061666666666667 0.01809375 0.08376388888888889
0 0.3503203125 0.4750138888888889 0.0465703125 0.07304166666666667
0 0.3698984375 0.4032638888888889 0.0388671875 0.07976388888888888
0 0.3665078125 0.3568472222222222 0.0440390625 0.03922222222222222
0 0.36729687499999997 0.22941666666666669 0.0313359375 0.06966666666666667
0 0.37898437500000004 0.29418055555555556 0.044914062500000004 0.05998611111111111
0 0.2924609375 0.4219166666666666 0.033 0.07120833333333333
0 0.3044765625 0.373125 0.0379609375 0.034305555555555554
0 0.325421875 0.3480972222222222 0.037140625 0.06183333333333334
0 0.301890625 0.31981944444444443 0.027718749999999997 0.05776388888888889
0 0.3071484375 0.2744166666666667 0.0377421875 0.060500000000000005