0 0.2690625 0.6660833333333334 0.036875000000000005 0.10440277777777777
0 0.35164062500000004 0.5113888888888889 0.0326640625 0.07277777777777777
0 0.24557812499999998 0.2299861111111111 0.028664062499999997 0.07106944444444445
0 0.5161015625 0.19420833333333334 0.016242187499999998 0.057875
0 0.5169374999999999 0.2554444444444444 0.0166875 0.06688888888888889
0 0.5017734375 0.4113333333333334 0.026992187499999997 0.07545833333333334
0 0.5153125000000001 0.6964583333333333 0.0321953125 0.10125
0 0.6188828125 0.8217777777777777 0.034109375 0.11023611111111112
0 0.7471484375 0.432375 0.026015624999999997 0.08420833333333334
0 0.8235078124999999 0.47481944444444446 0.0217421875 0.07741666666666668
0 0.7537421875 0.33802777777777776 0.0206484375 0.04826388888888889
0 0.44381250000000005 0.22112500000000002 0.020429687499999998 0.07558333333333334
0 0.5435390625000001 0.3190138888888889 0.0183359375 0.07413888888888889
0 0.5994296875 0.17233333333333334 0.019164062500000002 0.07243055555555555
0 0.4260390625 0.6521111111111111 0.025515624999999997 0.07090277777777777
0 0.6550234374999999 0.8539583333333334 0.0268515625 0.11875
0 0.8623593749999999 0.4251388888888889 0.021593750000000002 0.05305555555555556
0 0.7706875 0.44766666666666666 0.0272890625 0.08883333333333333
0 0.780375 0.3425694444444444 0.0295078125 0.07681944444444445
0 0.8070703124999999 0.33620833333333333 0.020390625000000002 0.08909722222222223
0 0.852390625 0.4655 0.0297890625 0.06433333333333334
1 0.7718828125 0.9781805555555555 0.018757812500000002 0.04247222222222222
0 0.7657499999999999 0.40227777777777773 0.019 0.043458333333333335