0 0.28684375 0.7438333333333332 0.03725 0.12376388888888888
0 0.454296875 0.8382499999999999 0.03203125 0.10704166666666666
0 0.5603828125 0.6742361111111111 0.0292421875 0.10680555555555557
0 0.5680390625 0.5884722222222222 0.0449921875 0.07140277777777777
0 0.5319375 0.4938055555555556 0.03925 0.0765
0 0.49386718749999997 0.4185 0.0388359375 0.07311111111111111
0 0.4595546875 0.3499027777777778 0.048078125 0.058125
0 0.42000000000000004 0.42820833333333336 0.0287578125 0.09254166666666666
0 0.42670312499999996 0.5218194444444444 0.02784375 0.11308333333333334
0 0.2160703125 0.40052777777777776 0.036601562500000004 0.09272222222222223
0 0.32649218750000003 0.2627083333333333 0.028273437499999998 0.09208333333333332
0 0.5109296875 0.2645 0.039054687500000004 0.07620833333333334
0 0.717671875 0.48375 0.0291015625 0.1036111111111111
0 0.6932968749999999 0.6883888888888888 0.0522109375 0.08787500000000001
0 0.7660625 0.7002222222222223 0.0399296875 0.10043055555555556
0 0.677828125 0.4209444444444444 0.0306640625 0.10854166666666668
1 0.827140625 0.1748472222222222 0.0245859375 0.09197222222222222
1 0.35571875 0.035152777777777776 0.025500000000000002 0.07031944444444445
0 0.5355078125 0.36051388888888886 0.030382812500000002 0.0654861111111111
0 0.560046875 0.3755 0.0310390625 0.03988888888888889
0 0.5697656249999999 0.4086666666666667 0.029226562499999997 0.04377777777777778
0 0.562484375 0.4646527777777778 0.0374609375 0.0626388888888889
0 0.5985078125000001 0.4796666666666667 0.031046875 0.05930555555555556
0 0.6251015625 0.5194722222222222 0.0435546875 0.07215277777777779