0 0.0547109375 0.3826111111111111 0.037453125 0.15968055555555555
0 0.3041484375 0.18166666666666667 0.040140625 0.13
0 0.39221093749999997 0.3849444444444445 0.034335937500000004 0.14488888888888887
0 0.37625000000000003 0.4971111111111111 0.0290625 0.15023611111111113
0 0.39642187500000003 0.5945972222222222 0.0462109375 0.15865277777777778
0 0.40895312500000003 0.7502083333333333 0.046156249999999996 0.14765277777777777
0 0.58696875 0.6344305555555556 0.0791953125 0.12441666666666666
0 0.5752265624999999 0.5200555555555556 0.0604921875 0.13456944444444444
0 0.5615546874999999 0.4397638888888889 0.058140625 0.09897222222222223
0 0.5520703124999999 0.3965138888888889 0.050554687499999994 0.09859722222222221
0 0.498828125 0.3070833333333333 0.04296875 0.14472222222222222
0 0.65084375 0.18466666666666667 0.0673046875 0.13043055555555555
0 0.816421875 0.4222222222222222 0.04065625 0.15831944444444443
0 0.9303671874999999 0.46416666666666667 0.04596875 0.15556944444444445
0 0.718375 0.7038472222222222 0.07112500000000001 0.1465972222222222
0 0.638671875 0.3471111111111111 0.052351562500000004 0.03588888888888889
0 0.6490859375 0.37769444444444444 0.045578125000000004 0.04738888888888888
0 0.649734375 0.41683333333333333 0.0401015625 0.06144444444444445
0 0.6386171875 0.48686111111111113 0.0459765625 0.12926388888888887
0 0.6691640624999999 0.49541666666666667 0.047609374999999995 0.059166666666666666
0 0.682 0.5769027777777778 0.0486875 0.11008333333333334
0 0.68434375 0.4460416666666666 0.0390078125 0.08097222222222222