0 0.66496875 0.3705 0.0401328125 0.11852777777777779
0 0.8814296875000001 0.3643194444444445 0.053554687499999996 0.138
0 0.718671875 0.8104583333333333 0.0479765625 0.157
0 0.600765625 0.18702777777777777 0.0382734375 0.075375
0 0.6167265625 0.2625277777777778 0.051523437500000005 0.11851388888888889
0 0.6000703125 0.27305555555555555 0.0368828125 0.04622222222222223
0 0.615828125 0.3059861111111111 0.053234375 0.11208333333333334
0 0.5980390625 0.3272222222222222 0.030265625 0.051097222222222224
0 0.6151953125 0.3843611111111111 0.0214609375 0.11358333333333334
0 0.617234375 0.41686111111111107 0.0341015625 0.099125
0 0.6659453125 0.4700833333333333 0.0595078125 0.12200000000000001
0 0.6283046875 0.5199722222222222 0.0436640625 0.16429166666666667
0 0.582234375 0.44766666666666666 0.0569921875 0.13595833333333335
0 0.5733515625 0.3910416666666667 0.0685390625 0.1346388888888889
0 0.5672578125000001 0.31406944444444446 0.0586796875 0.1239861111111111
0 0.5390859375 0.23829166666666665 0.046875 0.133875
0 0.3369375 0.1603888888888889 0.037515625000000004 0.1229861111111111
0 0.372296875 0.33013888888888887 0.0379140625 0.13768055555555556
0 0.3993671875 0.4411944444444445 0.045187500000000005 0.14680555555555555
0 0.33023437499999997 0.7966805555555556 0.0428515625 0.15880555555555556
0 0.20778124999999997 0.5702499999999999 0.043828125 0.14288888888888887
0 0.145234375 0.2756388888888889 0.040765625 0.12472222222222222