0 0.508484375 0.15029166666666666 0.031984374999999995 0.08697222222222221
0 0.742 0.3829166666666666 0.0372890625 0.10751388888888888
0 0.7951953125 0.6506666666666667 0.0262265625 0.10844444444444444
0 0.4408984375 0.6575555555555556 0.036796875 0.12422222222222222
0 0.4622890625 0.5095138888888889 0.037859375 0.11704166666666665
0 0.42154687500000004 0.37697222222222226 0.047828125 0.08822222222222223
0 0.41507812499999996 0.45095833333333335 0.045265625 0.09808333333333334
0 0.386453125 0.5320555555555555 0.050015624999999994 0.10863888888888888
0 0.366140625 0.5888333333333333 0.04765625 0.11572222222222221
0 0.33511718749999997 0.6555555555555556 0.0568359375 0.11172222222222222
0 0.345234375 0.7903888888888889 0.0330234375 0.11694444444444445
0 0.292390625 0.7772083333333334 0.0464765625 0.1014861111111111
0 0.2766796875 0.6345416666666667 0.0367734375 0.11134722222222222
0 0.3620703125 0.3042638888888889 0.025765624999999997 0.09976388888888889
0 0.4549921875 0.13072222222222224 0.04521875 0.08733333333333333
0 0.34534375 0.44772222222222224 0.0491328125 0.078625
0 0.3498359375 0.47705555555555557 0.037578125000000004 0.08383333333333333
0 0.36228125 0.5021944444444444 0.03934375 0.051625000000000004
0 0.329125 0.5900972222222223 0.04815625 0.09751388888888889
0 0.3379375 0.537611111111111 0.0374921875 0.056375
0 0.2201796875 0.5084027777777778 0.0356015625 0.11972222222222223
0 0.169921875 0.5708333333333333 0.04453125 0.11944444444444445