0 0.5878828125 0.31248611111111113 0.032015625 0.13051388888888887
0 0.44123437499999996 0.4128055555555556 0.06840625 0.09505555555555555
0 0.4279296875 0.5396527777777778 0.0480390625 0.10706944444444445
0 0.415625 0.6402083333333333 0.0531328125 0.11124999999999999
0 0.3906328125 0.7609722222222222 0.0375078125 0.14972222222222223
0 0.6411718750000001 0.7959166666666666 0.0432734375 0.155375
0 0.7797109375 0.5696944444444445 0.035976562499999996 0.163375
0 0.6019687499999999 0.6153888888888889 0.0476875 0.13866666666666666
0 0.5599140625000001 0.48218055555555556 0.029195312499999997 0.14952777777777776
0 0.674421875 0.3966805555555556 0.031656250000000004 0.1316388888888889
0 0.723671875 0.2559166666666667 0.02703125 0.13261111111111112
0 0.3443125 0.22895833333333332 0.0441953125 0.11626388888888887
0 0.367515625 0.28768055555555555 0.046218749999999996 0.11423611111111111
0 0.3031796875 0.33918055555555554 0.037609375 0.11887500000000001
0 0.17977343750000002 0.47287500000000005 0.032632812500000004 0.12630555555555556
0 0.1925546875 0.5336527777777778 0.036671875 0.1470138888888889
0 0.303578125 0.7255555555555555 0.0506484375 0.10944444444444444
0 0.310640625 0.6433055555555556 0.0490234375 0.06161111111111111
0 0.33214062499999997 0.6185138888888889 0.04509375 0.09813888888888889
0 0.36653125000000003 0.564 0.0435 0.08355555555555555
0 0.3471953125 0.5149722222222222 0.039984375 0.06605555555555556
0 0.3400234375 0.46426388888888886 0.048078125 0.08686111111111111