0 0.106328125 0.4640694444444444 0.04046875 0.13925
0 0.43946874999999996 0.36870833333333336 0.0304453125 0.12075
0 0.4207421875 0.4885833333333333 0.0350703125 0.11448611111111112
0 0.3730703125 0.24447222222222223 0.028859375 0.11951388888888889
0 0.49711718749999995 0.10343055555555555 0.0307578125 0.10684722222222223
0 0.4817265625 0.6489166666666667 0.027171875 0.12837500000000002
0 0.5603281250000001 0.861 0.04340625 0.135875
0 0.5486718749999999 0.48854166666666665 0.03234375 0.11319444444444444
0 0.5466640625 0.43886111111111115 0.036359375 0.066625
0 0.5477890624999999 0.3810555555555556 0.034109375 0.05934722222222222
0 0.546921875 0.32405555555555554 0.0420859375 0.06755555555555556
0 0.5974140625000001 0.22752777777777777 0.0338984375 0.09948611111111111
0 0.641921875 0.11877777777777777 0.03853125 0.10422222222222223
0 0.6697968750000001 0.49536111111111114 0.03803125 0.09905555555555555
0 0.61771875 0.6293472222222222 0.057320312500000005 0.12534722222222222
0 0.6532421875 0.8590277777777777 0.053359375 0.13194444444444445
0 0.7256171874999999 0.3872777777777777 0.029562500000000002 0.11622222222222223
0 0.6301484375 0.3396527777777778 0.0462421875 0.07652777777777778
0 0.6220390625000001 0.3709027777777778 0.034703125 0.07793055555555556
0 0.598109375 0.4061666666666667 0.04153125 0.059569444444444446
0 0.6264765625 0.46431944444444445 0.040796874999999996 0.08804166666666667
1 0.994921875 0.27975 0.01015625 0.10437500000000001
0 0.616203125 0.43695833333333334 0.0324140625 0.07393055555555555