1 0.784765625 0.17430555555555555 0.01640625 0.059722222222222225
1 0.3137421875 0.15833333333333333 0.0152734375 0.05555555555555555
1 0.006796874999999999 0.3453333333333333 0.013492187499999999 0.06844444444444445
1 0.2546875 0.9833333333333333 0.0328125 0.03333333333333333
1 0.99453125 0.4847222222222222 0.0109375 0.07222222222222222
0 0.28203125 0.2184583333333333 0.0296875 0.05694444444444444
0 0.59040625 0.2574722222222222 0.0204140625 0.06097222222222222
0 0.619625 0.3456666666666667 0.0218671875 0.07269444444444445
0 0.62321875 0.602625 0.02253125 0.0761388888888889
0 0.776984375 0.9087222222222222 0.0230078125 0.07477777777777778
0 0.7758359375 0.8434305555555556 0.0251015625 0.0785138888888889
0 0.7493046875 0.5322083333333333 0.023609375 0.058875000000000004
0 0.59709375 0.6660833333333334 0.02578125 0.06944444444444445
0 0.6647968750000001 0.36941666666666667 0.0238671875 0.06295833333333332
0 0.4662578125 0.4606944444444444 0.0190546875 0.07415277777777778
0 0.4630859375 0.22494444444444445 0.027390625000000002 0.05543055555555555
0 0.40689843750000004 0.28675 0.021476562499999997 0.06456944444444444
0 0.2283125 0.40231944444444445 0.02421875 0.06944444444444445
0 0.2571640625 0.4184583333333334 0.0239140625 0.06502777777777778
0 0.13443750000000002 0.4638055555555555 0.0170390625 0.07741666666666668
0 0.180046875 0.4243333333333333 0.0251796875 0.08004166666666666
0 0.200921875 0.4195277777777778 0.0178046875 0.07777777777777778
0 0.20593750000000002 0.4261388888888889 0.0262265625 0.06479166666666666
0 0.24784375 0.4231388888888889 0.0225234375 0.07056944444444445
0 0.154015625 0.446125 0.0185078125 0.07277777777777777
0 0.14125000000000001 0.4444444444444444 0.0178828125 0.075
0 0.1723515625 0.4173611111111111 0.024171875000000002 0.06844444444444445