0 0.7805078125 0.5131388888888888 0.0341171875 0.10086111111111112
0 0.8091953125 0.46431944444444445 0.0351875 0.09451388888888888
0 0.65775 0.22191666666666668 0.0459765625 0.07919444444444444
0 0.7036718750000001 0.7209027777777777 0.03778125 0.10969444444444446
0 0.667515625 0.6733888888888888 0.0413828125 0.10034722222222223
0 0.722953125 0.6085972222222222 0.042328125 0.11375
0 0.660859375 0.4382083333333333 0.026726562500000002 0.05419444444444445
0 0.6713281249999999 0.48856944444444445 0.036789062500000004 0.08341666666666667
0 0.6538984375 0.5251388888888889 0.032921875 0.04455555555555556
0 0.688203125 0.5987083333333333 0.0401484375 0.07901388888888888
0 0.663765625 0.5575555555555556 0.030984374999999998 0.07466666666666666
1 0.6168125 0.04730555555555556 0.0287890625 0.08622222222222221
0 0.6067890625000001 0.22980555555555557 0.0296875 0.07783333333333334
0 0.6212734375 0.4161805555555555 0.04084375 0.0780138888888889
0 0.614390625 0.48415277777777777 0.0427734375 0.08284722222222222
0 0.61865625 0.5587361111111111 0.051296875 0.08205555555555555
0 0.6153515625 0.6396944444444445 0.05975781249999999 0.07883333333333332
0 0.61228125 0.694486111111111 0.030382812500000002 0.10323611111111111
0 0.49838281249999994 0.7707083333333333 0.0362109375 0.10331944444444445
0 0.48101562500000006 0.6291944444444444 0.0335703125 0.10952777777777778
0 0.5222734375 0.565125 0.041765625 0.09765277777777778
0 0.521046875 0.493 0.034937499999999996 0.09562499999999999
0 0.17777343750000002 0.43625 0.0281484375 0.10088888888888889