0 0.75028125 0.5487361111111111 0.045203125 0.12127777777777776
0 0.7334921875 0.6380694444444445 0.032960937499999995 0.106625
0 0.608078125 0.6900972222222223 0.051171875 0.11926388888888889
0 0.7196640624999999 0.34706944444444443 0.0463515625 0.09491666666666668
0 0.6899609375 0.3025555555555556 0.041249999999999995 0.10022222222222221
0 0.7331953125 0.27493055555555557 0.04496875 0.08951388888888889
0 0.6250625000000001 0.6211249999999999 0.037171875 0.09991666666666667
0 0.6324375 0.5684583333333334 0.0403828125 0.06115277777777778
0 0.62453125 0.5259444444444444 0.0391328125 0.05781944444444445
0 0.653125 0.4908333333333333 0.040921875 0.09133333333333334
0 0.6685234375 0.43773611111111116 0.0414375 0.073125
0 0.62296875 0.3066666666666667 0.03228125 0.09394444444444444
0 0.6058046874999999 0.39143055555555556 0.054429687500000004 0.08219444444444444
0 0.5806875 0.5079166666666667 0.0574921875 0.07981944444444444
0 0.5581171875 0.5917638888888889 0.05242187499999999 0.07711111111111112
0 0.54259375 0.6610277777777778 0.053484374999999994 0.0792361111111111
0 0.4705078125 0.7076666666666667 0.0447421875 0.11852777777777779
0 0.45355468749999994 0.4433333333333333 0.030257812499999998 0.10756944444444445
0 0.5116015625 0.39416666666666667 0.03284375 0.10119444444444445
0 0.487875 0.17722222222222223 0.0316015625 0.09204166666666666
0 0.2414921875 0.5271111111111111 0.034390625 0.11443055555555556
0 0.3404453125 0.2460138888888889 0.030203124999999997 0.09784722222222222