0 0.8393984375000001 0.4143888888888889 0.0350625 0.150625
0 0.8556171875 0.4947361111111111 0.0368828125 0.13208333333333333
0 0.8287968749999999 0.843875 0.055429687500000005 0.13283333333333333
0 0.6930156249999999 0.3214861111111111 0.042726562499999995 0.12708333333333333
0 0.616109375 0.30769444444444444 0.049671875 0.12372222222222222
0 0.6424218749999999 0.2668888888888889 0.050539062499999995 0.12204166666666667
0 0.72875 0.5328472222222221 0.057359375000000004 0.11406944444444443
0 0.7051875 0.49423611111111115 0.040203125 0.11673611111111111
0 0.6571640624999999 0.4827361111111111 0.0470234375 0.09375
0 0.6678203125 0.43470833333333336 0.0503515625 0.10422222222222223
0 0.6679921875 0.38649999999999995 0.0506953125 0.11076388888888888
0 0.7504921875 0.8710416666666666 0.0419609375 0.14422222222222222
0 0.6400546874999999 0.6470277777777778 0.0421328125 0.1542361111111111
0 0.6458046875 0.6280277777777777 0.064578125 0.09494444444444444
0 0.6208750000000001 0.5562638888888889 0.060515624999999997 0.0969861111111111
0 0.5911328124999999 0.5025416666666667 0.0560859375 0.11915277777777779
0 0.574265625 0.4509166666666667 0.054867187500000004 0.10290277777777779
0 0.5598984375 0.41125 0.070609375 0.09280555555555554
0 0.5373359375 0.3415694444444445 0.053828125000000004 0.12034722222222223
0 0.462390625 0.34293055555555557 0.0319375 0.13193055555555555
0 0.16471875 0.4121388888888889 0.035671875 0.12376388888888888
0 0.29281250000000003 0.23541666666666666 0.036539062500000004 0.11820833333333333