0 0.6800078125 0.45444444444444443 0.036367187499999995 0.14041666666666666
0 0.678515625 0.4228472222222222 0.0538828125 0.09795833333333334
0 0.6770937499999999 0.6812361111111112 0.056343750000000005 0.11936111111111111
0 0.8434062499999999 0.44044444444444447 0.054171875 0.10677777777777778
0 0.5294531250000001 0.28265277777777775 0.030156250000000002 0.07183333333333333
0 0.554078125 0.33541666666666664 0.0465625 0.09823611111111112
0 0.5961953125 0.38163888888888886 0.0460390625 0.13418055555555555
0 0.5824609374999999 0.41518055555555555 0.043937500000000004 0.06356944444444444
0 0.581078125 0.45618055555555553 0.0455234375 0.11947222222222222
0 0.65596875 0.5163055555555556 0.038109375 0.11981944444444444
0 0.63846875 0.5299027777777777 0.05207031250000001 0.13251388888888888
0 0.6228906249999999 0.5887777777777778 0.058304687499999994 0.15470833333333334
0 0.60453125 0.5019166666666667 0.052351562500000004 0.13155555555555556
0 0.540390625 0.43747222222222226 0.065578125 0.12041666666666667
0 0.522515625 0.3641388888888889 0.050749999999999997 0.11177777777777778
0 0.3978828125 0.34169444444444447 0.0311640625 0.10805555555555556
0 0.40304687499999997 0.4318194444444445 0.0380546875 0.1329861111111111
0 0.4273359375 0.51275 0.053468749999999995 0.12638888888888888
0 0.4188203125 0.6362361111111111 0.05254687500000001 0.12979166666666667
0 0.33035156250000003 0.7449027777777778 0.0478984375 0.14440277777777777
0 0.2616796875 0.2895 0.036539062500000004 0.11665277777777777
0 0.13325 0.4748055555555556 0.037625 0.13981944444444444
1 0.4169296875 0.049222222222222216 0.0287578125 0.09844444444444443