0 0.7440156250000001 0.4592777777777778 0.023671875000000002 0.1000138888888889
0 0.881046875 0.4853611111111111 0.05428125 0.0985
0 0.732515625 0.47861111111111115 0.0509765625 0.08779166666666667
0 0.707625 0.2615 0.0324296875 0.086875
0 0.60375 0.8119861111111111 0.0340625 0.13231944444444443
0 0.6941796874999999 0.33875 0.0399140625 0.09138888888888888
0 0.6825390625 0.5550277777777778 0.046328125 0.07670833333333332
0 0.665359375 0.4885138888888889 0.026039062499999998 0.06591666666666667
0 0.671375 0.4657777777777778 0.0396171875 0.10099999999999999
0 0.668578125 0.42163888888888884 0.03871875 0.08219444444444444
0 0.6865703125 0.39429166666666665 0.04815625 0.11636111111111111
0 0.651109375 0.3133888888888889 0.04178125 0.099
0 0.6448750000000001 0.38331944444444443 0.027437499999999997 0.08605555555555555
0 0.6243046875 0.4660416666666667 0.0423671875 0.1151388888888889
0 0.63709375 0.5209861111111111 0.025742187500000003 0.10801388888888888
0 0.6413984375 0.57325 0.042210937500000004 0.13540277777777776
0 0.5440078125000001 0.8013194444444445 0.032296875 0.10819444444444445
0 0.5118750000000001 0.4921111111111111 0.0512421875 0.09811111111111111
0 0.53796875 0.41984722222222226 0.0428984375 0.09802777777777777
0 0.5890546875 0.21391666666666667 0.035921875 0.08895833333333333
0 0.46419531249999996 0.32926388888888886 0.034109375 0.10575
0 0.088015625 0.5101527777777778 0.0270859375 0.12309722222222222