0 0.32703906250000003 0.6285833333333333 0.044703124999999996 0.07659722222222222
0 0.3567734375 0.5573333333333333 0.047921875 0.07579166666666667
0 0.37391406250000003 0.4825416666666667 0.0474765625 0.0654861111111111
0 0.407625 0.403375 0.0441171875 0.06269444444444444
0 0.52290625 0.10830555555555556 0.01825 0.10283333333333335
0 0.532453125 0.3328333333333333 0.0258359375 0.09065277777777778
0 0.49717968749999997 0.4179861111111111 0.0193671875 0.10540277777777778
0 0.507640625 0.4722222222222222 0.0222109375 0.10833333333333334
0 0.463375 0.5970972222222223 0.0232421875 0.1141388888888889
0 0.507109375 0.8136249999999999 0.027960937499999998 0.10330555555555555
0 0.8372109375000001 0.4984722222222222 0.022453124999999997 0.10583333333333333
0 0.45999999999999996 0.10629166666666667 0.0362578125 0.08758333333333333
0 0.3496953125 0.2591527777777778 0.036851562500000004 0.08495833333333333
0 0.348546875 0.3256805555555556 0.03771875 0.08473611111111111
0 0.224078125 0.6846111111111112 0.04559375 0.08311111111111112
0 0.1675546875 0.5164166666666666 0.0242734375 0.11061111111111112
0 0.203578125 0.4529166666666667 0.014960937499999999 0.11918055555555555
0 0.2678203125 0.5518333333333333 0.0487421875 0.07590277777777778
0 0.2909921875 0.5070833333333333 0.028953125000000003 0.06970833333333333
0 0.323828125 0.50425 0.0382734375 0.07516666666666666
0 0.3183515625 0.44648611111111114 0.0320546875 0.042972222222222224
0 0.329171875 0.40395833333333336 0.03071875 0.044013888888888894