0 0.1722109375 0.47130555555555553 0.0328125 0.10502777777777779
0 0.1785859375 0.4254861111111111 0.0289921875 0.10097222222222223
0 0.2697109375 0.846375 0.0364765625 0.11677777777777777
0 0.28397656250000003 0.7110416666666667 0.048109374999999996 0.11363888888888887
0 0.3326015625 0.27811111111111114 0.033453125 0.11443055555555556
0 0.31727343750000003 0.107875 0.030632812500000002 0.09773611111111112
0 0.487375 0.7978055555555555 0.0364140625 0.13056944444444446
0 0.538609375 0.6412361111111111 0.025460937500000003 0.11434722222222223
0 0.7112890625 0.43548611111111113 0.03725 0.10919444444444446
0 0.5074375 0.4994166666666666 0.032007812499999996 0.10037499999999999
0 0.5059609375 0.37543055555555555 0.0282578125 0.10627777777777778
0 0.51728125 0.18541666666666667 0.019015625 0.11329166666666665
0 0.4346875 0.28347222222222224 0.027945312500000003 0.10369444444444444
0 0.392953125 0.3674305555555556 0.024359375 0.11434722222222223
0 0.37596875 0.45361111111111113 0.029312500000000002 0.11658333333333333
0 0.368421875 0.5542222222222223 0.03771875 0.09394444444444444
0 0.36046875 0.6229027777777778 0.042453125 0.11926388888888889
0 0.2727734375 0.5747222222222222 0.050007812500000005 0.10850000000000001
0 0.29235937500000003 0.5235694444444445 0.0447421875 0.05111111111111111
0 0.313703125 0.46552777777777776 0.02415625 0.10911111111111112
0 0.29293749999999996 0.37608333333333327 0.027960937499999998 0.10931944444444444
0 0.29071875 0.44597222222222227 0.036796875 0.08423611111111111