1 0.05647656250000001 0.45422222222222225 0.01484375 0.07376388888888889
1 0.1926953125 0.3863888888888889 0.019765625000000002 0.06333333333333334
1 0.59375 0.30277777777777776 0.0140625 0.06111111111111111
1 0.1053203125 0.751 0.022765625 0.07854166666666666
0 0.18653906250000002 0.45243055555555556 0.02446875 0.07297222222222222
0 0.12053906249999999 0.46123611111111107 0.025507812499999998 0.06691666666666667
0 0.19765625 0.5020833333333333 0.028125 0.06805555555555555
0 0.27528125000000003 0.5735277777777777 0.028203125000000002 0.07101388888888889
0 0.22453125 0.6436944444444445 0.03753125 0.06973611111111111
0 0.3674140625 0.5226388888888889 0.0234375 0.07083333333333333
0 0.38253125 0.4780277777777778 0.02325 0.06920833333333333
0 0.6418984375 0.5117083333333333 0.02378125 0.06673611111111111
0 0.684109375 0.4585138888888889 0.0200859375 0.06175
0 0.786328125 0.41041666666666665 0.02421875 0.05416666666666667
0 0.7185234375 0.6489166666666667 0.0229765625 0.0756111111111111
0 0.5716953124999999 0.6975138888888889 0.029406250000000002 0.07752777777777778
0 0.53828125 0.6852916666666667 0.032234374999999996 0.08752777777777779
0 0.22517187500000002 0.6260972222222223 0.0309453125 0.06093055555555555
0 0.490234375 0.45694444444444443 0.01953125 0.07777777777777778
0 0.7475390625 0.3977083333333334 0.018921874999999998 0.06418055555555556
0 0.6563203125 0.5073333333333333 0.0203125 0.07361111111111111
0 0.2294765625 0.442875 0.018796874999999998 0.07144444444444444
0 0.25078125 0.4673611111111111 0.01875 0.07083333333333333
0 0.33821093750000003 0.47709722222222223 0.025171875 0.07359722222222223
0 0.24450781250000003 0.5412916666666667 0.0251328125 0.07261111111111111
0 0.3343671875 0.46868055555555554 0.01559375 0.07870833333333334