0 0.318703125 0.5835416666666666 0.0391640625 0.10597222222222222
0 0.22405468750000002 0.42047222222222225 0.028453125000000003 0.09651388888888889
0 0.43492968750000005 0.27975 0.0317109375 0.10672222222222223
0 0.492125 0.15097222222222223 0.022 0.08529166666666667
0 0.50528125 0.33016666666666666 0.0206875 0.08812500000000001
0 0.563796875 0.37104166666666666 0.04271875 0.07265277777777777
0 0.562703125 0.43191666666666667 0.033210937499999996 0.07504166666666667
0 0.5701171875 0.4820555555555555 0.0382109375 0.08404166666666667
0 0.597390625 0.5272222222222223 0.03853125 0.08443055555555555
0 0.6075546875 0.6123194444444444 0.040109375 0.09481944444444444
0 0.6045 0.7483472222222222 0.024625 0.10054166666666667
0 0.6616875 0.7296666666666667 0.0327578125 0.09265277777777776
0 0.7358203125 0.5420416666666666 0.0153828125 0.08686111111111111
0 0.5624609375 0.3258333333333333 0.0202421875 0.04056944444444444
0 0.5804140624999999 0.2603611111111111 0.038953125 0.08184722222222222
0 0.5537421874999999 0.13480555555555557 0.035609375 0.08073611111111112
0 0.6188671875 0.3886805555555556 0.029921874999999997 0.07456944444444444
0 0.61178125 0.4215138888888889 0.026687499999999996 0.04859722222222222
0 0.6173124999999999 0.4733611111111111 0.0231875 0.06718055555555555
0 0.6407578125 0.5073611111111112 0.0190234375 0.08416666666666667
0 0.659984375 0.5504722222222221 0.03940625 0.08793055555555555
0 0.7093203124999999 0.4636388888888889 0.032703125 0.09948611111111111
1 0.493421875 0.030555555555555555 0.041281250000000005 0.06111111111111111
1 0.9191171875 0.28181944444444446 0.0445859375 0.08358333333333333