0 0.1639375 0.30341666666666667 0.031125000000000003 0.1364861111111111
0 0.18648437499999998 0.27737500000000004 0.031570312499999996 0.11427777777777778
0 0.12787500000000002 0.461625 0.0438125 0.12813888888888889
0 0.20109375 0.4332638888888889 0.055546874999999996 0.1124861111111111
0 0.3834140625 0.2401388888888889 0.042265625 0.11320833333333334
0 0.3765625 0.20318055555555553 0.0489765625 0.09030555555555556
0 0.317890625 0.30094444444444446 0.0374765625 0.09368055555555556
0 0.298609375 0.30277777777777776 0.03653125 0.05547222222222222
0 0.303453125 0.355375 0.0386328125 0.08675000000000001
0 0.25973437499999996 0.36750000000000005 0.041171875000000004 0.09558333333333333
0 0.228515625 0.3814027777777778 0.03915625 0.09444444444444444
0 0.28328125000000004 0.4499722222222223 0.0570625 0.08894444444444445
0 0.32995312499999996 0.40308333333333335 0.05696875 0.08897222222222223
0 0.36931250000000004 0.34947222222222224 0.0526875 0.08727777777777779
0 0.4203359375 0.2722777777777778 0.0497734375 0.10094444444444445
0 0.4775390625 0.40275000000000005 0.0344609375 0.11273611111111112
0 0.3515390625 0.4878611111111111 0.030343750000000003 0.13054166666666667
0 0.399015625 0.5590277777777778 0.0356953125 0.13705555555555557
0 0.523296875 0.33319444444444446 0.033890625 0.11280555555555555
0 0.5198125 0.2620138888888889 0.032218750000000004 0.09729166666666667
0 0.67865625 0.2203888888888889 0.0332265625 0.110875
0 0.8614453125000001 0.43575 0.0394765625 0.1284861111111111
1 0.5950859375 0.049263888888888885 0.0248515625 0.09852777777777777
1 0.02278125 0.16152777777777777 0.03409375 0.10640277777777778