0 0.21370312500000002 0.43993055555555555 0.02103125 0.07154166666666667
0 0.20835937499999999 0.3802083333333333 0.01921875 0.057652777777777775
0 0.255140625 0.41458333333333336 0.02878125 0.07084722222222221
0 0.29321875 0.4486805555555556 0.0182421875 0.061236111111111116
0 0.27439843750000004 0.48015277777777776 0.022234375 0.06309722222222222
0 0.249734375 0.49606944444444445 0.01978125 0.06063888888888888
0 0.264796875 0.5256111111111111 0.021968750000000002 0.07655555555555556
0 0.3429609375 0.4567083333333333 0.039046874999999995 0.08009722222222222
0 0.2259921875 0.3672916666666666 0.019171874999999998 0.05679166666666667
0 0.2788828125 0.4123888888888889 0.015578125000000002 0.06366666666666668
0 0.378859375 0.1550277777777778 0.021976562499999998 0.026708333333333334
0 0.5260546875000001 0.33152777777777775 0.020859375 0.043625
0 0.602 0.4127916666666666 0.025875 0.056124999999999994
0 0.667046875 0.21548611111111113 0.0169140625 0.05319444444444444
0 0.8352187499999999 0.5728472222222222 0.0173046875 0.06515277777777777
0 0.6834296875 0.606111111111111 0.029359375 0.0761111111111111
0 0.6692812499999999 0.7585138888888889 0.03075 0.07813888888888888
0 0.6167109375 0.7410694444444446 0.027515625 0.08768055555555555
0 0.501046875 0.7603055555555555 0.026023437500000003 0.07894444444444446
0 0.44678125 0.4633194444444444 0.0248203125 0.07108333333333333
0 0.37775 0.18602777777777776 0.017937500000000002 0.04427777777777778
1 0.5109609374999999 0.9631944444444445 0.0266015625 0.07361111111111111
1 0.0201171875 0.3821666666666667 0.0222734375 0.09677777777777778
1 0.2735390625 0.10273611111111111 0.021671875 0.06675