0 0.23115625 0.4988194444444444 0.0236328125 0.10041666666666667
0 0.29246875 0.5051805555555556 0.0338125 0.07702777777777778
0 0.41168750000000004 0.7314305555555556 0.051617187499999995 0.12397222222222223
0 0.373484375 0.19470833333333332 0.0295859375 0.086625
0 0.3942734375 0.40520833333333334 0.029656250000000002 0.057430555555555554
1 0.015234375 0.3137916666666667 0.03046875 0.11130555555555556
1 0.3966796875 0.07520833333333334 0.0316328125 0.08291666666666667
1 0.8327500000000001 0.0638611111111111 0.028000000000000004 0.09172222222222223
0 0.3958671875 0.5553333333333333 0.0348203125 0.069
0 0.4002109375 0.5042916666666666 0.044890625 0.036375000000000005
0 0.42028906250000003 0.47866666666666663 0.021921875 0.06566666666666666
0 0.3941875 0.4691111111111111 0.0258828125 0.047875
0 0.39773437500000003 0.43869444444444444 0.0310859375 0.024611111111111108
0 0.4724921875 0.5697500000000001 0.034046875 0.12837500000000002
0 0.47503906249999994 0.4880138888888889 0.034445312500000005 0.04825
0 0.46186718750000005 0.42277777777777775 0.0268671875 0.07334722222222223
0 0.4628046875 0.36759722222222224 0.027171875 0.06854166666666667
0 0.47509375 0.19556944444444443 0.0283203125 0.09390277777777778
0 0.57059375 0.3678333333333333 0.0271328125 0.09679166666666666
0 0.5486875 0.451 0.022375 0.1118888888888889
0 0.5796328125 0.4834861111111111 0.0251015625 0.11358333333333334
0 0.5728046875 0.695236111111111 0.026859375 0.12381944444444445
0 0.6601328125 0.43459722222222225 0.0186953125 0.10580555555555557
0 0.733859375 0.47047222222222224 0.0239765625 0.1103888888888889
1 0.4682578125 0.9305277777777778 0.030257812499999998 0.052722222222222226
0 0.401078125 0.4154722222222222 0.0306640625 0.042069444444444444