0 0.749703125 0.25206944444444446 0.0416015625 0.14025
0 0.9095078125 0.3866111111111111 0.039320312499999996 0.1509861111111111
0 0.7074609374999999 0.771611111111111 0.058671875 0.16266666666666668
0 0.585671875 0.5213194444444444 0.0369765625 0.15930555555555556
0 0.611984375 0.35441666666666666 0.04165625 0.1356111111111111
0 0.5303828125 0.34655555555555556 0.060765625000000004 0.12366666666666667
0 0.486703125 0.44798611111111114 0.05778124999999999 0.09874999999999999
0 0.4514296875 0.5132638888888889 0.047140625000000005 0.10958333333333334
0 0.4142265625 0.6025833333333334 0.054359375 0.12538888888888888
0 0.38725 0.673 0.0723671875 0.140125
0 0.470078125 0.7924305555555555 0.0457890625 0.162375
0 0.258796875 0.6843611111111111 0.057398437499999996 0.110375
0 0.081703125 0.41909722222222223 0.04440625 0.13819444444444445
0 0.38270312500000003 0.30530555555555555 0.0455390625 0.12173611111111111
0 0.4586796875 0.2634444444444445 0.05452343750000001 0.15466666666666667
0 0.30078125 0.6435555555555555 0.046875 0.0898888888888889
0 0.330609375 0.5924722222222222 0.04503125 0.09604166666666668
0 0.36038281250000004 0.5428472222222223 0.0448671875 0.10790277777777778
0 0.39634375 0.4908333333333333 0.046375 0.08722222222222221
0 0.3956875 0.43234722222222227 0.0508203125 0.05636111111111111
0 0.40928906249999997 0.40066666666666667 0.04196875 0.08702777777777777
0 0.3532578125 0.4590416666666667 0.0403515625 0.07641666666666667