0 0.0871328125 0.3725277777777778 0.040625 0.1361111111111111
0 0.22618749999999999 0.1820277777777778 0.0523125 0.14713888888888887
0 0.231640625 0.5020833333333333 0.06015625 0.14305555555555555
0 0.253125 0.8694444444444445 0.06875 0.14444444444444443
0 0.29021875 0.21722222222222223 0.0463515625 0.04868055555555555
0 0.29396093749999996 0.24130555555555558 0.04675 0.04775
0 0.27740624999999997 0.39079166666666665 0.05215625 0.12430555555555556
0 0.2870390625 0.36130555555555555 0.050078124999999994 0.10365277777777777
0 0.31134375 0.32691666666666663 0.055359375 0.12341666666666666
0 0.29196093749999996 0.28356944444444443 0.0498828125 0.08044444444444444
0 0.382765625 0.16722222222222222 0.053484374999999994 0.10711111111111112
0 0.374578125 0.20954166666666668 0.04140625 0.09395833333333334
0 0.378046875 0.2921388888888889 0.067671875 0.09559722222222222
0 0.37975 0.38058333333333333 0.0731796875 0.09302777777777778
0 0.376203125 0.45029166666666665 0.057984375 0.13429166666666667
0 0.3671875 0.8722222222222222 0.04375 0.16111111111111112
0 0.48001562499999995 0.47727777777777775 0.03984375 0.15454166666666666
0 0.545546875 0.3673472222222222 0.038296875 0.14301388888888888
0 0.544015625 0.2954583333333333 0.037593749999999995 0.14095833333333332
0 0.482609375 0.2787777777777778 0.0476015625 0.15286111111111111
0 0.914453125 0.4152777777777778 0.03671875 0.1527777777777778
0 0.126203125 0.3047361111111111 0.051203125 0.15113888888888888