0 0.1908125 0.4356527777777778 0.0268515625 0.1093888888888889
0 0.1948984375 0.5252222222222223 0.0387734375 0.11393055555555556
0 0.380328125 0.6832222222222223 0.0362109375 0.11644444444444445
0 0.40894531250000005 0.6449583333333333 0.0347890625 0.11929166666666667
0 0.260765625 0.24493055555555554 0.04096875 0.11287499999999999
0 0.29184375 0.2797222222222222 0.039078125000000005 0.10706944444444445
0 0.305921875 0.36569444444444443 0.0421796875 0.08854166666666667
0 0.32156250000000003 0.4067222222222222 0.0399140625 0.07933333333333333
0 0.3467734375 0.4261944444444445 0.040828125 0.050805555555555555
0 0.34469531249999996 0.4588055555555555 0.0315859375 0.06047222222222222
0 0.3474453125 0.5173472222222222 0.0408671875 0.10419444444444444
0 0.7835859375 0.6707777777777777 0.035921875 0.1312361111111111
0 0.594140625 0.6073472222222223 0.025343749999999998 0.15120833333333333
0 0.8370468750000001 0.5165 0.04240625 0.12426388888888888
0 0.7131015625 0.22527777777777777 0.0244140625 0.11722222222222223
0 0.5022031250000001 0.1403472222222222 0.0311875 0.12593055555555555
0 0.46484375 0.2990277777777778 0.0278984375 0.09805555555555555
0 0.46371874999999996 0.403625 0.041273437499999996 0.12073611111111113
0 0.42825781249999995 0.5406388888888889 0.048484375 0.10905555555555554
0 0.408484375 0.48747222222222225 0.0334765625 0.08606944444444445
0 0.3843515625 0.39737500000000003 0.0365546875 0.10825
0 0.3688828125 0.3330694444444445 0.052500000000000005 0.05898611111111111
1 0.24720312500000002 0.03175 0.0278828125 0.06348611111111112