0 0.3693515625 0.39897222222222223 0.038578125000000005 0.15140277777777778
0 0.3843046875 0.2635972222222222 0.033234375 0.1302361111111111
0 0.47824999999999995 0.1833611111111111 0.061203125000000004 0.13672222222222222
0 0.24485937500000002 0.38983333333333337 0.045109375 0.10956944444444444
0 0.1366484375 0.356125 0.0432421875 0.1327222222222222
0 0.21077343750000002 0.7396111111111111 0.0592890625 0.16619444444444445
0 0.32484375 0.4875833333333333 0.0527109375 0.11870833333333333
0 0.3522734375 0.4515138888888889 0.05134375 0.09709722222222222
0 0.4042109375 0.41047222222222224 0.05239843749999999 0.10919444444444446
0 0.39675 0.35211111111111115 0.044906249999999995 0.06130555555555556
0 0.40909375 0.2948472222222222 0.0528203125 0.07173611111111111
0 0.5225703125 0.2993194444444444 0.041828125 0.13483333333333333
0 0.48309375 0.38049999999999995 0.051375000000000004 0.10176388888888889
0 0.463265625 0.44031944444444443 0.052460937500000006 0.11
0 0.40734375 0.5481527777777778 0.0618515625 0.11831944444444444
0 0.3806953125 0.7622222222222221 0.0386015625 0.1797638888888889
0 0.54640625 0.48337499999999994 0.0313125 0.17423611111111112
0 0.6231093750000001 0.413875 0.045140625000000004 0.134125
0 0.6115390625 0.33895833333333336 0.0372890625 0.14545833333333333
0 0.6527578125 0.24883333333333332 0.023921875000000002 0.15793055555555555
0 0.695546875 0.5708888888888889 0.0361015625 0.17284722222222224
0 0.792390625 0.19798611111111114 0.03396875 0.14552777777777778