0 0.4384140625 0.5065555555555556 0.03446875 0.08518055555555555
0 0.289609375 0.5515416666666667 0.0332421875 0.09945833333333333
0 0.27628906249999996 0.18159722222222222 0.036859375 0.08811111111111111
0 0.50621875 0.6592638888888889 0.0425078125 0.10972222222222222
0 0.520421875 0.6286944444444444 0.040109375 0.11444444444444445
0 0.471703125 0.6151944444444445 0.0360625 0.09558333333333333
0 0.403984375 0.4308472222222222 0.04084375 0.0937361111111111
0 0.427953125 0.47194444444444444 0.04034375 0.07008333333333333
0 0.46814062500000003 0.4986527777777777 0.034648437500000004 0.06429166666666666
0 0.4730546875 0.5421805555555556 0.0369296875 0.058041666666666665
0 0.481921875 0.58675 0.0464453125 0.09155555555555556
0 0.567171875 0.5795694444444445 0.0374453125 0.10045833333333333
0 0.5352578125 0.552 0.038015625 0.0758611111111111
0 0.5081875 0.48041666666666666 0.0434296875 0.07445833333333333
0 0.44663281250000003 0.37493055555555554 0.0273046875 0.08956944444444444
0 0.426828125 0.16166666666666668 0.022 0.10083333333333333
0 0.539046875 0.3967638888888889 0.029445312499999998 0.0937638888888889
0 0.6071328125 0.4025555555555555 0.028359375 0.11611111111111111
0 0.6291328125 0.5341111111111111 0.031984374999999995 0.11725000000000001
0 0.61878125 0.6516388888888889 0.0415625 0.11547222222222223
0 0.71540625 0.6536388888888889 0.0248828125 0.11586111111111111
0 0.7062578125 0.4247222222222222 0.021718750000000002 0.10122222222222221
1 0.9454453125000001 0.3451666666666667 0.0251796875 0.1072361111111111
1 0.19429687499999998 0.9202083333333333 0.036796875 0.13406944444444444
1 0.090234375 0.4401805555555556 0.0322265625 0.10468055555555557