1 0.8862500000000001 0.5904583333333333 0.0288359375 0.09290277777777778
1 0.8833515625 0.27805555555555556 0.021249999999999998 0.07881944444444444
1 0.563390625 0.09840277777777777 0.02278125 0.061138888888888895
1 0.0990078125 0.04476388888888889 0.02296875 0.0652361111111111
0 0.6278515625 0.4475138888888889 0.0351328125 0.08847222222222223
0 0.6124296874999999 0.43490277777777775 0.026234374999999997 0.063125
0 0.6155625 0.5522361111111111 0.0203359375 0.0889861111111111
0 0.5203984375 0.22947222222222222 0.0304140625 0.06227777777777778
0 0.49037499999999995 0.5891666666666666 0.0245625 0.07122222222222223
0 0.5732890625 0.4464027777777778 0.01846875 0.08930555555555555
0 0.556078125 0.5148472222222222 0.0295703125 0.07029166666666667
0 0.5223203125 0.4822361111111111 0.030375000000000003 0.06026388888888889
0 0.5268515625 0.4626111111111111 0.0325859375 0.05091666666666666
0 0.5095859375 0.42266666666666663 0.0286015625 0.07534722222222222
0 0.5384375 0.3923194444444445 0.0275703125 0.076
0 0.47178906249999997 0.6108194444444445 0.02471875 0.08715277777777777
0 0.22609374999999998 0.6508888888888889 0.0253046875 0.08848611111111111
0 0.36827343749999997 0.20755555555555555 0.0188671875 0.06319444444444444
0 0.2416953125 0.354875 0.020710937500000002 0.08393055555555555
0 0.4553984375 0.46144444444444443 0.0235 0.08629166666666667
0 0.540296875 0.5309305555555556 0.0163046875 0.09448611111111112
0 0.5025078125 0.5028055555555555 0.0283203125 0.0910138888888889
0 0.48432812500000005 0.42688888888888893 0.034375 0.08447222222222223
0 0.5623984375 0.3670555555555555 0.0238515625 0.07708333333333334
0 0.51909375 0.39848611111111115 0.0247109375 0.07686111111111112
0 0.064359375 0.5025138888888889 0.025656250000000002 0.07727777777777778