0 0.0872890625 0.6496805555555555 0.047296875 0.14102777777777778
0 0.1996875 0.3414861111111111 0.0521953125 0.13574999999999998
0 0.1723359375 0.18319444444444447 0.0537734375 0.13027777777777777
0 0.2556953125 0.5083749999999999 0.044859375 0.14729166666666665
0 0.4235390625 0.7413194444444444 0.054484374999999995 0.11876388888888889
0 0.4051484375 0.6989027777777778 0.06 0.12004166666666667
0 0.3910234375 0.6466805555555556 0.050765625 0.08502777777777777
0 0.3978984375 0.5856527777777778 0.0495234375 0.04630555555555556
0 0.3528515625 0.5761111111111111 0.0614765625 0.11054166666666668
0 0.320796875 0.5415694444444444 0.0615390625 0.11094444444444444
0 0.1924765625 0.6069444444444444 0.052554687499999996 0.17220833333333332
0 0.377 0.4313055555555556 0.0446328125 0.14594444444444443
0 0.4349765625 0.5325277777777778 0.054328125000000005 0.09561111111111112
0 0.4830078125 0.6134027777777777 0.0527265625 0.09070833333333334
0 0.5085234375 0.6712083333333333 0.045171875 0.08815277777777777
0 0.5440625 0.7759166666666666 0.0399921875 0.14261111111111113
0 0.6036718750000001 0.5537777777777778 0.0432734375 0.13256944444444446
0 0.5216171875 0.41570833333333335 0.0401015625 0.1480972222222222
0 0.5144765625 0.14648611111111112 0.030515625 0.12352777777777778
0 0.6503046875 0.2447222222222222 0.0396640625 0.13390277777777776
0 0.724796875 0.6524722222222222 0.04021875 0.1493888888888889
0 0.9136093750000001 0.4298888888888889 0.039718750000000004 0.13756944444444444