0 0.113203125 0.4071111111111111 0.0376484375 0.11977777777777777
0 0.3012890625 0.5798472222222222 0.0380546875 0.09580555555555556
0 0.21857031249999997 0.8379166666666666 0.05192187499999999 0.12305555555555554
0 0.36875 0.142625 0.028125 0.11859722222222223
0 0.40307812500000006 0.18843055555555555 0.0469609375 0.10741666666666667
0 0.3666953125 0.33638888888888885 0.046296875 0.06443055555555556
0 0.3567734375 0.3814444444444444 0.0426953125 0.040652777777777774
0 0.3548671875 0.4397638888888889 0.042562499999999996 0.07394444444444445
0 0.3327109375 0.4904305555555556 0.0369609375 0.07530555555555556
0 0.3146875 0.5118055555555555 0.034265625 0.08794444444444445
0 0.3213125 0.4115972222222223 0.0308125 0.08154166666666667
0 0.44765625 0.3217361111111111 0.0578125 0.06013888888888889
0 0.427546875 0.3930694444444444 0.048843750000000005 0.08613888888888889
0 0.41128125000000004 0.4652222222222222 0.049125 0.08879166666666667
0 0.40053906250000004 0.5797777777777777 0.058882812500000006 0.08179166666666667
0 0.3521875 0.8591944444444445 0.03875 0.12118055555555556
0 0.49192187499999995 0.5118055555555555 0.0385390625 0.10140277777777779
0 0.5298046875 0.41730555555555554 0.050234375 0.12072222222222223
0 0.5557734375 0.19734722222222223 0.028734375 0.10023611111111111
0 0.67334375 0.15022222222222223 0.038875 0.09766666666666665
0 0.7893984374999999 0.4788472222222222 0.036617187499999995 0.11045833333333334
0 0.580171875 0.6203194444444444 0.04471875 0.12954166666666667