0 0.248046875 0.46944444444444444 0.03203125 0.10277777777777777
0 0.341796875 0.30833333333333335 0.03203125 0.11666666666666667
0 0.39378125 0.3203333333333333 0.0327421875 0.060097222222222225
0 0.4072265625 0.3475833333333333 0.035546875 0.05627777777777778
0 0.472265625 0.8340277777777778 0.04921875 0.12083333333333333
0 0.4265625 0.5388888888888889 0.040625 0.08611111111111111
0 0.4266015625 0.5044861111111112 0.0394921875 0.0813611111111111
0 0.439015625 0.4573333333333333 0.03896875 0.07022222222222223
0 0.409765625 0.41927777777777775 0.03984375 0.06077777777777778
0 0.4111640625 0.38361111111111107 0.043296875 0.056124999999999994
0 0.4 0.4527777777777778 0.03125 0.09444444444444444
0 0.50546875 0.5840277777777778 0.0484375 0.10416666666666667
0 0.49296875 0.5201388888888889 0.046875 0.06527777777777778
0 0.4828125 0.45694444444444443 0.0375 0.06388888888888888
0 0.4796875 0.4027777777777778 0.0484375 0.06388888888888888
0 0.479296875 0.3326388888888889 0.02265625 0.07083333333333333
0 0.4546875 0.28541666666666665 0.0234375 0.10694444444444444
0 0.55078125 0.25833333333333336 0.0234375 0.10833333333333334
0 0.603125 0.3763888888888889 0.01875 0.10833333333333334
0 0.59296875 0.4152777777777778 0.0203125 0.10277777777777777
0 0.715625 0.7583333333333333 0.028125 0.11944444444444445
0 0.722265625 0.35 0.02421875 0.10555555555555556