0 0.528203125 0.18352777777777776 0.026726562500000002 0.09204166666666666
0 0.6679062499999999 0.33243055555555556 0.020179687499999998 0.10930555555555556
0 0.609359375 0.4313472222222222 0.027218750000000003 0.08701388888888889
0 0.577828125 0.5218055555555555 0.028726562500000004 0.10081944444444445
0 0.49734375000000003 0.6381944444444444 0.0256328125 0.10415277777777777
0 0.4662109375 0.7992916666666667 0.022265625 0.11530555555555555
0 0.45688281249999996 0.5050833333333333 0.046578125 0.07683333333333334
0 0.48276562500000003 0.4631805555555556 0.056343750000000005 0.06806944444444445
0 0.4850625 0.3976527777777778 0.042007812500000005 0.0647638888888889
0 0.4943046875 0.31958333333333333 0.0417421875 0.06418055555555556
0 0.46589843750000004 0.17677777777777778 0.0385078125 0.08534722222222223
0 0.31037499999999996 0.43854166666666666 0.032375 0.09097222222222222
0 0.3457578125 0.4729027777777778 0.0350546875 0.11526388888888889
0 0.3421015625 0.6333194444444444 0.0439140625 0.08052777777777777
0 0.32160937500000003 0.7862083333333334 0.04896875 0.1057638888888889
0 0.3934140625 0.47 0.036617187499999995 0.0761111111111111
0 0.4117578125 0.4338888888888889 0.0313984375 0.06740277777777778
0 0.43537499999999996 0.40938888888888886 0.0308125 0.06601388888888889
0 0.42214843750000003 0.3671666666666667 0.035398437500000005 0.042666666666666665
0 0.42274218750000003 0.33743055555555557 0.034195312500000005 0.03040277777777778
0 0.3265 0.3787777777777778 0.0204375 0.102
1 0.0788828125 0.223875 0.0328671875 0.09115277777777778
1 0.5376953125 0.0375 0.026960937499999997 0.075
0 0.8697968749999999 0.5718194444444444 0.03178125 0.118625