0 0.66959375 0.42443055555555553 0.0326640625 0.10769444444444445
0 0.824046875 0.37306944444444445 0.027273437499999997 0.11580555555555555
0 0.8336953125000001 0.7770833333333333 0.050453125 0.10650000000000001
0 0.576671875 0.2183888888888889 0.0351328125 0.10891666666666668
0 0.554734375 0.23377777777777778 0.03540625 0.09811111111111111
0 0.598609375 0.34179166666666666 0.038906249999999996 0.06943055555555556
0 0.617859375 0.37604166666666666 0.0356875 0.06402777777777778
0 0.63078125 0.40995833333333337 0.0420390625 0.06723611111111111
0 0.6410312499999999 0.4610694444444445 0.0374609375 0.07990277777777778
0 0.6820390625 0.4904305555555556 0.0380625 0.08270833333333333
0 0.7084453125 0.5282916666666667 0.042890625 0.07938888888888888
0 0.708171875 0.8015972222222222 0.038554687500000004 0.12358333333333334
0 0.6745234375 0.6154444444444445 0.0451171875 0.08286111111111111
0 0.601890625 0.5469444444444445 0.02971875 0.10902777777777778
0 0.6177109375 0.5057916666666666 0.0399453125 0.07647222222222222
0 0.571140625 0.41865277777777776 0.050031250000000006 0.07008333333333333
0 0.5216171875 0.32894444444444443 0.0561875 0.07209722222222222
0 0.4706953125 0.289875 0.026171875 0.11105555555555555
0 0.4938515625 0.4835277777777778 0.0344296875 0.10655555555555556
0 0.42368750000000005 0.37583333333333335 0.03046875 0.11879166666666667
0 0.337640625 0.21455555555555555 0.0259140625 0.11577777777777777
0 0.1711875 0.5781944444444445 0.029312500000000002 0.11934722222222223
1 0.9239375000000001 0.14706944444444445 0.0205546875 0.10481944444444444