0 0.8272656250000001 0.504 0.04159375 0.14504166666666668
0 0.8388671875 0.6155416666666667 0.041249999999999995 0.13305555555555554
0 0.6731953125000001 0.7527083333333334 0.048609374999999996 0.1385
0 0.711015625 0.3420416666666667 0.048171874999999996 0.12218055555555556
0 0.6785390625 0.30133333333333334 0.043 0.1244861111111111
0 0.715765625 0.2453611111111111 0.0448984375 0.111125
0 0.6916328125 0.625 0.0565078125 0.11976388888888889
0 0.6881484375 0.5740833333333333 0.045906249999999996 0.10002777777777777
0 0.6635234375 0.5317361111111112 0.044664062500000004 0.09744444444444444
0 0.6859453125 0.4821666666666667 0.0333671875 0.10134722222222223
0 0.7083203124999999 0.43244444444444446 0.061796874999999994 0.10655555555555556
0 0.59809375 0.35659722222222223 0.050875000000000004 0.115875
0 0.6011953125 0.4629166666666667 0.0600703125 0.08538888888888889
0 0.60696875 0.5554305555555555 0.053054687499999996 0.09816666666666668
0 0.5799531250000001 0.6997222222222222 0.05775 0.11945833333333335
0 0.5450234375 0.5215694444444444 0.04290625 0.12865277777777778
0 0.42859375 0.6214583333333333 0.024210937499999998 0.14327777777777778
0 0.5001484375 0.371125 0.024890625 0.14330555555555557
0 0.45925000000000005 0.2642638888888889 0.023734375 0.12763888888888889
0 0.3981015625 0.2129861111111111 0.025734374999999997 0.12005555555555555
0 0.263953125 0.33125 0.02815625 0.1360138888888889
0 0.26275 0.7396111111111111 0.03871875 0.12841666666666665