0 0.173734375 0.6777083333333334 0.0416015625 0.10819444444444445
0 0.3594609375 0.4853611111111111 0.0404609375 0.09295833333333334
0 0.3538515625 0.41120833333333334 0.037296875 0.09463888888888888
0 0.5599375 0.19905555555555554 0.0316953125 0.07031944444444445
0 0.5130859375 0.237375 0.0285234375 0.0775138888888889
0 0.371859375 0.3130277777777778 0.02190625 0.10106944444444443
0 0.41993749999999996 0.37070833333333336 0.0429296875 0.08031944444444444
0 0.4450546875 0.35220833333333335 0.020828125 0.057194444444444444
0 0.4696328125 0.35475 0.027914062499999996 0.06505555555555556
0 0.47097656250000003 0.30772222222222223 0.029921874999999997 0.04045833333333333
0 0.47654687500000004 0.28604166666666664 0.029640624999999997 0.044305555555555556
1 0.16211718749999998 0.18691666666666668 0.025765624999999997 0.09005555555555556
1 0.676453125 0.09065277777777778 0.024773437500000002 0.07425
1 0.12315625 0.8068333333333333 0.0255625 0.07755555555555556
0 0.464546875 0.6926527777777778 0.033773437499999996 0.12580555555555556
0 0.43078125 0.4657638888888889 0.0209375 0.10654166666666666
0 0.46060156250000006 0.42251388888888886 0.036609375 0.08275
0 0.49828124999999995 0.37755555555555553 0.0331171875 0.08379166666666667
0 0.5230937499999999 0.3423611111111111 0.0272578125 0.08748611111111111
0 0.5408906250000001 0.31122222222222223 0.03540625 0.07477777777777778
0 0.5625546875 0.282875 0.035828125 0.07037500000000001
0 0.5727265625 0.2520833333333333 0.018890625 0.06806944444444445
0 0.6616171875 0.2137222222222222 0.0169921875 0.08299999999999999
0 0.7181328125 0.5352777777777777 0.028453125000000003 0.10943055555555556
0 0.833234375 0.34700000000000003 0.02415625 0.08934722222222222