0 0.6555 0.38230555555555557 0.0366875 0.07052777777777777
0 0.71984375 0.4711666666666667 0.0330625 0.14220833333333333
0 0.6791953125 0.7636249999999999 0.05696875 0.14677777777777778
0 0.9159609375000001 0.3905833333333334 0.0402890625 0.12177777777777779
0 0.6385 0.2890416666666667 0.042812499999999996 0.07294444444444445
0 0.6538984375 0.48425 0.0489375 0.10929166666666666
0 0.6484140625 0.4475555555555556 0.049625 0.09495833333333334
0 0.619859375 0.4152638888888889 0.0467421875 0.09209722222222222
0 0.6319296875 0.3653472222222222 0.037265625000000004 0.052013888888888894
0 0.6311953124999999 0.3287777777777778 0.042296875 0.04636111111111112
0 0.62284375 0.3121388888888889 0.0440390625 0.06708333333333333
0 0.5681093749999999 0.5236944444444445 0.0632734375 0.09493055555555555
0 0.5440390625 0.7741111111111111 0.0354921875 0.1542361111111111
0 0.5080390625 0.5220138888888889 0.0335078125 0.13977777777777778
0 0.5536484374999999 0.434375 0.0509765625 0.09947222222222223
0 0.5526015625 0.36923611111111115 0.057406250000000006 0.081
0 0.55378125 0.32579166666666665 0.0507109375 0.09054166666666666
0 0.46876562499999996 0.47052777777777777 0.036367187499999995 0.12163888888888888
0 0.46602343749999997 0.37180555555555556 0.031015625 0.12855555555555556
0 0.422640625 0.3165972222222222 0.0286328125 0.13802777777777778
0 0.44157812500000004 0.2109166666666667 0.0350546875 0.12491666666666666
0 0.1032265625 0.4431944444444445 0.036359375 0.13968055555555556