0 0.732328125 0.3318611111111111 0.0427890625 0.12994444444444445
0 0.79115625 0.409625 0.03821875 0.11327777777777778
0 0.7261562500000001 0.8276527777777777 0.056625 0.13040277777777778
0 0.6162265625 0.10637500000000001 0.044953125 0.09766666666666665
0 0.6465468750000001 0.46395833333333336 0.03103125 0.13694444444444442
0 0.602734375 0.22480555555555556 0.0221875 0.07833333333333334
0 0.636015625 0.4389722222222222 0.039328125000000005 0.0936388888888889
0 0.6241875 0.39598611111111115 0.0352890625 0.07372222222222222
0 0.59190625 0.37204166666666666 0.0408984375 0.09095833333333332
0 0.61253125 0.3248472222222222 0.037265625000000004 0.07819444444444444
0 0.5984921875 0.2963472222222222 0.0391015625 0.08726388888888889
0 0.495375 0.106125 0.02240625 0.11840277777777777
0 0.5137890625 0.21259722222222222 0.026187500000000002 0.11840277777777777
0 0.5172734375 0.30118055555555556 0.039515625 0.10063888888888887
0 0.540515625 0.3506944444444444 0.039734375 0.07331944444444444
0 0.535359375 0.42620833333333336 0.0376484375 0.10780555555555556
0 0.56603125 0.5092083333333334 0.0318046875 0.13951388888888888
0 0.45096875000000003 0.4267222222222222 0.0314765625 0.10994444444444444
0 0.4163046875 0.3320416666666667 0.0251640625 0.1341527777777778
0 0.35242968750000003 0.5727083333333334 0.03725 0.13301388888888888
0 0.546 0.8240694444444445 0.033609375000000004 0.14376388888888889
0 0.18825 0.33608333333333335 0.0372265625 0.13519444444444445