0 0.19335156250000002 0.4612777777777778 0.0382890625 0.14479166666666668
0 0.187765625 0.5862361111111111 0.043210937500000005 0.11968055555555555
0 0.22554687499999998 0.723111111111111 0.0613984375 0.12120833333333333
0 0.23348437500000002 0.40818055555555555 0.0330390625 0.11356944444444445
0 0.393484375 0.26681944444444444 0.04896875 0.11141666666666666
0 0.49009375000000005 0.11908333333333333 0.0448125 0.12148611111111111
0 0.3526328125 0.3917361111111111 0.043171875 0.06126388888888889
0 0.35261718750000004 0.4436388888888889 0.0431953125 0.05670833333333333
0 0.346828125 0.5246388888888889 0.0358359375 0.09794444444444445
0 0.2871171875 0.5861944444444445 0.0476640625 0.13316666666666666
0 0.3117734375 0.5393888888888889 0.037390625 0.09822222222222222
0 0.46092187500000004 0.37849999999999995 0.06403125 0.11255555555555556
0 0.4486328125 0.46658333333333335 0.0503828125 0.09983333333333333
0 0.405296875 0.5785277777777778 0.053476562500000005 0.10405555555555555
0 0.37496874999999996 0.6605138888888888 0.05475 0.14840277777777777
0 0.3522734375 0.8020694444444445 0.036078125 0.15420833333333334
0 0.5086171875 0.6168055555555556 0.0281796875 0.13915277777777776
0 0.6053359375 0.5222916666666667 0.0341015625 0.14734722222222224
0 0.6266171875000001 0.4448888888888889 0.037609375 0.12590277777777778
0 0.6468281250000001 0.3107916666666667 0.028023437499999998 0.13269444444444445
0 0.6932421875 0.15516666666666667 0.025546875000000004 0.12979166666666667
0 0.8982734375 0.6695694444444444 0.0340390625 0.16136111111111112