0 0.6828359374999999 0.48688888888888887 0.0363125 0.10604166666666666
0 0.7242890625 0.44254166666666667 0.038953125 0.12681944444444446
0 0.8687734375 0.49068055555555556 0.038554687500000004 0.10700000000000001
0 0.6408437499999999 0.7090000000000001 0.053437500000000006 0.11854166666666666
0 0.704796875 0.3406527777777778 0.041999999999999996 0.076875
0 0.6856093750000001 0.3635833333333333 0.038 0.051430555555555556
0 0.6545859375 0.5749583333333333 0.0450625 0.09288888888888888
0 0.6576796875 0.530513888888889 0.038492187500000004 0.089875
0 0.6540703125 0.4813055555555556 0.0408203125 0.06954166666666667
0 0.675796875 0.433 0.0384296875 0.05275
0 0.67915625 0.40355555555555556 0.039421875 0.058375
0 0.5683828125 0.7215972222222221 0.03753125 0.10013888888888887
0 0.56365625 0.6290555555555556 0.033046874999999996 0.1103888888888889
0 0.5885390625 0.6111527777777778 0.0405859375 0.07626388888888888
0 0.585375 0.5443194444444445 0.04690625 0.07163888888888889
0 0.6030078125 0.4580416666666667 0.043171875 0.08245833333333333
0 0.6115390625 0.38968055555555553 0.041375 0.07415277777777778
0 0.625046875 0.29833333333333334 0.035375000000000004 0.0975
0 0.470765625 0.42113888888888895 0.03259375 0.10541666666666667
0 0.5108046875000001 0.25375 0.028921875000000003 0.10340277777777779
0 0.3006484375 0.30843055555555554 0.027328124999999998 0.10811111111111112
0 0.20427343750000002 0.5346666666666666 0.026546874999999998 0.12763888888888889