0 0.14292968749999999 0.5319444444444444 0.0327421875 0.12222222222222222
0 0.247828125 0.27455555555555555 0.0333359375 0.10775
0 0.52625 0.6449722222222222 0.0406015625 0.10870833333333332
0 0.73678125 0.8803055555555557 0.0438046875 0.12777777777777777
0 0.589078125 0.5104166666666666 0.0328125 0.10972222222222222
0 0.6061953124999999 0.4333472222222222 0.053117187499999996 0.0955
0 0.5916328125 0.36415277777777777 0.061257812499999995 0.10584722222222222
0 0.5328125 0.26458333333333334 0.0546875 0.09583333333333334
0 0.4959375 0.218125 0.046554687500000004 0.1098611111111111
0 0.48224999999999996 0.16018055555555555 0.03096875 0.10201388888888889
0 0.5431484375 0.1458611111111111 0.0426171875 0.102875
0 0.6957265625 0.4708888888888889 0.0517734375 0.11540277777777778
0 0.7648125 0.5797638888888889 0.052140624999999996 0.10238888888888889
0 0.902953125 0.8538194444444445 0.0561015625 0.11941666666666667
0 0.7109453125 0.22301388888888887 0.029281249999999998 0.10198611111111112
0 0.7353828124999999 0.2687361111111111 0.0373203125 0.1141388888888889
0 0.605734375 0.23275 0.0499375 0.11330555555555555
0 0.667546875 0.35683333333333334 0.06203125 0.10043055555555556
0 0.641109375 0.3363611111111111 0.03353125 0.09834722222222222
0 0.6165468749999999 0.3022222222222222 0.037046875 0.09938888888888889
0 0.611796875 0.24770833333333334 0.030093750000000002 0.04434722222222222
0 0.5082187499999999 0.20127777777777775 0.0550546875 0.09924999999999999