0 0.3918515625 0.482875 0.0406171875 0.10305555555555555
0 0.2636640625 0.5248194444444445 0.045882812499999995 0.10781944444444444
0 0.17478906249999998 0.5160555555555556 0.045632812499999995 0.1336388888888889
0 0.4626796875 0.7625972222222223 0.07030468749999999 0.14180555555555555
0 0.3451171875 0.2982222222222222 0.058859375000000005 0.13494444444444445
0 0.4096796875 0.6136944444444444 0.0511953125 0.12506944444444443
0 0.41946093749999996 0.5332083333333334 0.0489765625 0.08129166666666666
0 0.41135937499999997 0.5082777777777777 0.04715625 0.059680555555555556
0 0.42178125 0.46823611111111113 0.0407109375 0.05513888888888889
0 0.3853203125 0.44259722222222225 0.0473203125 0.11102777777777778
0 0.3601328125 0.40854166666666664 0.059125000000000004 0.10965277777777778
0 0.5815234375 0.7540416666666666 0.046718749999999996 0.1478472222222222
0 0.696125 0.492625 0.043046875 0.15240277777777778
0 0.8165234375000001 0.5529722222222222 0.0307890625 0.15495833333333334
0 0.61075 0.48215277777777776 0.033484375 0.14808333333333334
0 0.5794374999999999 0.405 0.0372109375 0.15269444444444444
0 0.4225703125 0.281875 0.029218749999999998 0.14345833333333335
0 0.4455 0.3727638888888889 0.053515625 0.11040277777777777
0 0.485890625 0.42677777777777776 0.0609140625 0.0922638888888889
0 0.49767968749999997 0.5013055555555556 0.058750000000000004 0.09783333333333333
0 0.5173828125 0.5791805555555556 0.043546875 0.1291111111111111
0 0.5503515625000001 0.6205416666666667 0.035148437500000004 0.13808333333333334