0 0.2504140625 0.391875 0.0327734375 0.10587500000000001
0 0.41458593749999995 0.1991388888888889 0.032265625 0.080875
0 0.3376328125 0.3244861111111111 0.0388984375 0.07869444444444444
0 0.2708125 0.5029861111111111 0.042421875 0.10397222222222222
0 0.2786015625 0.5848333333333333 0.0407421875 0.08922222222222222
0 0.24053125 0.7854583333333333 0.044414062500000004 0.09944444444444443
0 0.3206015625 0.4804305555555556 0.03596875 0.07745833333333334
0 0.3336484375 0.44561111111111107 0.0347734375 0.06812499999999999
0 0.3645390625 0.42866666666666664 0.0345234375 0.0772638888888889
0 0.350671875 0.38561111111111107 0.0329921875 0.06108333333333333
0 0.3540859375 0.35913888888888884 0.0382734375 0.051180555555555556
0 0.37239062500000003 0.5549305555555556 0.054515625 0.07241666666666667
0 0.3973203125 0.48930555555555555 0.046617187500000004 0.06380555555555555
0 0.4474765625 0.45576388888888886 0.023929687499999998 0.10105555555555557
0 0.420796875 0.3873333333333333 0.0412421875 0.052972222222222226
0 0.44791406250000004 0.3100138888888889 0.0419375 0.07554166666666667
0 0.539953125 0.44106944444444446 0.024656249999999998 0.10266666666666667
0 0.4771328125 0.6339444444444444 0.03175 0.1046111111111111
0 0.6293359374999999 0.8207083333333333 0.028398437500000002 0.11523611111111111
0 0.692546875 0.34125 0.039382812499999996 0.08019444444444444
0 0.7238515624999999 0.22004166666666666 0.025031249999999998 0.09325
0 0.7888359375 0.56875 0.0251171875 0.11937500000000001
1 0.4975625 0.05734722222222222 0.0282578125 0.08479166666666667
1 0.0353359375 0.19930555555555557 0.0303125 0.10011111111111111