0 0.7888437500000001 0.5105138888888889 0.036867187499999995 0.08884722222222222
0 0.837109375 0.5458333333333333 0.02265625 0.11944444444444445
0 0.6015312500000001 0.20977777777777776 0.027109375 0.09805555555555555
0 0.627734375 0.4041666666666667 0.04140625 0.09444444444444444
0 0.7714218749999999 0.7828333333333333 0.0508203125 0.11076388888888888
0 0.687109375 0.46111111111111114 0.03671875 0.05555555555555555
0 0.7256875 0.6480972222222222 0.041281250000000005 0.10194444444444445
0 0.7045859375 0.6116944444444444 0.042828125 0.08716666666666667
0 0.6773046875000001 0.5860972222222223 0.03959375 0.08672222222222221
0 0.686171875 0.5383611111111111 0.0390234375 0.06179166666666667
0 0.678 0.5091388888888889 0.041031250000000005 0.06733333333333333
0 0.403671875 0.2754027777777778 0.029578125 0.11495833333333333
0 0.5064609375 0.42087499999999994 0.030828125 0.10825
0 0.5943984375 0.4436388888888889 0.042234375000000005 0.09356944444444446
0 0.6149218750000001 0.529986111111111 0.0499375 0.08104166666666666
0 0.6307734375 0.612 0.0498515625 0.08494444444444443
0 0.6523515625 0.6982361111111112 0.05736718750000001 0.08804166666666667
0 0.7102031249999999 0.8060277777777778 0.034375 0.125
0 0.5365 0.6616111111111111 0.0345546875 0.12083333333333333
0 0.51828125 0.5910555555555556 0.049070312500000005 0.13179166666666667
0 0.5185625 0.5103888888888889 0.0325625 0.06388888888888888
0 0.1366953125 0.5943055555555555 0.0231484375 0.12638888888888888
1 0.4908046875 0.0715 0.032445312500000004 0.104125