0 0.2972109375 0.4159027777777778 0.030570312500000002 0.11791666666666667
0 0.34475 0.17691666666666667 0.0261171875 0.106625
0 0.49085156249999995 0.35631944444444447 0.0214296875 0.11543055555555555
0 0.40736718749999995 0.6557083333333333 0.039953125 0.11418055555555555
0 0.5003437500000001 0.8544027777777777 0.0289921875 0.1282361111111111
0 0.56534375 0.619375 0.0411875 0.13319444444444445
0 0.519734375 0.4563611111111111 0.02615625 0.12661111111111112
0 0.583125 0.3148611111111111 0.030617187499999997 0.11583333333333334
0 0.6054296875 0.40648611111111116 0.031328125 0.10186111111111111
0 0.620921875 0.5224166666666666 0.03940625 0.11705555555555555
0 0.6697656249999999 0.6240277777777778 0.04328125 0.12581944444444446
0 0.77175 0.7134444444444443 0.051312500000000004 0.11022222222222222
0 0.7675468750000001 0.5096111111111111 0.03353125 0.11366666666666667
0 0.8901875 0.4068611111111111 0.024125 0.11927777777777777
0 0.60403125 0.1882638888888889 0.044 0.08763888888888889
0 0.6446171875 0.30969444444444444 0.031421875 0.08329166666666667
0 0.657765625 0.38966666666666666 0.03603125 0.071875
0 0.6347578125 0.4041944444444444 0.0226484375 0.07783333333333334
0 0.6621171875 0.4740138888888889 0.038265625 0.07630555555555556
0 0.6982109375000001 0.5175000000000001 0.039515625 0.08123611111111112
0 0.7219453125 0.56175 0.043609375 0.08205555555555555
0 0.694390625 0.43398611111111113 0.03409375 0.07354166666666667