0 0.2714298245614035 0.1648650472334683 0.050763157894736836 0.09300269905533064
0 0.28287719298245617 0.8597031039136301 0.0532280701754386 0.11942645074224022
0 0.33649122807017545 0.28846153846153844 0.04571052631578947 0.07531039136302294
0 0.2544868421052632 0.6739271255060729 0.05713596491228071 0.11319163292847503
0 0.3447631578947368 0.3536572199730095 0.04920614035087719 0.06628205128205128
0 0.42285964912280705 0.8625438596491228 0.0385219298245614 0.11243589743589744
0 0.4097719298245614 0.4341632928475033 0.036728070175438596 0.10047908232118759
0 0.289828947368421 0.5472941970310392 0.05035087719298245 0.1067004048582996
0 0.34363157894736845 0.41108636977058033 0.04017105263157895 0.0779689608636977
0 0.5378201754385965 0.6734345479082321 0.037644736842105266 0.1053778677462888
0 0.7663421052631579 0.2872537112010796 0.031912280701754385 0.10454790823211876
0 0.3546184210526316 0.48742914979757085 0.056043859649122806 0.07576923076923077
0 0.3515087719298246 0.16414979757085021 0.03194298245614035 0.0927395411605938
0 0.571359649122807 0.5386099865047234 0.03207456140350877 0.11138326585695006
0 0.3926710526315789 0.33530364372469634 0.031938596491228065 0.10082321187584345
0 0.15555701754385964 0.4009784075573549 0.03173684210526316 0.10766531713900135
0 0.27134649122807014 0.47599190283400805 0.04315789473684211 0.090944669365722
0 0.14560964912280702 0.367523616734143 0.03250877192982456 0.09812415654520917
0 0.27125877192982456 0.3718488529014845 0.03532894736842105 0.07708502024291497
0 0.2712061403508772 0.3355668016194332 0.03874561403508772 0.051713900134952764
0 0.2921315789473684 0.40852901484480436 0.04475 0.0693387314439946
0 0.27648684210526314 0.44616734143049935 0.0399780701754386 0.08024291497975708