0 0.4089635416666667 0.7254402224281742 0.058953125 0.12584800741427246
1 0.7242291666666667 0.30707136237256716 0.025057291666666665 0.09412418906394811
0 0.451484375 0.33465245597775717 0.03778125 0.086209453197405
0 0.34604166666666664 0.26881371640407786 0.031104166666666665 0.10684893419833179
0 0.8916197916666667 0.49611677479147354 0.028197916666666666 0.10738646895273402
0 0.588984375 0.5460704355885079 0.033875 0.10764596848934199
0 0.33946875 0.5119184430027803 0.038760416666666665 0.13253938832252085
0 0.5190052083333333 0.3705746061167748 0.03871354166666666 0.08765523632993512
0 0.4451875 0.16430954587581093 0.03384895833333333 0.08765523632993512
0 0.5277395833333334 0.7338276181649676 0.03544270833333333 0.13628359592215014
0 0.6119791666666666 0.2633734939759036 0.027255208333333333 0.0868303985171455
0 0.7938124999999999 0.25746987951807226 0.025885416666666668 0.09556997219647823
0 0.5189947916666667 0.3037442075996293 0.039953125 0.06901760889712696
0 0.6317552083333333 0.3481556997219648 0.026286458333333332 0.10280815569972197
0 0.38940625 0.5172845227062094 0.04631770833333334 0.11384615384615385
0 0.5268229166666667 0.22344763670064874 0.02997395833333333 0.10162187210379982
0 0.4785260416666667 0.12848007414272475 0.0356875 0.08881371640407784
0 0.463421875 0.233531047265987 0.028520833333333332 0.07156626506024097
1 0.0671875 0.3702409638554217 0.01953125 0.13549582947173308
0 0.5555729166666666 0.1868118628359592 0.024270833333333335 0.08826691380908248
0 0.46715104166666666 0.2670064874884152 0.03153645833333333 0.07219647822057461
0 0.46802083333333333 0.29388322520852644 0.034380208333333336 0.07848934198331789
0 0.5857343749999999 0.11809082483781279 0.015213541666666667 0.08171455050973124
1 0.5128333333333334 0.07030583873957368 0.021213541666666665 0.08182576459684894
0 0.4649479166666667 0.29596848934198333 0.02059375 0.033586654309545876