0 0.8295989583333333 0.57967562557924 0.04959375 0.1312233549582947
0 0.6025729166666667 0.5816960148285449 0.05942708333333333 0.10215940685820205
0 0.7262083333333333 0.19954587581093605 0.05086979166666667 0.10546802594995366
0 0.44266666666666665 0.3537071362372567 0.0370625 0.11908248378127897
0 0.458453125 0.5534012974976831 0.035145833333333334 0.13105653382761817
0 0.621 0.4812974976830399 0.062921875 0.074967562557924
0 0.8499479166666667 0.6491010194624652 0.03657291666666666 0.1330120481927711
0 0.7141770833333333 0.5110750695088044 0.04968229166666667 0.0978498609823911
0 0.7473854166666667 0.4254772937905468 0.05282291666666667 0.1233271547729379
0 0.6285208333333333 0.20317886932344761 0.029760416666666668 0.12265987025023169
0 0.707546875 0.5525023169601483 0.04666666666666666 0.08455050973123263
0 0.08056250000000001 0.5492029657089899 0.027848958333333333 0.14213160333642263
0 0.6769322916666667 0.6003336422613531 0.04515104166666666 0.08871177015755329
0 0.6935885416666667 0.3297961075069509 0.048890625 0.11781278962001854
0 0.5429635416666667 0.568433734939759 0.033213541666666666 0.1388507877664504
0 0.6123802083333333 0.6794439295644115 0.050755208333333336 0.07570898980537534
0 0.63428125 0.4201390176088971 0.03905729166666667 0.07134383688600557
0 0.7172708333333334 0.7484244670991659 0.053744791666666666 0.15329935125115848
0 0.6978125 0.6195088044485635 0.041041666666666664 0.08408711770157554
0 0.6178854166666666 0.7539388322520852 0.06544270833333334 0.0879147358665431
0 0.599515625 0.7714272474513438 0.04323958333333333 0.1420203892493049
1 0.653125 0.03596848934198332 0.0381875 0.07192771084337349
0 0.7183125 0.6798424467099166 0.052369791666666665 0.12247451343836886