0 0.7316145833333334 0.5307407407407407 0.03802083333333333 0.11441666666666667
0 0.5967760416666666 0.30874999999999997 0.042192708333333336 0.08923148148148148
0 0.6807395833333333 0.8007777777777778 0.05353125 0.09700925925925925
0 0.5454322916666666 0.5200185185185185 0.048562499999999995 0.07437037037037036
0 0.459671875 0.6387314814814815 0.03230729166666667 0.1073425925925926
0 0.5811614583333333 0.6735 0.042692708333333336 0.11096296296296297
0 0.6059687500000001 0.8246759259259259 0.03511979166666667 0.10542592592592592
0 0.607375 0.5703333333333334 0.03782291666666667 0.07540740740740741
0 0.5362864583333333 0.43849074074074074 0.04848958333333333 0.08712962962962963
0 0.537484375 0.16337037037037036 0.040651041666666665 0.08800000000000001
0 0.7088072916666667 0.6484907407407408 0.03253645833333333 0.09651851851851852
0 0.3856927083333333 0.5286759259259259 0.030671875 0.1087962962962963
0 0.7841770833333332 0.5869537037037037 0.03382291666666667 0.10357407407407407
0 0.5680572916666667 0.6048148148148148 0.05111458333333333 0.08660185185185185
0 0.0630625 0.4802314814814815 0.028536458333333334 0.10235185185185186
0 0.639421875 0.5981666666666666 0.03374479166666667 0.07553703703703704
0 0.32563020833333334 0.7322592592592593 0.030848958333333332 0.11662037037037037
0 0.6492604166666667 0.6347777777777778 0.034505208333333336 0.09019444444444444
0 0.37965104166666663 0.3900648148148148 0.028223958333333334 0.10250925925925926
0 0.6047135416666667 0.46908333333333335 0.038781249999999996 0.05899074074074074
0 0.6061614583333333 0.5168333333333333 0.03461979166666666 0.05107407407407407
0 0.35275 0.18055555555555555 0.036661458333333334 0.09171296296296295