0 0.35674479166666667 0.6057407407407408 0.055265625 0.11063888888888888
0 0.5749479166666667 0.5406574074074074 0.045661458333333335 0.12866666666666668
0 0.4657395833333334 0.47930555555555554 0.054234374999999994 0.09458333333333334
0 0.5180781250000001 0.6131666666666666 0.04259895833333334 0.13271296296296298
0 0.422 0.5315462962962964 0.04889583333333333 0.10684259259259259
0 0.23229166666666667 0.6345092592592593 0.063078125 0.12187962962962963
0 0.838984375 0.7152962962962963 0.056567708333333334 0.15799999999999997
0 0.6882187500000001 0.1656574074074074 0.03384375 0.11711111111111111
0 0.51625 0.39275 0.05546875 0.10477777777777778
0 0.09253645833333332 0.7155740740740741 0.04874479166666667 0.13600925925925925
0 0.6122864583333333 0.39947222222222223 0.04010416666666667 0.12556481481481482
0 0.36611458333333335 0.8258703703703704 0.03970833333333333 0.15232407407407406
0 0.31683333333333336 0.5483425925925927 0.04460416666666667 0.0951111111111111
0 0.36779687499999997 0.5213611111111112 0.04731770833333333 0.09118518518518519
0 0.38095833333333334 0.4267777777777778 0.042562499999999996 0.11323148148148149
0 0.27116666666666667 0.6964166666666667 0.057749999999999996 0.1330925925925926
0 0.16936458333333335 0.5396851851851852 0.042671875000000005 0.11142592592592593
0 0.6076614583333334 0.1463425925925926 0.04444791666666667 0.12087037037037036
0 0.3632135416666667 0.4774259259259259 0.04745833333333334 0.09763888888888889
0 0.2743229166666667 0.5765277777777778 0.04259895833333334 0.11017592592592593
0 0.2055625 0.4353611111111111 0.036744791666666665 0.14006481481481484
0 0.23618229166666668 0.3986851851851852 0.034484375 0.10959259259259259