0 0.6617916666666667 0.6028822984244671 0.036734375 0.09761816496756255
0 0.6031979166666667 0.4854402224281742 0.056374999999999995 0.07822057460611678
0 0.6469843750000001 0.6514087117701576 0.04093229166666667 0.08229842446709916
0 0.7696822916666667 0.10426320667284522 0.043848958333333334 0.09535681186283596
0 0.710875 0.2772103799814643 0.03727604166666666 0.09713623725671919
0 0.6986354166666667 0.4380259499536608 0.035640625 0.09425393883225208
0 0.478328125 0.7048934198331789 0.033453125 0.12601482854494903
0 0.6286302083333334 0.40615384615384614 0.051557291666666664 0.07269694161260426
0 0.5822604166666667 0.5735866543095458 0.05281770833333333 0.06669138090824837
0 0.5903385416666667 0.26664504170528264 0.024166666666666666 0.10380908248378129
0 0.5640677083333333 0.0798887859128823 0.023057291666666667 0.108628359592215
0 0.6531197916666667 0.7882020389249306 0.04571354166666666 0.1135681186283596
0 0.5233020833333334 0.4738461538461538 0.030406250000000003 0.1180259499536608
0 0.62009375 0.9007877664504171 0.049130208333333335 0.11584800741427248
0 0.6803281250000001 0.4890083410565338 0.03253125 0.08811862835959221
0 0.2666614583333333 0.6145227062094533 0.03197916666666666 0.12473586654309546
0 0.7833385416666666 0.5296014828544949 0.0353125 0.11414272474513439
0 0.5712083333333333 0.6626598702502317 0.039375 0.12848934198331788
0 0.2867864583333333 0.3207321594068582 0.022223958333333335 0.11375347544022242
0 0.6536562499999999 0.5156811862835959 0.03345833333333333 0.05307692307692308
0 0.4122708333333333 0.878174235403151 0.028026041666666668 0.12981464318813715
0 0.6622083333333334 0.5502965708989805 0.03457291666666666 0.05263206672845227