0 0.6948072916666667 0.3551065801668212 0.037796874999999994 0.09487488415199259
0 0.5767291666666666 0.22819277108433736 0.029572916666666667 0.09078776645041704
0 0.5648697916666666 0.6577664504170528 0.052125 0.11474513438368861
1 0.40782291666666665 0.40238183503243746 0.030197916666666665 0.1005097312326228
0 0.7436510416666666 0.263725671918443 0.0465625 0.08879518072289157
0 0.5010572916666667 0.3645690454124189 0.029093749999999998 0.08874884151992586
0 0.47680208333333335 0.4423076923076923 0.030984375 0.09673772011121408
0 0.8684062499999999 0.4407228915662651 0.03104166666666667 0.10908248378127897
0 0.22622395833333334 0.561241890639481 0.03149479166666667 0.10077849860982391
0 0.472546875 0.5644949026876738 0.04366145833333333 0.11724745134383689
0 0.2798541666666667 0.3758480074142725 0.026979166666666665 0.10871177015755329
0 0.21421354166666667 0.7834012974976831 0.034359375 0.12815569972196478
0 0.5968697916666666 0.4017330861909175 0.04011979166666667 0.07399443929564412
0 0.432171875 0.8445968489341984 0.051744791666666665 0.1209731232622799
0 0.5749270833333333 0.45379981464318814 0.046671875 0.07382761816496757
0 0.64990625 0.3168582020389249 0.03617708333333333 0.07322520852641336
0 0.6198229166666667 0.36007414272474514 0.036828124999999996 0.06671918443002779
0 0.6509947916666667 0.3949397590361446 0.032755208333333334 0.05607970342910102
0 0.673984375 0.3866543095458758 0.036333333333333336 0.07963855421686748
0 0.6562083333333334 0.43582947173308617 0.0308125 0.09012048192771084
0 0.6420260416666667 0.46153846153846156 0.040067708333333334 0.10531047265987024
1 0.9906302083333334 0.7349304911955514 0.01873958333333333 0.13728452270620944
0 0.689125 0.4800092678405931 0.031020833333333334 0.10119555143651529
0 0.7851614583333333 0.42256719184430025 0.02865625 0.11296570898980537