0 0.4221302083333333 0.5243929564411492 0.05703645833333334 0.07642261353104726
0 0.49623958333333335 0.4867933271547729 0.03575 0.12576459684893418
0 0.35231770833333337 0.8339759036144578 0.05470833333333334 0.13600556070435588
0 0.5565208333333334 0.5860055607043558 0.037578125000000004 0.11515291936978685
0 0.429046875 0.6643558850787766 0.05584895833333334 0.09058387395736793
0 0.6758124999999999 0.8113531047265987 0.04078125 0.13929564411492124
0 0.29832291666666666 0.46005560704355886 0.05188020833333333 0.0982483781278962
0 0.338578125 0.7048470806302132 0.049416666666666664 0.11498609823911028
0 0.24858333333333332 0.18053753475440223 0.043369791666666664 0.11908248378127897
0 0.18788541666666667 0.5564874884151993 0.032989583333333336 0.14654309545875813
0 0.61890625 0.3119184430027804 0.030807291666666667 0.12151065801668212
0 0.8773072916666667 0.5929286376274328 0.037135416666666664 0.14056533827618165
0 0.41579166666666667 0.5996200185356811 0.05121354166666667 0.07677479147358665
0 0.563328125 0.6883595922150139 0.035875 0.14061167747914735
0 0.317234375 0.5245319740500464 0.04363541666666667 0.09236329935125115
0 0.3467291666666667 0.6205560704355886 0.043109375 0.07047265987025024
0 0.08913020833333334 0.5815291936978684 0.04093229166666667 0.13774791473586653
0 0.352578125 0.5480444856348471 0.042567708333333336 0.07956441149212233
0 0.345125 0.5807692307692307 0.04302083333333333 0.06778498609823912
0 0.34929166666666667 0.6738461538461539 0.04571354166666666 0.08788693234476366
0 0.37358854166666666 0.4182761816496756 0.0593125 0.08695088044485634
0 0.30664583333333334 0.18063021316033365 0.036203125 0.1169601482854495