0 0.224328125 0.2861631139944393 0.029421875 0.10128822984244672
0 0.66553125 0.3502873030583874 0.05225520833333333 0.06932344763670065
0 0.7898072916666667 0.6057831325301205 0.04303645833333333 0.10235403151065801
0 0.664078125 0.21290083410565339 0.028328125 0.09255792400370715
0 0.6736041666666667 0.4589063948100093 0.052244791666666665 0.07183503243744208
0 0.7514531249999999 0.28496756255792405 0.02999479166666667 0.09139017608897126
0 0.6699427083333334 0.2689341983317887 0.038828125 0.09268767377201112
0 0.6593333333333333 0.4006580166821131 0.04490625 0.07329935125115848
0 0.7544270833333333 0.5597034291010194 0.041291666666666664 0.09859128822984244
0 0.7539270833333334 0.45763670064874884 0.044640624999999996 0.0994902687673772
0 0.649875 0.6042354031510658 0.03351041666666667 0.10640407784986099
0 0.3078333333333333 0.5965708989805376 0.0320625 0.11804448563484708
0 0.6803541666666667 0.5109916589434662 0.041625 0.10295644114921224
0 0.5716666666666667 0.8381278962001854 0.03322395833333333 0.12050046339202966
0 0.5356041666666667 0.4055885078776645 0.0299375 0.09486561631139945
0 0.732640625 0.3516682113067655 0.03677083333333333 0.0656533827618165
0 0.7197604166666667 0.3949582947173309 0.036223958333333334 0.07996292863762744
0 0.7218125000000001 0.2260982391102873 0.035916666666666666 0.08692307692307692
0 0.8046927083333333 0.8259592215013902 0.047078125 0.1254124189063948
0 0.7381354166666667 0.3243280815569972 0.03318229166666667 0.0819740500463392
0 0.743890625 0.42414272474513437 0.03691666666666667 0.07793327154772939
0 0.8410624999999999 0.3783781278962002 0.030484375 0.1088693234476367