0 0.42802604166666663 0.37328081556997217 0.03253645833333333 0.09923076923076922
0 0.4780729166666667 0.27733086190917516 0.03179166666666667 0.10542168674698796
0 0.16135416666666666 0.41266913809082484 0.03268229166666667 0.097386468952734
0 0.41634375 0.6121779425393883 0.05034895833333333 0.10377201112140871
0 0.73346875 0.4687117701575533 0.03344270833333333 0.11746987951807229
0 0.37126562500000004 0.42037998146431876 0.048374999999999994 0.07225208526413344
0 0.38431770833333334 0.4848656163113994 0.054322916666666665 0.0760518999073216
0 0.5119166666666667 0.5776552363299351 0.037989583333333334 0.10783132530120482
0 0.48200000000000004 0.6950880444856349 0.04226041666666667 0.1117052826691381
0 0.6988333333333333 0.30326227988878596 0.03410416666666667 0.09953660797034292
0 0.3290104166666667 0.5868952734012974 0.048213541666666665 0.11316033364226134
0 0.344859375 0.31941612604263203 0.047890625 0.07032437442075996
0 0.32452083333333337 0.7614643188137165 0.05469270833333333 0.12457831325301204
0 0.5474583333333333 0.769805375347544 0.03133854166666667 0.12548656163113994
0 0.277875 0.38826691380908246 0.036166666666666666 0.083790546802595
0 0.18692708333333333 0.46603336422613534 0.033609375000000004 0.1210843373493976
0 0.30842187499999996 0.5391288229842447 0.035484375 0.10834105653382763
0 0.34455729166666665 0.6977942539388322 0.043416666666666666 0.10098239110287302
0 0.32694791666666667 0.4614550509731233 0.04045833333333334 0.07530120481927711
0 0.2935 0.4279796107506951 0.03321875 0.09096385542168675
0 0.3107916666666667 0.48949026876737717 0.035250000000000004 0.05646895273401297
0 0.2904375 0.33599629286376276 0.030484375 0.09972196478220574