0 0.6265260416666667 0.5992029657089898 0.04494270833333334 0.09792400370713623
0 0.57828125 0.3597126969416126 0.04455208333333334 0.06962928637627433
0 0.5761614583333333 0.42866543095458753 0.03802083333333333 0.07791473586654309
0 0.4978125 0.3409731232622799 0.026880208333333332 0.0992678405931418
0 0.6201666666666666 0.40815569972196475 0.036473958333333334 0.0710194624652456
0 0.49421875 0.4395366079703429 0.029484375 0.09528266913809083
0 0.6494895833333333 0.11029657089898054 0.03691666666666667 0.08492122335495829
0 0.6326614583333333 0.907052826691381 0.05021875 0.1164318813716404
0 0.5311614583333334 0.10433734939759036 0.024427083333333332 0.0858294717330862
0 0.194453125 0.5755977757182577 0.026052083333333333 0.09856348470806302
0 0.5674114583333334 0.5198887859128823 0.047135416666666666 0.0720389249304912
0 0.526796875 0.4913623725671918 0.02278125 0.10847080630213161
0 0.5850520833333334 0.2993790546802595 0.036390625 0.06409638554216868
0 0.5064114583333333 0.9149768303985172 0.029161458333333334 0.11397590361445784
0 0.7488177083333334 0.39716404077849865 0.029114583333333333 0.10193697868396663
0 0.2573229166666667 0.22446709916589433 0.025114583333333333 0.10154772937905468
0 0.6559062499999999 0.29484708063021314 0.032625 0.07333642261353104
0 0.64934375 0.3395644114921223 0.03105208333333333 0.0716867469879518
0 0.64496875 0.4708897126969416 0.03149479166666667 0.09142724745134384
0 0.6349687500000001 0.3763021316033364 0.030520833333333334 0.06797961075069509
0 0.7602135416666667 0.4636793327154773 0.026223958333333335 0.11116774791473587
0 0.6371302083333333 0.4242168674698795 0.03214583333333333 0.06166821130676553