0 0.21353645833333335 0.8073401297497683 0.02946875 0.10038924930491194
0 0.528765625 0.5781278962001853 0.04832291666666667 0.07066728452270621
0 0.416234375 0.6394439295644115 0.030890625 0.09414272474513438
1 0.8141458333333333 0.046394810009267845 0.025317708333333334 0.08905468025949954
0 0.7376874999999999 0.3083503243744207 0.038984374999999995 0.09331788693234476
0 0.7770729166666667 0.16874884151992586 0.035541666666666666 0.08871177015755329
0 0.5520260416666667 0.6703151065801668 0.04451041666666666 0.10381835032437442
0 0.4928489583333333 0.49251158480074136 0.030906250000000003 0.09153846153846154
0 0.6765833333333333 0.4115477293790547 0.03285416666666666 0.07130676552363299
0 0.5713541666666667 0.4856070435588508 0.03765104166666667 0.06838739573679334
0 0.588125 0.13994439295644115 0.025296875 0.0821501390176089
0 0.60221875 0.42153846153846153 0.04284895833333333 0.06240963855421687
0 0.5428072916666667 0.4131325301204819 0.027078125 0.09637627432808155
0 0.6274531250000001 0.37957367933271546 0.038171875 0.05780352177942539
0 0.623375 0.45845227062094535 0.030359375 0.04374420759962929
0 0.4269947916666667 0.8927710843373493 0.043291666666666666 0.11878591288229841
0 0.6554427083333334 0.44529193697868397 0.032359375 0.07126042632066729
0 0.61221875 0.5517701575532901 0.03260416666666667 0.09190917516218722
0 0.6660520833333333 0.2767562557924004 0.02392708333333333 0.09682113067655236
0 0.3236666666666667 0.41067655236329936 0.02313541666666667 0.0921501390176089
0 0.6226770833333333 0.5139944392956441 0.03399479166666666 0.07645968489341984
0 0.7360520833333334 0.48391102873030584 0.023619791666666667 0.1100463392029657
1 0.011739583333333333 0.34974050046339206 0.020947916666666667 0.09772011121408712
1 0.988671875 0.7350417052826691 0.022661458333333332 0.11236329935125115
0 0.7409687500000001 0.45099165894346616 0.028916666666666667 0.07980537534754402