0 0.6852083333333333 0.44193697868396664 0.029166666666666667 0.0955421686746988
1 0.899640625 0.7857182576459685 0.03423958333333333 0.12426320667284524
0 0.608765625 0.6689156626506024 0.025359375 0.10501390176088972
0 0.31483333333333335 0.7199073215940686 0.029255208333333334 0.10148285449490269
0 0.8146041666666667 0.17639481000926785 0.036609375000000006 0.09564411492122336
0 0.4896510416666667 0.6757182576459685 0.028541666666666667 0.10066728452270621
0 0.4979427083333333 0.4523262279888786 0.026026041666666666 0.09505097312326229
0 0.5677656249999999 0.8338368860055607 0.041859375000000004 0.12228915662650601
0 0.7640677083333334 0.5583503243744208 0.023442708333333333 0.11532900834105653
0 0.6603593750000001 0.4949490268767377 0.03629166666666667 0.07405004633920297
0 0.45580208333333333 0.5560518999073216 0.024953125 0.11355885078776645
0 0.580171875 0.509286376274328 0.03159375 0.06112140871177016
0 0.6464947916666667 0.13857275254865617 0.02458854166666667 0.08972196478220575
1 0.20128125 0.23234476367006487 0.03526041666666667 0.1065616311399444
0 0.7850520833333333 0.5115384615384616 0.026963541666666667 0.11055607043558852
0 0.641921875 0.3407414272474514 0.027177083333333334 0.09270620945319741
0 0.631109375 0.38542168674698796 0.02352083333333333 0.09986098239110287
0 0.43846875 0.2621779425393883 0.021500000000000002 0.10151065801668212
0 0.626703125 0.5108804448563484 0.030484375 0.04344763670064875
0 0.544109375 0.573521779425394 0.030880208333333332 0.06372567191844301
1 0.35466145833333335 0.4365616311399444 0.026052083333333333 0.09167747914735867
0 0.6121822916666667 0.46367006487488416 0.03586979166666667 0.06886005560704356
0 0.6170208333333334 0.5569786839666357 0.03719791666666667 0.05896200185356812
0 0.613296875 0.5982113067655237 0.033213541666666666 0.08832252085264133
0 0.5910260416666666 0.6346339202965708 0.025802083333333333 0.06754402224281741