0 0.7641302083333333 0.38010194624652455 0.04679166666666667 0.10377201112140871
0 0.7512447916666667 0.43710843373493974 0.04899479166666666 0.11760889712696942
0 0.7135364583333333 0.5393327154772939 0.05579166666666667 0.10941612604263207
0 0.6561979166666667 0.705885078776645 0.052515624999999996 0.1365801668211307
0 0.48707812500000003 0.43772937905468023 0.046031249999999996 0.14770157553290084
0 0.61909375 0.5417052826691381 0.06081770833333333 0.1073586654309546
0 0.7864479166666667 0.2754680259499537 0.057567708333333335 0.13544949026876738
0 0.7068281249999999 0.6450046339202966 0.04811979166666667 0.1386005560704356
0 0.9219895833333334 0.45285449490268764 0.039531250000000004 0.14586654309545874
0 0.4034114583333333 0.684253938832252 0.037270833333333336 0.1651251158480074
0 0.692734375 0.23532900834105652 0.029729166666666664 0.10860055607043559
0 0.5507760416666667 0.7113901760889713 0.03783854166666667 0.17013901760889713
0 0.6312083333333334 0.47285449490268766 0.053119791666666666 0.10037071362372567
0 0.6868020833333334 0.3247173308619092 0.05763541666666667 0.09907321594068583
0 0.098578125 0.3402409638554217 0.03053125 0.151436515291937
0 0.6922083333333333 0.7541241890639482 0.05485416666666666 0.15906394810009267
0 0.467953125 0.5939481000926784 0.03243229166666667 0.16194624652455977
0 0.8844322916666666 0.4939110287303058 0.03865104166666666 0.1641427247451344
0 0.5728958333333334 0.6470991658943467 0.03729166666666666 0.16297497683039852
0 0.7092395833333334 0.46132530120481924 0.047901041666666665 0.06526413345690454
0 0.64775 0.3560518999073216 0.038828125 0.15115848007414273
0 0.7013750000000001 0.5787951807228916 0.052333333333333336 0.09602409638554217