0 0.35428645833333333 0.4466913809082484 0.04363541666666667 0.09583873957367933
0 0.309828125 0.6102316960148286 0.059000000000000004 0.11408711770157552
0 0.4440572916666667 0.16387395736793325 0.051104166666666666 0.10088971269694161
0 0.42307812499999997 0.5153475440222428 0.05736458333333334 0.08979610750695088
0 0.21822395833333333 0.3442724745134384 0.033979166666666664 0.11681186283595922
0 0.4478229166666667 0.4197775718257646 0.049015625 0.07810009267840592
0 0.26265625 0.3437720111214087 0.026963541666666667 0.12956441149212233
0 0.21290625 0.8011492122335496 0.05805729166666666 0.12710843373493977
1 0.6170572916666667 0.393920296570899 0.029947916666666668 0.12538461538461537
0 0.527859375 0.6170991658943467 0.03322395833333333 0.12934198331788693
0 0.30440625000000004 0.44055607043558853 0.03540625 0.1043002780352178
0 0.5658124999999999 0.34568118628359595 0.03326041666666667 0.10075996292863762
0 0.6374583333333333 0.8745134383688601 0.04077083333333333 0.12161260426320668
0 0.7754895833333334 0.29815569972196476 0.027916666666666666 0.11921223354958295
0 0.54896875 0.4447451343836886 0.034192708333333335 0.10800741427247453
0 0.7367864583333333 0.6443466172381835 0.03190625 0.13047265987025022
0 0.4019375 0.3708619091751622 0.03963020833333333 0.07794253938832252
0 0.4843177083333333 0.2632344763670065 0.04519270833333333 0.06628359592215013
0 0.377875 0.4067562557924004 0.039171874999999995 0.07959221501390176
0 0.47255729166666666 0.3207599629286376 0.04853645833333333 0.08366079703429101
0 0.3953125 0.31884151992585724 0.03972395833333333 0.04240037071362372
0 0.7587447916666666 0.17250231696014828 0.029708333333333333 0.10657089898053752
0 0.3975208333333333 0.281047265987025 0.03783854166666667 0.0445227062094532