0 0.7791666666666667 0.3219184430027804 0.022921874999999998 0.0844578313253012
0 0.33236979166666664 0.5502224281742355 0.039921875 0.09246524559777572
0 0.56884375 0.3543280815569972 0.025453125 0.08393883225208526
0 0.4828854166666667 0.31859128822984245 0.036921875 0.05827618164967563
0 0.483203125 0.10548656163113994 0.036953125 0.07531974050046339
0 0.5085625 0.24100092678405932 0.03642708333333333 0.0697775718257646
0 0.29304166666666664 0.3251251158480074 0.026838541666666667 0.08084337349397591
0 0.5959479166666667 0.5721316033364227 0.024296875 0.09535681186283596
0 0.26772395833333335 0.8208897126969417 0.041749999999999995 0.09582020389249304
0 0.6648072916666667 0.11824837812789621 0.022104166666666664 0.07726598702502317
0 0.4346302083333333 0.357062094531974 0.03075 0.058860055607043556
0 0.5408645833333333 0.4276923076923077 0.023192708333333333 0.08922150139017608
0 0.40749479166666663 0.37559777571825764 0.028484375 0.0522613531047266
0 0.5091927083333333 0.5629008341056534 0.024401041666666668 0.09139944392956442
0 0.39280729166666667 0.44443929564411494 0.03430208333333333 0.06315106580166821
0 0.39871874999999996 0.39759962928637627 0.030375 0.05414272474513439
0 0.5335260416666666 0.8411399443929565 0.024890625 0.1070064874884152
0 0.46033333333333337 0.4165430954587581 0.03919270833333333 0.05993512511584801
0 0.42390104166666664 0.2838739573679333 0.0296875 0.04156626506024096
0 0.46461458333333333 0.358498609823911 0.034833333333333334 0.05531047265987025
0 0.40917708333333336 0.3353938832252085 0.0266875 0.046969416126042635
1 0.24812499999999998 0.24667284522706212 0.023473958333333333 0.08116774791473587
1 0.038578125 0.4206394810009268 0.023385416666666665 0.0905746061167748
0 0.42109375 0.3148656163113995 0.027526041666666667 0.034439295644114916