0 0.663484375 0.49971269694161263 0.03339583333333333 0.07759036144578313
0 0.7624166666666666 0.5501575532900834 0.02871354166666667 0.10098239110287302
0 0.43740104166666666 0.8526969416126042 0.029249999999999998 0.10057460611677478
0 0.597609375 0.4696663577386469 0.04797395833333333 0.0660982391102873
0 0.6074947916666668 0.7629564411492122 0.04298958333333334 0.11051899907321594
0 0.624921875 0.3943466172381835 0.046177083333333334 0.07069508804448564
0 0.6833229166666667 0.34852641334569046 0.04122395833333334 0.09053753475440222
0 0.18391145833333333 0.5915662650602409 0.024604166666666667 0.09549582947173309
0 0.5617395833333333 0.7701204819277109 0.028786458333333334 0.09515291936978684
0 0.564078125 0.6920111214087117 0.055713541666666665 0.07421686746987952
0 0.6536510416666667 0.6380444856348472 0.03877083333333333 0.09145505097312327
0 0.5741927083333334 0.5864318813716404 0.050291666666666665 0.062103799814643194
0 0.7077604166666667 0.2523076923076923 0.03501041666666667 0.09238183503243745
0 0.6826614583333334 0.4641334569045413 0.03801041666666667 0.0633920296570899
0 0.42897916666666663 0.23662650602409638 0.029500000000000002 0.08057460611677479
0 0.6479843750000001 0.5829935125115847 0.034354166666666665 0.051862835959221504
0 0.5217083333333333 0.11288229842446709 0.023708333333333335 0.08624652455977758
0 0.3912760416666667 0.2784244670991659 0.023385416666666665 0.10098239110287302
0 0.63609375 0.5394995366079703 0.032140625 0.058433734939759036
0 0.7553072916666667 0.10897126969416127 0.03257291666666667 0.09361445783132531
0 0.5080104166666667 0.1887859128822984 0.027567708333333333 0.07998146431881371
0 0.6493541666666667 0.8591195551436516 0.03947916666666666 0.10432808155699722