0 0.4656822916666667 0.4445875810936052 0.04290104166666667 0.07999073215940686
0 0.8380104166666666 0.6224652455977757 0.028604166666666667 0.12046339202965708
0 0.7540208333333334 0.3758016682113068 0.02294791666666667 0.10535681186283596
0 0.531984375 0.5785078776645042 0.026369791666666666 0.1109545875810936
0 0.48901041666666667 0.364114921223355 0.03738020833333333 0.08757182576459685
0 0.43284374999999997 0.6848563484708063 0.026640624999999998 0.11777571825764596
1 0.045625 0.2757924003707136 0.03133333333333333 0.09887859128822984
0 0.6547552083333333 0.2384708063021316 0.025239583333333333 0.11216867469879518
0 0.448578125 0.5160889712696942 0.039703125 0.08371640407784986
0 0.444796875 0.27054680259499536 0.03763020833333333 0.09855421686746989
0 0.4114791666666667 0.47753475440222426 0.03709375 0.07497683039851714
0 0.33439583333333334 0.5701760889712697 0.0320625 0.09703429101019463
0 0.38910937500000004 0.36338276181649676 0.032567708333333334 0.08571825764596848
0 0.35296875 0.6479981464318815 0.04618229166666667 0.11047265987025023
0 0.444203125 0.5814457831325301 0.04140625 0.07934198331788693
0 0.5922499999999999 0.44030583873957363 0.024890625 0.12383688600556071
0 0.5664322916666666 0.46812789620018536 0.027901041666666668 0.11942539388322522
0 0.40733854166666666 0.39696941612604264 0.03540104166666667 0.051974050046339204
0 0.3797291666666667 0.5517794253938832 0.041213541666666666 0.07143651529193698
0 0.38006770833333337 0.45376274328081556 0.02999479166666667 0.07650602409638554
0 0.38523437499999996 0.5165523632993513 0.034484375 0.07363299351251158
0 0.198609375 0.44532900834105654 0.033171874999999997 0.10191844300278036
0 0.404296875 0.4329471733086191 0.03372395833333333 0.038239110287303056