0 0.55690625 0.13777571825764595 0.05520833333333333 0.11386468952734013
0 0.828875 0.34789620018535683 0.03576041666666666 0.13918443002780354
0 0.6412083333333333 0.48487488415199254 0.058604166666666666 0.0911306765523633
0 0.578046875 0.3557645968489342 0.05492708333333333 0.08739573679332716
0 0.39059375 0.16973123262279888 0.03754166666666667 0.11566265060240964
0 0.7879947916666666 0.7895273401297498 0.03959895833333334 0.13849860982391102
0 0.5622760416666667 0.2907043558850788 0.05175 0.11030583873957367
0 0.4596875 0.4400741427247451 0.03717708333333333 0.12677479147358664
0 0.88334375 0.4063484708063021 0.035671875 0.1277201112140871
0 0.5171979166666667 0.5163762743280815 0.039614583333333335 0.12406858202038926
0 0.7759479166666666 0.5108063021316033 0.04693229166666667 0.09088044485634847
0 0.6108125 0.433725671918443 0.051911458333333334 0.09903614457831325
0 0.6939010416666667 0.5446895273401298 0.042375 0.12795180722891566
0 0.6648072916666667 0.3952363299351251 0.04191666666666667 0.085032437442076
0 0.183015625 0.37151065801668215 0.032703125 0.14427247451343836
0 0.7050989583333334 0.4178313253012048 0.04099479166666666 0.09021316033364227
0 0.15409895833333334 0.6496663577386469 0.03714583333333333 0.16488415199258571
0 0.9179739583333333 0.7594810009267841 0.06075 0.13320667284522705
0 0.666484375 0.3321223354958295 0.03956770833333333 0.059063948100092675
0 0.72365625 0.4328915662650602 0.0388125 0.06832252085264133
0 0.6656666666666666 0.29495829471733087 0.037953125000000004 0.0740129749768304
0 0.7389270833333333 0.496079703429101 0.04240104166666667 0.08521779425393884