0 0.330609375 0.5086561631139944 0.054989583333333335 0.1509731232622799
0 0.280390625 0.6673308619091751 0.055651041666666665 0.14209453197405003
0 0.359875 0.3436515291936979 0.06131770833333334 0.10997219647822057
0 0.3497760416666667 0.4234383688600556 0.06863020833333335 0.09578313253012048
0 0.462671875 0.5359036144578313 0.03936979166666667 0.15564411492122335
0 0.5475 0.19411492122335494 0.035895833333333335 0.12928637627432807
0 0.4901770833333333 0.3751251158480074 0.04011979166666667 0.14776645041705283
0 0.2618697916666667 0.2554402224281742 0.06208333333333334 0.1371640407784986
0 0.39216666666666666 0.7617145505097312 0.042265625 0.16876737720111212
0 0.686515625 0.6317423540315107 0.042515624999999994 0.1675625579240037
0 0.2797708333333333 0.2885912882298424 0.05821354166666667 0.12949953660797034
0 0.09472916666666667 0.45241890639481 0.046859375 0.16236329935125116
0 0.25840104166666666 0.4894439295644115 0.05263541666666667 0.1146802594995366
0 0.6660260416666667 0.3116867469879518 0.025848958333333335 0.15368860055607045
0 0.12789583333333335 0.7124745134383689 0.05382291666666667 0.15187210379981464
0 0.22416666666666665 0.5201204819277109 0.0416875 0.11074142724745134
0 0.24103124999999997 0.4010565338276182 0.054078125 0.11930491195551436
0 0.19521354166666666 0.5920574606116775 0.07074479166666667 0.14413345690454124
0 0.8333489583333333 0.41368860055607043 0.0259375 0.1577849860982391
0 0.19577604166666665 0.54935125115848 0.059421875 0.14126042632066727
0 0.09727083333333333 0.37760889712696943 0.043171875 0.11844300278035218
0 0.24435937500000002 0.42168674698795183 0.049317708333333335 0.07618164967562559