0 0.3975677083333334 0.7617516218721038 0.06638020833333333 0.11224281742354031
0 0.48530729166666664 0.3438090824837813 0.041421875000000004 0.11752548656163114
0 0.6264531249999999 0.18512511584800742 0.03739583333333333 0.11857275254865617
0 0.40863020833333336 0.4989620018535681 0.052640624999999996 0.08821130676552363
0 0.5560416666666667 0.6277479147358666 0.040609374999999996 0.1386005560704356
0 0.5419583333333333 0.7762001853568119 0.042734375 0.14365152919369786
0 0.39626041666666667 0.6735032437442077 0.05022395833333334 0.1003521779425394
0 0.8512760416666667 0.6603799814643188 0.039390625 0.14789620018535682
0 0.34222395833333336 0.27781278962001854 0.05265104166666667 0.11807228915662651
0 0.4009427083333333 0.5868767377201112 0.047151041666666664 0.09732159406858203
0 0.29994791666666665 0.47052826691380906 0.051666666666666666 0.09571825764596849
0 0.5544635416666667 0.5267840593141798 0.039921875 0.11541241890639481
0 0.884671875 0.2995644114921224 0.034749999999999996 0.12898053753475439
0 0.30739062500000003 0.5372474513438369 0.04509375 0.08047265987025023
0 0.15658333333333332 0.5641612604263206 0.03984375 0.1480444856348471
0 0.057609375 0.5797590361445782 0.04433854166666666 0.14466172381835032
0 0.298125 0.7532344763670065 0.056026041666666665 0.10777571825764598
0 0.318296875 0.22430954587581095 0.05003125 0.12573679332715476
0 0.3439270833333333 0.5796385542168674 0.043046875000000005 0.08324374420759963
0 0.323546875 0.6238090824837813 0.04538020833333333 0.08860055607043558
0 0.31535416666666666 0.6665708989805376 0.045953125000000004 0.07916589434661724
0 0.307328125 0.7102409638554217 0.04952083333333333 0.09631139944392957