0 0.7077656250000001 0.6496663577386469 0.047125 0.11480074142724746
0 0.5498541666666666 0.34300278035217796 0.04529166666666666 0.08519925857275255
0 0.5296614583333333 0.27060240963855425 0.05291666666666666 0.08204819277108434
0 0.18105729166666668 0.6112233549582947 0.03372916666666667 0.1174050046339203
0 0.48584375 0.5650787766450417 0.03411979166666667 0.1190917516218721
0 0.5716927083333334 0.43967562557924006 0.04144791666666667 0.10499536607970343
0 0.5607343749999999 0.6607321594068581 0.030536458333333336 0.12063021316033364
0 0.40175 0.1527525486561631 0.029703125 0.10725671918443003
0 0.6699322916666667 0.460259499536608 0.044000000000000004 0.091241890639481
0 0.6504322916666666 0.41642261353104726 0.03621875 0.07283595922150139
0 0.7534531250000001 0.6582020389249306 0.039125 0.110064874884152
0 0.47762499999999997 0.7849582947173309 0.027098958333333333 0.12614457831325301
0 0.6144427083333334 0.5178591288229842 0.028265625000000003 0.12913809082483782
0 0.7368854166666666 0.3557738646895273 0.024802083333333332 0.1068767377201112
0 0.6190416666666666 0.33202965708989807 0.03322395833333333 0.056200185356811865
0 0.5706458333333334 0.1162557924003707 0.023692708333333333 0.10467099165894346
0 0.6167291666666667 0.39153846153846156 0.03772916666666667 0.08189063948100092
0 0.6138958333333334 0.2950787766450417 0.028395833333333335 0.053058387395736796
0 0.4306145833333333 0.37758109360519 0.03188020833333333 0.13192771084337349
0 0.767640625 0.4242446709916589 0.026177083333333333 0.11199258572752549
0 0.415203125 0.35905468025949955 0.028963541666666665 0.11878591288229841
0 0.7484270833333333 0.5946987951807229 0.031572916666666666 0.09888785912882299