0 0.26715104166666664 0.7096478220574607 0.05365104166666667 0.10584800741427247
0 0.47933333333333333 0.49789620018535685 0.031265625 0.09886005560704356
0 0.20112500000000003 0.42773864689527336 0.03430729166666667 0.11217794253938833
0 0.3740729166666667 0.5664411492122337 0.052109375 0.07787766450417052
0 0.308625 0.4020667284522706 0.03251041666666667 0.07911955514365153
0 0.847265625 0.6089156626506024 0.03294791666666667 0.11074142724745134
0 0.38716666666666666 0.18252085264133458 0.026708333333333334 0.09713623725671919
0 0.374515625 0.448239110287303 0.042421875000000005 0.0798887859128823
0 0.2767291666666667 0.5454772937905469 0.034229166666666665 0.10867469879518073
0 0.30299479166666665 0.36158480074142724 0.034583333333333334 0.08132530120481928
0 0.48926041666666664 0.27215940685820206 0.028828125 0.0872937905468026
0 0.7060937500000001 0.2875718257645969 0.028895833333333332 0.10634847080630214
0 0.37905729166666663 0.7314921223354958 0.03680208333333333 0.10754402224281744
0 0.32011979166666665 0.18072289156626506 0.043916666666666666 0.087451343836886
0 0.33160937500000004 0.4474976830398517 0.03833854166666666 0.0833920296570899
0 0.3043125 0.47293790546802594 0.03230729166666667 0.08269694161260427
0 0.3094375 0.6029101019462465 0.04247395833333333 0.10633920296570898
0 0.4834270833333333 0.6212326227988878 0.029093749999999998 0.10255792400370713
0 0.38629166666666664 0.34164967562557924 0.03972395833333333 0.07967562557924003
0 0.2850520833333333 0.31083410565338276 0.0388125 0.09606116774791475
0 0.296078125 0.5113809082483781 0.03165104166666667 0.09636700648748842
1 0.3754427083333333 0.02221501390176089 0.027911458333333337 0.04442075996292864
0 0.37541145833333334 0.3117238183503244 0.030427083333333334 0.042669138090824836