0 0.7741979166666667 0.5327896200185357 0.042791666666666665 0.11289156626506024
0 0.42206770833333335 0.15559777571825764 0.03425520833333333 0.10082483781278963
0 0.5556510416666666 0.126209453197405 0.048718750000000005 0.10629286376274327
0 0.7003645833333334 0.5739481000926784 0.042687499999999996 0.12670064874884152
0 0.622984375 0.45036144578313253 0.0523125 0.08667284522706209
0 0.892625 0.4823911028730306 0.03636458333333333 0.12042632066728452
0 0.657046875 0.5293790546802596 0.05391666666666666 0.09380908248378128
0 0.5991666666666667 0.4063206672845227 0.045796875 0.08297497683039852
0 0.5665989583333333 0.3419740500463392 0.048380208333333334 0.10522706209453198
0 0.7048645833333332 0.48452270620945315 0.03841666666666667 0.07502316960148285
0 0.8782031250000001 0.7678869323447636 0.06098958333333333 0.138887859128823
0 0.497921875 0.5024652455977757 0.03605729166666667 0.12296570898980538
0 0.4848854166666667 0.4347914735866543 0.03480208333333333 0.11269694161260425
0 0.74596875 0.5039666357738647 0.03959895833333334 0.08913809082483781
0 0.08397916666666667 0.4546617238183503 0.0319375 0.13530120481927713
0 0.7701875 0.7874606116774792 0.038489583333333334 0.12768303985171456
0 0.36068229166666665 0.6638554216867469 0.038593749999999996 0.1653475440222428
0 0.6943333333333332 0.44810009267840595 0.03702083333333333 0.07770157553290084
0 0.6877760416666666 0.4133271547729379 0.039463541666666664 0.07584800741427247
0 0.662796875 0.39063948100092677 0.040296875 0.07000926784059315
0 0.6733072916666667 0.3522057460611677 0.04066666666666666 0.05207599629286376
0 0.8414479166666666 0.4440222428174236 0.04086458333333333 0.127516218721038