0 0.22916145833333335 0.603790546802595 0.05434375 0.12115848007414272
0 0.25584375000000004 0.23588507877664505 0.04341145833333333 0.08269694161260427
0 0.256015625 0.37675625579240035 0.04265625 0.11174235403151066
0 0.48635416666666664 0.15772937905468026 0.030697916666666665 0.09708063021316034
0 0.6171979166666667 0.25943466172381835 0.029979166666666668 0.10306765523632994
0 0.13946874999999997 0.2990639481000927 0.030239583333333334 0.1103336422613531
0 0.263546875 0.8330305838739573 0.06053125 0.1280722891566265
0 0.4503020833333334 0.5125671918443002 0.032890625 0.10713623725671918
0 0.3266458333333333 0.6226876737720111 0.03422395833333333 0.11106580166821131
0 0.264734375 0.2729842446709917 0.036453124999999996 0.0694439295644115
0 0.3399739583333333 0.2546061167747915 0.056890625 0.06670991658943466
0 0.34596354166666665 0.21790546802594996 0.05638541666666667 0.08520852641334568
0 0.32752083333333337 0.38562557924003704 0.05630729166666667 0.07567191844300279
0 0.72884375 0.49192771084337344 0.029432291666666666 0.12481000926784058
0 0.3719427083333333 0.8348563484708063 0.03492708333333334 0.1381186283595922
0 0.32602083333333337 0.4553197405004634 0.049708333333333334 0.08158480074142725
0 0.24018229166666666 0.5135773864689527 0.05625 0.12546802594995365
0 0.14993229166666666 0.24329935125115845 0.024473958333333334 0.10094531974050046
0 0.2868645833333333 0.3166079703429101 0.0453125 0.08040778498609824
0 0.3343072916666667 0.1716218721037998 0.045989583333333334 0.0601112140871177
0 0.2655677083333333 0.3235217794253939 0.03621875 0.07905468025949954
0 0.2675416666666666 0.18575532900834107 0.043645833333333335 0.09772937905468027