0 0.58059375 0.4966265060240964 0.03634375 0.10063948100092679
0 0.41213541666666664 0.3882298424467099 0.030921874999999998 0.10454124189063947
0 0.5319322916666667 0.2649953660797034 0.03647916666666667 0.09060240963855422
0 0.8104427083333333 0.3622984244670992 0.032890625 0.09521779425393882
0 0.6480104166666667 0.3070806302131603 0.030286458333333332 0.0930583873957368
0 0.5397864583333334 0.35852641334569046 0.046260416666666665 0.06910101946246525
0 0.5524635416666667 0.41684893419833174 0.038984374999999995 0.07626506024096386
0 0.7121718749999999 0.7903985171455051 0.04801041666666667 0.10675625579240036
0 0.45689583333333333 0.29676552363299347 0.03264583333333333 0.09873957367933273
0 0.6238177083333334 0.8015199258572753 0.028802083333333332 0.12227988878591288
0 0.14575520833333336 0.5548007414272474 0.033229166666666664 0.1078498609823911
0 0.5034635416666666 0.4745227062094532 0.028302083333333335 0.10567191844300278
0 0.4398489583333333 0.4935032437442076 0.024734375 0.11911955514365154
0 0.670546875 0.48362372567191847 0.040317708333333334 0.10386468952734013
0 0.6322552083333334 0.4645690454124189 0.035333333333333335 0.07525486561631141
0 0.50309375 0.23450417052826691 0.023515625 0.0929935125115848
0 0.6259739583333332 0.38652455977757183 0.030932291666666667 0.07006487488415199
0 0.6195520833333333 0.43169601482854497 0.035744791666666664 0.07218721037998146
0 0.599 0.3993049119555144 0.041026041666666666 0.0745690454124189
0 0.6082291666666666 0.351760889712697 0.03482291666666667 0.05032437442075996
0 0.6027135416666667 0.3280630213160334 0.03249479166666667 0.05172381835032438
0 0.5918020833333333 0.30453197405004634 0.03697916666666667 0.0583595922150139