0 0.5630989583333333 0.4667191844300278 0.035354166666666666 0.10364226135310473
0 0.3190625 0.340518999073216 0.040380208333333334 0.08709916589434662
0 0.57265625 0.5561816496756256 0.036104166666666666 0.12531974050046338
0 0.430859375 0.37462465245597776 0.047 0.07482854494902687
0 0.35690625 0.5944578313253012 0.047098958333333336 0.10884151992585728
0 0.5442604166666667 0.33027803521779425 0.028348958333333334 0.13225208526413346
0 0.3732447916666667 0.8354587581093605 0.06469270833333333 0.13911028730305838
0 0.44966666666666666 0.22798887859128822 0.030229166666666665 0.11498609823911028
0 0.3055572916666666 0.30229842446709915 0.04094791666666667 0.0878035217794254
0 0.7364322916666667 0.3006209453197405 0.030614583333333334 0.13515291936978685
0 0.4497135416666667 0.44696941612604263 0.060744791666666666 0.07873030583873958
0 0.6372239583333333 0.8347173308619091 0.031119791666666667 0.15604263206672844
0 0.12139583333333334 0.4998980537534754 0.038885416666666665 0.1429471733086191
0 0.3486666666666667 0.3642910101946246 0.039703125 0.06344763670064875
0 0.8594114583333333 0.6391936978683967 0.032817708333333334 0.13696941612604263
0 0.346671875 0.40757182576459683 0.04425 0.08414272474513439
0 0.36536979166666667 0.5338461538461539 0.045515625 0.07070435588507878
0 0.37526041666666665 0.49757182576459685 0.04872916666666667 0.08840593141797962
0 0.44783333333333336 0.6508804448563484 0.06749999999999999 0.09269694161260426
0 0.3560260416666667 0.45729379054680264 0.04556770833333333 0.07981464318813716
0 0.34671875 0.4917516218721038 0.035609375000000006 0.10072289156626507
0 0.4542552083333333 0.5222335495829472 0.05285416666666667 0.09089898053753476