0 0.5206302083333333 0.8090925925925926 0.031005208333333333 0.09927777777777777
0 0.4371041666666667 0.5061296296296296 0.045036458333333335 0.07200000000000001
0 0.45396875 0.43200925925925926 0.03590625 0.06741666666666667
1 0.5689375 0.5686851851851852 0.020729166666666667 0.10093518518518518
0 0.4061458333333333 0.5816203703703704 0.042854166666666665 0.06917592592592592
0 0.5982239583333333 0.10992592592592593 0.02597395833333333 0.06912037037037037
0 0.628671875 0.41182407407407406 0.022302083333333333 0.09437962962962963
0 0.49757812500000004 0.5470648148148148 0.028796875 0.09632407407407408
0 0.5253177083333334 0.4813055555555555 0.026036458333333335 0.08957407407407407
0 0.43570312499999997 0.727 0.027270833333333334 0.09656481481481483
0 0.37937499999999996 0.657324074074074 0.043583333333333335 0.06280555555555556
0 0.3189427083333333 0.8849351851851852 0.02783333333333333 0.08949074074074075
1 0.21007291666666666 0.3653425925925926 0.02041666666666667 0.08806481481481482
0 0.3783125 0.5472592592592592 0.034791666666666665 0.07335185185185185
0 0.25691145833333334 0.4731203703703704 0.026786458333333332 0.08409259259259258
0 0.322078125 0.6050277777777777 0.04383333333333333 0.08177777777777777
0 0.24765625 0.8660740740740741 0.032828125 0.09292592592592593
0 0.34838020833333333 0.5767222222222222 0.0319375 0.06448148148148149
0 0.3903125 0.42342592592592593 0.030395833333333334 0.05321296296296296
0 0.24221354166666667 0.5128425925925926 0.027786458333333333 0.08847222222222222
0 0.381796875 0.4986203703703704 0.031359375 0.04995370370370371
0 0.5194739583333333 0.06341666666666666 0.018140625 0.06498148148148149
0 0.38629166666666664 0.4668425925925926 0.030239583333333334 0.05499074074074074
0 0.198796875 0.8566574074074075 0.03786458333333333 0.10393518518518519