0 0.6317395833333334 0.6497126969416126 0.049755208333333335 0.10374420759962928
0 0.5457708333333334 0.6545412418906394 0.031968750000000004 0.09827618164967564
0 0.799515625 0.3587673772011122 0.03034375 0.0989156626506024
0 0.5313541666666667 0.3240593141797961 0.029026041666666665 0.0914179796107507
0 0.5744947916666666 0.49795180722891563 0.0445 0.09385542168674699
0 0.5973385416666667 0.4189898053753475 0.03972395833333333 0.07366079703429101
0 0.6142447916666666 0.3508711770157553 0.046114583333333334 0.06664504170528267
0 0.6250833333333333 0.2936329935125116 0.045484375 0.0635495829471733
0 0.17891666666666667 0.33806302131603333 0.02654166666666667 0.08855421686746988
0 0.5622968749999999 0.8742539388322521 0.05003125 0.11286376274328082
0 0.6648020833333333 0.456598702502317 0.039093750000000003 0.09600556070435588
0 0.5098854166666666 0.43161260426320663 0.028005208333333333 0.10896200185356811
0 0.7331927083333334 0.132548656163114 0.042979166666666666 0.09083410565338276
0 0.6748229166666667 0.35974050046339207 0.033046875 0.07105653382761816
0 0.36627604166666666 0.8025857275254866 0.03168229166666667 0.11130676552363299
0 0.6969218749999999 0.32207599629286376 0.042859375000000005 0.07267840593141799
0 0.6653385416666667 0.12139944392956442 0.021984375 0.10247451343836886
0 0.57675 0.22081556997219648 0.027432291666666667 0.10404077849860983
0 0.6493125000000001 0.39049119555143647 0.036921875 0.05857275254865617
0 0.7842239583333334 0.39852641334569044 0.026130208333333335 0.10987025023169601
0 0.6898645833333333 0.29103799814643183 0.03657291666666666 0.06786839666357738
0 0.6590833333333334 0.4210194624652456 0.030411458333333332 0.0658758109360519