0 0.719328125 0.5142539388322521 0.045182291666666666 0.09557924003707136
0 0.69784375 0.4257738646895274 0.04830208333333333 0.08398517145505098
0 0.6067812499999999 0.3942817423540315 0.048427083333333336 0.10250231696014828
0 0.6233072916666667 0.47429101019462466 0.04184375 0.12349397590361445
0 0.885671875 0.7076088971269694 0.0488125 0.12538461538461537
0 0.7498489583333333 0.7374235403151065 0.03700520833333333 0.15376274328081557
0 0.6481197916666667 0.5310287303058387 0.053796875 0.1001760889712697
0 0.8713541666666667 0.46076923076923076 0.03352083333333333 0.14036144578313253
0 0.91084375 0.5140500463392029 0.037234375 0.13354031510658018
0 0.6609114583333333 0.3210194624652456 0.044119791666666665 0.1193790546802595
0 0.79034375 0.5815106580166821 0.04226041666666667 0.11692307692307692
0 0.11783333333333333 0.559805375347544 0.034499999999999996 0.15316033364226134
0 0.5431458333333333 0.3140593141797961 0.023104166666666665 0.14540315106580165
0 0.532484375 0.5044763670064876 0.028677083333333336 0.14555143651529195
0 0.4746666666666667 0.336144578313253 0.026348958333333335 0.13655236329935125
0 0.762578125 0.5563206672845227 0.04490625 0.09992585727525485
0 0.8342291666666667 0.6873957367933272 0.05847395833333333 0.1362279888785913
0 0.6010364583333333 0.748303985171455 0.02778125 0.15566265060240964
0 0.716140625 0.45537534754402226 0.045843749999999996 0.052289156626506024
0 0.71890625 0.6559314179796107 0.03398958333333334 0.161241890639481
0 0.6117083333333333 0.6175625579240037 0.03291145833333333 0.16556997219647823
0 0.708890625 0.30666357738646893 0.028822916666666667 0.13683966635773864