0 0.5829740680713128 0.3914676258992806 0.03685575364667747 0.12023021582733813
0 0.46279578606158833 0.29765467625899283 0.03541329011345219 0.08294964028776979
0 0.6543354943273907 0.20210071942446045 0.033970826580226904 0.12067625899280576
1 0.733452188006483 0.4164892086330935 0.03811993517017828 0.129136690647482
0 0.3565316045380875 0.1828201438848921 0.04536466774716369 0.12631654676258994
0 0.8384278768233386 0.2872661870503597 0.030777957860615882 0.14176978417266187
0 0.4753160453808752 0.3668201438848921 0.05041329011345219 0.07378417266187051
0 0.6241247974068072 0.4618561151079137 0.045461912479740685 0.12505035971223022
0 0.3951053484602917 0.5484748201438849 0.04518638573743922 0.09470503597122301
0 0.16032414910858994 0.4132086330935252 0.03444894651539708 0.142
0 0.4288006482982172 0.43382733812949636 0.045048622366288496 0.09650359712230215
0 0.4751458670988655 0.42984172661870507 0.046466774716369535 0.07818705035971224
0 0.3958103727714749 0.5066187050359713 0.041499189627228525 0.09746762589928057
0 0.3864100486223663 0.4100575539568345 0.032042139384116694 0.08188489208633093
0 0.7193760129659643 0.5547913669064748 0.03719611021069692 0.14258992805755394
0 0.39963533225283626 0.4522589928057554 0.042690437601296594 0.06529496402877698
0 0.48908427876823335 0.5604604316546762 0.05059967585089141 0.12585611510791367
0 0.3416288492706645 0.7888345323741007 0.04488654781199352 0.14274820143884892
0 0.3948217179902755 0.3537122302158274 0.037617504051863856 0.07130935251798562
0 0.4104538087520259 0.38320863309352515 0.03588330632090762 0.05269064748201439
0 0.48552674230145865 0.5032374100719424 0.046021069692058346 0.0862589928057554
0 0.6439222042139384 0.7767482014388489 0.07088330632090761 0.1538705035971223
0 0.388354943273906 0.3196834532374101 0.04266612641815235 0.04588489208633094