0 0.4740989583333333 0.6923632993512511 0.029395833333333333 0.09843373493975903
0 0.3949739583333333 0.8406116774791473 0.05042708333333333 0.11032437442075997
0 0.38559375 0.3189990732159407 0.03568229166666667 0.07391102873030583
0 0.31820833333333337 0.26456904541241894 0.044078124999999996 0.0839017608897127
0 0.386140625 0.6829008341056534 0.048859375000000003 0.0989341983317887
0 0.4089427083333333 0.4811306765523633 0.04772916666666667 0.06652455977757182
0 0.4120260416666667 0.4254587581093605 0.047572916666666666 0.06153846153846154
0 0.2737864583333333 0.1488044485634847 0.04022916666666666 0.08346617238183504
0 0.416984375 0.1386746987951807 0.025067708333333334 0.09001853568118628
0 0.32779166666666665 0.39557924003707134 0.031796874999999995 0.07413345690454123
0 0.352375 0.5649860982391103 0.04035416666666667 0.09063021316033365
0 0.819640625 0.39368860055607047 0.02715625 0.09901760889712698
0 0.3579114583333334 0.4307784986098239 0.038411458333333336 0.07227062094531975
0 0.38518749999999996 0.25841519925857276 0.027588541666666667 0.07674698795180723
0 0.47581770833333337 0.8533456904541242 0.032171875 0.09594995366079703
0 0.39343229166666666 0.37885078776645037 0.041625 0.0633920296570899
0 0.33609374999999997 0.4830583873957368 0.03478645833333334 0.09303985171455051
0 0.31503125 0.36372567191844296 0.0380625 0.07553290083410566
0 0.43628125 0.571835032437442 0.029244791666666665 0.09959221501390175
1 0.323546875 0.037757182576459686 0.024390625 0.07112140871177015
0 0.4155520833333333 0.5523076923076924 0.039427083333333335 0.06326227988878592
0 0.23747395833333332 0.4235217794253939 0.029197916666666667 0.0996478220574606
0 0.336625 0.44921223354958295 0.031802083333333335 0.058526413345690455