0 0.3141875 0.700843373493976 0.041192708333333335 0.08929564411492122
0 0.506640625 0.6117886932344764 0.038036458333333335 0.10264133456904541
0 0.39038541666666665 0.5893883225208527 0.048906250000000005 0.08126969416126043
0 0.2830833333333333 0.7252826691380908 0.037510416666666664 0.1071825764596849
0 0.37818229166666667 0.4642539388322521 0.04849479166666667 0.08902687673772011
0 0.3336770833333333 0.7771455050973123 0.05025 0.12224281742354032
0 0.271875 0.1531510658016682 0.04697916666666667 0.10027803521779426
0 0.46232291666666664 0.5145968489341983 0.030291666666666665 0.10499536607970343
0 0.39047395833333337 0.7222057460611677 0.04878125 0.09079703429101019
0 0.482984375 0.14906394810009269 0.02315625 0.10422613531047266
0 0.43525520833333337 0.35538461538461535 0.028119791666666668 0.10306765523632994
0 0.23678645833333334 0.35034291010194624 0.047510416666666666 0.11303985171455051
0 0.91990625 0.5070342910101947 0.03355208333333334 0.1129471733086191
0 0.30000520833333333 0.5078498609823912 0.036786458333333334 0.08074142724745134
0 0.5239479166666666 0.7085171455050974 0.027838541666666668 0.11256719184430027
0 0.38510416666666664 0.6546061167747915 0.05163020833333333 0.07053753475440222
0 0.5256302083333334 0.7965430954587581 0.027854166666666666 0.1273401297497683
0 0.32777083333333334 0.6017516218721037 0.039468750000000004 0.09144578313253013
0 0.08689583333333334 0.6214550509731233 0.03481770833333333 0.1146339202965709
0 0.29559375 0.6003707136237256 0.034213541666666666 0.11979610750695087
0 0.3152760416666667 0.642483781278962 0.039484375 0.0645227062094532
0 0.317828125 0.5510101946246524 0.03170833333333333 0.05672845227062095