1 0.82615625 0.8226320667284522 0.030213541666666666 0.105032437442076
0 0.5764947916666666 0.6640963855421687 0.03478125 0.09180722891566265
0 0.5350364583333334 0.4679703429101019 0.018270833333333333 0.08912882298424467
0 0.7304375000000001 0.3303985171455051 0.03130729166666667 0.08819277108433735
0 0.5981614583333333 0.37734939759036146 0.01838020833333333 0.07983317886932345
0 0.4869479166666667 0.5757831325301205 0.032359375 0.0805097312326228
0 0.6617135416666666 0.47672845227062094 0.031015624999999998 0.06966635773864689
0 0.5865677083333334 0.47634847080630216 0.03430729166666667 0.07153846153846154
0 0.7230677083333333 0.20897126969416124 0.024119791666666668 0.07114921223354959
0 0.4768072916666667 0.7606858202038924 0.03827604166666666 0.09796107506950881
0 0.5486927083333334 0.5455792400370714 0.03240625 0.06378127896200185
0 0.39393229166666666 0.6118535681186285 0.020270833333333335 0.0792029657089898
0 0.678921875 0.4413345690454124 0.031208333333333334 0.06967562557924005
1 0.48215625 0.4377201112140871 0.017562499999999998 0.07980537534754402
1 0.347125 0.33665430954587583 0.020755208333333334 0.08533827618164967
0 0.7698802083333334 0.4919647822057461 0.023765625000000002 0.08842446709916589
0 0.6267395833333332 0.42284522706209454 0.020552083333333335 0.06842446709916589
0 0.37695833333333334 0.7362372567191844 0.027802083333333335 0.09035217794253939
0 0.8135833333333333 0.2360982391102873 0.028046875000000002 0.08122335495829472
0 0.60471875 0.5676737720111213 0.02850520833333333 0.08268767377201112
0 0.6235989583333333 0.5437534754402225 0.026479166666666668 0.07860982391102872
0 0.5182447916666667 0.3644392956441149 0.014166666666666666 0.08306765523632993
0 0.6285000000000001 0.5059314179796107 0.025177083333333336 0.07958294717330862
0 0.6109270833333333 0.27127896200185353 0.01775 0.08804448563484708
0 0.7234322916666667 0.5246709916589435 0.019630208333333333 0.10954587581093606
1 0.8762708333333333 0.07230769230769231 0.024307291666666668 0.07944392956441149
1 0.3378072916666667 0.9116496756255792 0.023677083333333335 0.06854494902687673