0 0.5835677083333334 0.49413888888888885 0.052843749999999995 0.07783333333333334
0 0.6316354166666667 0.22355555555555556 0.044734375 0.11032407407407407
0 0.6645416666666667 0.588324074074074 0.042942708333333336 0.09018518518518519
0 0.7903541666666667 0.4211666666666667 0.03274479166666667 0.11153703703703703
0 0.582171875 0.5628425925925926 0.049505208333333335 0.0824074074074074
0 0.5843072916666666 0.6428703703703703 0.061947916666666665 0.11112962962962962
0 0.434421875 0.30009259259259263 0.026203125 0.11521296296296298
0 0.37718229166666667 0.19142592592592594 0.031244791666666667 0.10999074074074075
0 0.46157291666666667 0.5326666666666666 0.02575 0.12228703703703703
0 0.22765625 0.36542592592592593 0.02672916666666667 0.10416666666666667
0 0.6725208333333333 0.38196296296296295 0.03547395833333333 0.10296296296296296
0 0.3932395833333333 0.8021018518518518 0.030984375 0.1354537037037037
0 0.5691302083333334 0.3996388888888889 0.055135416666666666 0.07707407407407407
0 0.22819270833333333 0.6045648148148147 0.03372916666666667 0.13083333333333336
0 0.5737760416666667 0.43945370370370374 0.05098958333333334 0.0745
0 0.6396822916666667 0.40418518518518515 0.03741666666666667 0.052314814814814814
0 0.6930208333333333 0.7804907407407407 0.047609374999999995 0.13307407407407407
0 0.633875 0.49978703703703703 0.037078124999999997 0.07814814814814815
0 0.6574270833333333 0.5243703703703704 0.043458333333333335 0.053814814814814815
0 0.6480729166666667 0.45942592592592596 0.03778125 0.08311111111111112
0 0.6032552083333333 0.24594444444444444 0.04338541666666666 0.10414814814814816
0 0.7763281249999999 0.47009259259259256 0.02918229166666667 0.1259537037037037