1 0.3350766747376917 0.5170014556040757 0.026238902340597253 0.09212518195050946
1 0.7798224374495561 0.2541193595342067 0.021904761904761906 0.09368267831149928
0 0.24587570621468927 0.6036244541484717 0.026884584342211464 0.1031004366812227
0 0.3823809523809524 0.38490538573508004 0.024721549636803872 0.08915574963609899
0 0.39375302663438255 0.44243085880640465 0.02400322841000807 0.09055312954876274
0 0.17200161420500404 0.40755458515283843 0.027804681194511707 0.0869141193595342
0 0.37282485875706217 0.29831149927219797 0.025843422114608557 0.07912663755458516
0 0.4704842615012106 0.4318195050946143 0.03790960451977401 0.06620087336244541
0 0.4723728813559322 0.2186608442503639 0.03158999192897498 0.0842212518195051
0 0.5689023405972559 0.5231877729257642 0.028498789346246976 0.09903930131004368
0 0.48593220338983056 0.46628820960698686 0.03243744955609362 0.0749490538573508
0 0.3539790153349475 0.24026200873362447 0.023301049233252623 0.07100436681222708
0 0.5158595641646488 0.5537991266375546 0.032477804681194516 0.08264919941775838
1 0.38463276836158194 0.14973799126637555 0.01909604519774011 0.07724890829694323
0 0.5054721549636804 0.5159679767103348 0.032292171105730426 0.07765647743813683
0 0.6410330912025828 0.4507714701601165 0.026343825665859563 0.1022707423580786
0 0.6483535108958838 0.7565356622998545 0.042647296206618245 0.11279475982532751
1 0.712179176755448 0.9611353711790392 0.03037126715092817 0.07458515283842795
0 0.5243987086359968 0.40211062590975255 0.02451170298627926 0.054556040756914115
0 0.5654721549636804 0.7641048034934499 0.027667473769168685 0.11071324599708879
0 0.5277643260694108 0.3483551673944687 0.03327683615819209 0.08478893740902474
0 0.5340920096852301 0.4822707423580786 0.026941081517352704 0.08723435225618632
0 0.5351089588377724 0.44665211062590976 0.02807909604519774 0.06280931586608442
0 0.5585956416464891 0.48433770014556043 0.0245682001614205 0.09200873362445415
0 0.712041969330105 0.4837845705967977 0.027344632768361583 0.09506550218340612
0 0.47024213075060534 0.30788937409024747 0.03653753026634383 0.08343522561863173