0 0.5218072916666666 0.33309545875810936 0.051390625 0.0873401297497683
0 0.48716145833333335 0.26812789620018534 0.034567708333333336 0.10392029657089898
0 0.5806770833333333 0.4269138090824838 0.05465104166666667 0.08561631139944392
0 0.55371875 0.3816404077849861 0.040734374999999996 0.09070435588507877
0 0.7540677083333333 0.5424096385542169 0.04677604166666667 0.11971269694161259
0 0.28822916666666665 0.2800185356811863 0.035515625 0.13136237256719185
0 0.49176041666666664 0.44032437442076 0.03422395833333333 0.12663577386468952
0 0.4535572916666667 0.3351065801668211 0.03125 0.12961075069508804
0 0.5676249999999999 0.6616311399443929 0.050765625 0.1502038924930491
0 0.6103906250000001 0.37227062094531976 0.03676041666666666 0.08343836886005561
0 0.16503125000000002 0.3743373493975904 0.03216145833333333 0.14447636700648747
0 0.6779010416666666 0.4124467099165894 0.04961458333333334 0.10232622798887858
0 0.292921875 0.6011306765523633 0.03611458333333333 0.15650602409638556
0 0.7492447916666667 0.4544578313253012 0.038796874999999995 0.11653382761816496
0 0.6508072916666666 0.38603336422613527 0.03698958333333333 0.07948100092678406
0 0.6453333333333333 0.4980537534754402 0.035843749999999994 0.13550509731232624
0 0.8296145833333333 0.5829286376274329 0.05691145833333333 0.1328359592215014
0 0.731375 0.2953753475440222 0.026328124999999997 0.11118628359592216
0 0.5729947916666667 0.29454124189063946 0.038322916666666665 0.07740500463392029
0 0.600421875 0.29811862835959224 0.035854166666666666 0.07791473586654309
1 0.331765625 0.040342910101946246 0.029958333333333333 0.07761816496756256
0 0.6095052083333333 0.32369786839666354 0.034515625 0.037534754402224285
0 0.7531145833333334 0.319147358665431 0.027161458333333333 0.13457831325301206