0 0.7196250000000001 0.6183595922150139 0.046640625 0.12075996292863764
0 0.5223333333333333 0.37209453197405007 0.04590625 0.09631139944392957
0 0.24411979166666667 0.30833178869323447 0.03586458333333333 0.12404077849860982
0 0.6351510416666667 0.40381835032437446 0.02834375 0.08663577386468953
0 0.49125520833333336 0.2778683966635774 0.027536458333333333 0.1278962001853568
0 0.4223854166666667 0.2160982391102873 0.02657291666666667 0.1312233549582947
0 0.6019427083333333 0.43823911028730306 0.04491666666666667 0.08013901760889712
0 0.539640625 0.45202038924930493 0.04135416666666667 0.09950880444856348
0 0.6557135416666667 0.5243373493975904 0.043203125 0.10105653382761817
0 0.7015156250000001 0.7223818350324375 0.053619791666666666 0.1325208526413346
0 0.44349479166666667 0.4938461538461539 0.028260416666666666 0.136404077849861
0 0.5239947916666667 0.6294253938832252 0.045760416666666665 0.14024096385542167
0 0.5546562500000001 0.5229008341056535 0.04347395833333333 0.10538461538461538
0 0.45731249999999996 0.80967562557924 0.05009895833333333 0.15080630213160334
0 0.4112239583333333 0.3929008341056534 0.028354166666666666 0.13160333642261354
0 0.2618489583333333 0.6493049119555144 0.027921875 0.15092678405931417
0 0.6371822916666667 0.474772937905468 0.038901041666666664 0.08283595922150139
0 0.57875 0.3066543095458758 0.040125 0.07620018535681186
0 0.5946874999999999 0.3338183503243744 0.04077083333333333 0.06706209453197405
0 0.6050052083333333 0.37863762743280815 0.03902083333333333 0.048999073215940686
0 0.5820572916666666 0.26452270620945323 0.041479166666666664 0.059193697868396664
0 0.8364947916666666 0.3716404077849861 0.04830208333333333 0.1390268767377201