1 0.49604166666666666 0.16699721964782205 0.021895833333333333 0.08336422613531047
0 0.43836458333333334 0.41569045412418903 0.026427083333333334 0.09634847080630213
0 0.6010208333333333 0.5281278962001854 0.03891145833333333 0.06465245597775719
0 0.6319322916666666 0.6376645041705282 0.046453125 0.07413345690454123
0 0.20794270833333334 0.5330305838739574 0.026109375 0.10151992585727526
0 0.840203125 0.5322984244670992 0.029927083333333333 0.09795180722891567
0 0.5747864583333333 0.46215013901760893 0.04196875 0.06448563484708063
0 0.6196510416666666 0.590259499536608 0.03498958333333334 0.07154772937905468
0 0.527109375 0.5551621872103799 0.027963541666666664 0.10187210379981465
0 0.6273072916666667 0.37253938832252087 0.03671875 0.09584800741427248
0 0.5056354166666667 0.5032808155699722 0.025708333333333333 0.09835959221501389
0 0.6819270833333333 0.5384615384615384 0.02792708333333333 0.05451343836886006
0 0.5557656249999999 0.6254958294717331 0.02890104166666667 0.09139017608897126
0 0.6535520833333333 0.5610936051899907 0.033854166666666664 0.06949026876737721
0 0.5876354166666666 0.27617238183503245 0.036619791666666665 0.08253938832252085
0 0.676 0.5849768303985172 0.03409895833333333 0.0672937905468026
0 0.6305364583333334 0.6862279888785914 0.036296875 0.11097312326227989
0 0.5161354166666666 0.2877849860982391 0.019708333333333335 0.08486561631139944
0 0.6527499999999999 0.4918813716404078 0.03358333333333333 0.040639481000926785
0 0.6402291666666666 0.4759221501390176 0.030380208333333332 0.055699721964782206
0 0.7017916666666667 0.6416126042632067 0.037046875 0.0761631139944393
0 0.6551302083333332 0.5173401297497683 0.034880208333333336 0.04151065801668211
0 0.6913125 0.6113160333642261 0.0344375 0.06832252085264133