0 0.38842187499999997 0.6916589434661723 0.053677083333333334 0.10670991658943466
0 0.3289479166666667 0.22353104726598702 0.041604166666666664 0.10283595922150139
0 0.3903125 0.5056441149212234 0.049005208333333335 0.07476367006487489
0 0.3938333333333333 0.5879425393883225 0.05030208333333333 0.0766728452270621
0 0.30381250000000004 0.6571733086190917 0.0458125 0.0898239110287303
0 0.3036197916666667 0.1296663577386469 0.0414375 0.0946987951807229
1 0.6359166666666667 0.5257182576459685 0.03748958333333333 0.10220574606116775
0 0.25879166666666664 0.8641241890639481 0.050875000000000004 0.12635773864689528
0 0.54625 0.1233271547729379 0.03692708333333334 0.08572752548656164
0 0.30422916666666666 0.5964040778498609 0.043432291666666664 0.07534754402224282
0 0.27511979166666667 0.4289712696941613 0.034703124999999994 0.10280815569972197
0 0.334703125 0.5291936978683967 0.041453125 0.0819277108433735
0 0.8428020833333334 0.5685449490268768 0.03523958333333333 0.1160982391102873
0 0.49569270833333334 0.5789341983317886 0.03225 0.11369786839666358
0 0.7702395833333333 0.22642261353104726 0.035171875 0.10003707136237257
0 0.32 0.4934661723818351 0.039088541666666664 0.06768303985171455
0 0.4732291666666667 0.2933178869323448 0.04048958333333333 0.1031047265987025
0 0.6005989583333334 0.8443280815569972 0.039421875 0.11599629286376274
0 0.3081302083333333 0.5548285449490269 0.04336458333333334 0.04916589434661724
0 0.16319270833333333 0.5198239110287303 0.031182291666666664 0.12188137164040777
0 0.310609375 0.4468303985171455 0.03502604166666667 0.07190917516218721
0 0.49595833333333333 0.4463762743280815 0.026640624999999998 0.0988044485634847
0 0.3842708333333333 0.43444856348470806 0.04284375 0.07803521779425394