0 0.5919843749999999 0.6212789620018536 0.045083333333333336 0.12905468025949954
1 0.35067187499999997 0.5222335495829472 0.028859375 0.12999073215940685
0 0.495515625 0.451436515291937 0.048531250000000005 0.08606116774791474
0 0.7628281250000001 0.7298424467099166 0.05494270833333333 0.12054680259499535
0 0.41921875 0.15568118628359592 0.04458333333333333 0.09997219647822057
0 0.564328125 0.5590361445783133 0.05267708333333333 0.0801760889712697
0 0.6575833333333333 0.5620481927710844 0.04728645833333334 0.09158480074142725
1 0.9436145833333334 0.30905468025949956 0.02853125 0.12940685820203893
0 0.7283697916666667 0.46397590361445784 0.03311458333333333 0.11852641334569046
0 0.662546875 0.7360704355885079 0.03193229166666667 0.14013901760889713
0 0.4469427083333333 0.5447358665430955 0.0338125 0.11346617238183504
0 0.5383958333333333 0.5107599629286377 0.04169791666666667 0.08997219647822058
0 0.12328125 0.586987951807229 0.032010416666666666 0.1379147358665431
0 0.48995312500000004 0.2586190917516219 0.03993229166666667 0.10850787766450416
0 0.7412135416666668 0.4296385542168675 0.030677083333333334 0.11151065801668211
0 0.37684375 0.47675625579240033 0.029083333333333336 0.09854494902687673
0 0.173015625 0.16538461538461538 0.035421875000000005 0.11500463392029657
0 0.26593229166666665 0.17850787766450418 0.034395833333333334 0.11069508804448563
0 0.5692708333333333 0.44344763670064874 0.03827604166666666 0.06768303985171455
0 0.21777083333333333 0.31317886932344763 0.030822916666666665 0.12319740500463393
0 0.628296875 0.530064874884152 0.037557291666666666 0.08132530120481928
0 0.5860104166666668 0.4837998146431881 0.03588020833333334 0.0835681186283596
0 0.593640625 0.5135125115848008 0.03797916666666667 0.07943466172381834
1 0.8454635416666666 0.9406394810009269 0.03358333333333333 0.1158109360518999
0 0.5609999999999999 0.41739573679332714 0.03519791666666667 0.059379054680259495