0 0.3087916666666667 0.7011214087117702 0.046302083333333334 0.08579240037071362
0 0.3876145833333334 0.15565338276181648 0.04293229166666667 0.09312326227988879
0 0.34036458333333336 0.5748470806302132 0.04579166666666667 0.08123262279888786
0 0.3647604166666667 0.4682020389249305 0.051812500000000004 0.07498609823911029
0 0.49423958333333334 0.46709916589434664 0.029723958333333335 0.10343836886005561
0 0.155890625 0.5477942539388323 0.029078125 0.12175162187210381
0 0.4486354166666667 0.5556719184430028 0.030026041666666666 0.11377201112140872
0 0.5673125 0.2808711770157553 0.029640624999999997 0.10779425393883225
0 0.5026406250000001 0.13553290083410566 0.022901041666666667 0.10628359592215014
0 0.33028124999999997 0.6399999999999999 0.05873958333333333 0.08154772937905468
0 0.8617604166666666 0.4346524559777572 0.02618229166666667 0.11164967562557924
0 0.6151614583333332 0.6782391102873031 0.025015625 0.11774791473586654
0 0.25673958333333335 0.6204819277108434 0.040562499999999994 0.07296570898980538
0 0.13091666666666668 0.6097126969416126 0.030411458333333332 0.11647822057460612
0 0.34061458333333333 0.2620667284522706 0.04502083333333333 0.094967562557924
0 0.28567708333333336 0.582483781278962 0.040859375 0.07744207599629287
0 0.3087604166666667 0.3424745134383688 0.049609375 0.09814643188137165
0 0.2906666666666667 0.7563206672845227 0.02928645833333333 0.1298887859128823
0 0.23435416666666667 0.7038276181649675 0.04209895833333333 0.07948100092678406
0 0.2764479166666666 0.5407599629286376 0.035932291666666664 0.0754772937905468
1 0.4664895833333333 0.02273401297497683 0.028791666666666667 0.045458758109360516
0 0.2797135416666666 0.4910101946246524 0.03892708333333333 0.06108433734939759
0 0.2387291666666667 0.6474050046339203 0.03897916666666667 0.06213160333642262