0 0.35613541666666665 0.4442817423540315 0.04647916666666666 0.06855421686746987
0 0.3086302083333334 0.8148285449490269 0.04773958333333333 0.11697868396663577
0 0.36966666666666664 0.522224281742354 0.04222395833333333 0.09647822057460612
0 0.233953125 0.1615291936978684 0.042770833333333334 0.08718257645968489
0 0.30739583333333337 0.6624374420759963 0.0480625 0.09916589434661724
0 0.34970312499999995 0.3807692307692308 0.042687499999999996 0.061714550509731236
0 0.3361927083333333 0.2924374420759963 0.029822916666666664 0.08611677479147359
0 0.4361302083333333 0.3685542168674699 0.026619791666666667 0.09065801668211305
1 0.25859895833333335 0.026005560704355883 0.02323958333333333 0.05202038924930492
0 0.34885416666666663 0.14269694161260427 0.02284375 0.09367933271547729
0 0.526375 0.7660518999073216 0.028083333333333335 0.11532900834105653
0 0.5085729166666667 0.6489712696941613 0.025255208333333334 0.10595922150139017
0 0.417109375 0.29133456904541244 0.019359375 0.10140871177015756
0 0.46003645833333334 0.4340778498609824 0.028635416666666667 0.1043466172381835
0 0.291546875 0.49222428174235405 0.035916666666666666 0.08291936978683967
0 0.8276927083333334 0.4476645041705282 0.026963541666666667 0.10767377201112141
0 0.2783541666666667 0.3500463392029657 0.03266145833333333 0.050018535681186284
0 0.2820729166666667 0.3151436515291937 0.03216145833333333 0.04137164040778499
0 0.27868750000000003 0.40144578313253015 0.028739583333333332 0.09254865616311399
0 0.30751562499999996 0.4224745134383689 0.03482291666666667 0.07241890639481001
0 0.28920833333333335 0.4420852641334569 0.03326041666666667 0.038461538461538464
0 0.09352083333333333 0.4321964782205746 0.019557291666666664 0.1106209453197405
0 0.27698437499999995 0.38479147358665433 0.028838541666666665 0.05886932344763671