0 0.4111197916666667 0.7886561631139944 0.04957291666666667 0.16201112140871177
0 0.8906822916666666 0.31411492122335494 0.04429166666666667 0.14196478220574607
0 0.6893802083333332 0.3022706209453197 0.03920833333333333 0.1387117701575533
0 0.6429479166666667 0.4049490268767377 0.04180208333333334 0.13411492122335497
0 0.542109375 0.1684522706209453 0.050046875000000005 0.1303799814643188
0 0.440453125 0.422613531047266 0.0516875 0.08024096385542169
0 0.3679270833333333 0.3623818350324374 0.0476875 0.13183503243744207
1 0.02272916666666667 0.1341427247451344 0.031130208333333336 0.14104726598702502
0 0.5986041666666666 0.471177015755329 0.04273958333333334 0.13346617238183503
0 0.6733333333333333 0.1628637627432808 0.03240625 0.12860055607043558
0 0.26419270833333336 0.3687025023169601 0.03449479166666667 0.17140871177015754
0 0.5221614583333333 0.3866543095458758 0.04924479166666666 0.10013901760889712
0 0.13586458333333334 0.35329935125115847 0.030682291666666663 0.1727988878591288
0 0.4794791666666667 0.48694161260426316 0.05533333333333333 0.104902687673772
1 0.7969322916666666 0.42506950880444855 0.036348958333333334 0.13693234476367006
0 0.4605520833333333 0.22531047265987025 0.047359375 0.12369786839666358
0 0.4345416666666667 0.5360426320667284 0.05630729166666667 0.13825764596848936
0 0.23551041666666667 0.7541890639481 0.06703125 0.17426320667284523
0 0.39010416666666664 0.5030398517145505 0.05630729166666667 0.10225208526413346
0 0.49307812500000003 0.43751621872103796 0.05402604166666667 0.09506024096385542
0 0.8146041666666667 0.5031696014828545 0.037661458333333335 0.17271547729379055
0 0.41153125 0.4446061167747915 0.051468749999999994 0.06841519925857274
0 0.43686458333333333 0.3770991658943466 0.047635416666666666 0.05154772937905468
0 0.45192187500000003 0.3502316960148285 0.050671875000000005 0.08184430027803521