0 0.7167864583333333 0.38758109360519 0.04625520833333333 0.11234476367006488
0 0.6906197916666666 0.42062094531974054 0.046046875 0.09392029657089898
0 0.21957812499999999 0.7443373493975903 0.05091666666666667 0.16995366079703428
0 0.6019791666666666 0.4366079703429101 0.05163020833333333 0.09398517145505098
0 0.3905885416666666 0.48262279888785914 0.042416666666666665 0.12617238183503243
0 0.6538854166666667 0.328758109360519 0.04679166666666667 0.12642261353104725
0 0.8076927083333333 0.1602224281742354 0.05345833333333334 0.1333920296570899
0 0.5542604166666667 0.7389434661723819 0.06829687499999999 0.15054680259499537
0 0.8340833333333334 0.536793327154773 0.040192708333333334 0.14388322520852642
0 0.1595625 0.5501853568118629 0.039343750000000004 0.1638090824837813
0 0.5371614583333333 0.5554309545875811 0.058687500000000004 0.12074142724745135
0 0.6582760416666668 0.5415755329008342 0.0433125 0.1268303985171455
0 0.8094322916666666 0.2753846153846154 0.04649479166666667 0.126274328081557
0 0.14065104166666667 0.27215013901760887 0.03305729166666667 0.15585727525486562
0 0.57259375 0.2672196478220574 0.03129166666666667 0.1352363299351251
0 0.62271875 0.13102873030583873 0.03911979166666667 0.12357738646895274
0 0.45271354166666666 0.36788693234476366 0.030026041666666666 0.1552548656163114
0 0.7443020833333333 0.5462187210379982 0.044083333333333335 0.12096385542168675
0 0.5685468749999999 0.5092307692307693 0.04824479166666666 0.08646895273401298
0 0.8389322916666667 0.45982391102873027 0.03432291666666667 0.14161260426320668
0 0.6567291666666667 0.4412882298424467 0.04065625 0.054207599629286375
1 0.87846875 0.020945319740500463 0.030140624999999997 0.04188137164040778
0 0.6642708333333334 0.4824745134383689 0.041749999999999995 0.053799814643188136