0 0.29975 0.8497961075069508 0.03933333333333333 0.15373493975903613
0 0.6508437499999999 0.4511028730305839 0.03993229166666667 0.1044114921223355
0 0.6454427083333333 0.696737720111214 0.06608333333333333 0.13817423540315107
0 0.4313333333333333 0.6095922150139017 0.038359375 0.12435588507877665
0 0.5920052083333334 0.8588044485634847 0.0766875 0.1522798887859129
0 0.5559635416666667 0.45758109360519 0.030505208333333332 0.09676552363299351
1 0.3011979166666666 0.5675903614457831 0.028484375 0.13750695088044487
0 0.15092187499999998 0.7372196478220575 0.03153645833333333 0.13860982391102875
0 0.7304739583333333 0.5645505097312326 0.03605729166666667 0.14047265987025023
0 0.5882239583333334 0.6451343836886005 0.04116145833333333 0.09967562557924003
0 0.5709375 0.5906950880444857 0.04111979166666667 0.08279888785912883
0 0.32053645833333333 0.4741427247451344 0.0285 0.11865616311399443
0 0.5238437499999999 0.48533827618164965 0.03253125 0.08333642261353105
0 0.5140208333333333 0.5510009267840593 0.055265625 0.07885078776645041
0 0.511515625 0.6875625579240037 0.04249479166666667 0.14189063948100092
0 0.5122239583333333 0.5942632066728453 0.0515625 0.0744578313253012
0 0.5106666666666667 0.6445227062094533 0.04779166666666667 0.07298424467099165
1 0.5715729166666667 0.28544949026876737 0.028374999999999997 0.09042632066728451
1 0.9398593749999999 0.43718257645968495 0.025828125 0.1310009267840593
0 0.5942031249999999 0.5358572752548657 0.04121875 0.04573679332715477
0 0.42656770833333335 0.5518813716404078 0.03359375 0.09994439295644116
0 0.7208958333333333 0.6151065801668212 0.04025 0.12583873957367933
0 0.5823489583333333 0.583920296570899 0.0491875 0.0543466172381835
0 0.5807604166666667 0.7526042632066728 0.0593125 0.16195551436515293
1 0.546765625 0.9476088971269695 0.07096354166666667 0.07253938832252085
0 0.5870572916666668 0.5520203892493049 0.038697916666666665 0.04132530120481928