0 0.28975 0.558887859128823 0.05300520833333333 0.1637720111214087
0 0.28046354166666665 0.42016682113067655 0.04406770833333333 0.17240963855421687
0 0.41327604166666665 0.7239944392956442 0.07011979166666667 0.14850787766450418
0 0.13522916666666665 0.670787766450417 0.05021875 0.16666357738646898
0 0.5802552083333333 0.2895366079703429 0.057630208333333335 0.1555885078776645
0 0.43269270833333334 0.5309731232622799 0.073671875 0.097516218721038
0 0.419984375 0.44389249304911954 0.06301562499999999 0.11546802594995366
0 0.523265625 0.6826969416126043 0.061515625 0.12045412418906394
0 0.4697604166666667 0.27290083410565336 0.044333333333333336 0.12529193697868396
0 0.9014947916666666 0.5672196478220575 0.05333333333333334 0.1678683966635774
0 0.40572916666666664 0.3376737720111214 0.04696354166666667 0.16066728452270623
0 0.71890625 0.4870898980537535 0.04909895833333333 0.12156626506024096
0 0.49882291666666667 0.5559314179796108 0.054125 0.09788693234476367
0 0.4242604166666667 0.6318721037998146 0.06990625 0.09487488415199259
0 0.5434322916666667 0.45191844300278033 0.06786979166666667 0.08818350324374422
0 0.6944947916666667 0.5554216867469879 0.06090104166666667 0.17316033364226135
0 0.5492447916666666 0.39943466172381836 0.06245833333333333 0.08766450417052828
0 0.538921875 0.31868396663577386 0.052078124999999996 0.10354031510658017
0 0.4435677083333333 0.35518072289156627 0.03190625 0.11579240037071362
0 0.5385208333333333 0.5024745134383688 0.06340625 0.09788693234476367
0 0.5243541666666667 0.6060055607043559 0.059000000000000004 0.0822613531047266
0 0.4476614583333333 0.1901112140871177 0.04425520833333333 0.14295644114921224