0 0.618984375 0.40356811862835956 0.047427083333333335 0.07192771084337349
0 0.7483906250000001 0.3597590361445783 0.028729166666666663 0.10107506950880445
0 0.7007187500000001 0.36182576459684895 0.038989583333333334 0.07982391102873031
0 0.5703229166666667 0.4966543095458758 0.025901041666666666 0.11185356811862836
0 0.6272604166666667 0.3068767377201112 0.03740104166666667 0.09995366079703429
0 0.70896875 0.27117701575532904 0.03875520833333333 0.09848934198331788
0 0.5266614583333333 0.44196478220574603 0.027119791666666667 0.11619091751621873
0 0.5780364583333333 0.2996941612604263 0.028833333333333332 0.09927710843373494
0 0.53746875 0.3546153846153846 0.028307291666666668 0.09739573679332716
0 0.7126197916666667 0.5286654309545875 0.03284375 0.10008341056533827
0 0.5020416666666666 0.2172752548656163 0.019895833333333335 0.10313253012048193
0 0.6080677083333333 0.4805097312326228 0.04494270833333334 0.07039851714550509
0 0.14102604166666666 0.32746987951807227 0.033296875 0.10524559777571826
0 0.6405885416666667 0.5794624652455977 0.043854166666666666 0.10705282669138091
0 0.6870885416666667 0.40178869323447636 0.033713541666666666 0.07287303058387395
0 0.6622552083333333 0.4347822057460612 0.03824479166666667 0.06045412418906395
0 0.8057968750000001 0.43519925857275255 0.025432291666666666 0.11549582947173309
0 0.5980260416666667 0.5373308619091751 0.033640625 0.10489341983317887
0 0.6735 0.5030583873957367 0.0306875 0.09523632993512512
0 0.8135781249999999 0.39822057460611676 0.03252083333333333 0.09795180722891567
0 0.5795729166666667 0.5797497683039852 0.023182291666666667 0.11435588507877664
0 0.6737239583333333 0.47056533827618163 0.031171875 0.07027803521779426