0 0.4644114583333333 0.4453475440222428 0.04683333333333333 0.07772011121408712
0 0.45541666666666664 0.503725671918443 0.04736979166666667 0.086209453197405
1 0.06311458333333334 0.3640685820203892 0.028796875 0.12974050046339203
0 0.7084739583333334 0.20935125115848005 0.034390625 0.10258572752548656
0 0.4301770833333334 0.2516867469879518 0.04988541666666667 0.11798887859128823
0 0.229765625 0.5228266913809082 0.030901041666666667 0.12230769230769231
0 0.3566614583333333 0.6062001853568119 0.041713541666666666 0.09454124189063949
0 0.6949583333333333 0.6918535681186283 0.03563541666666667 0.15542168674698795
0 0.44532812499999996 0.5768211306765524 0.0486875 0.08642261353104727
0 0.448484375 0.691640407784986 0.04230208333333333 0.12934198331788693
0 0.34684375 0.4458387395736793 0.035562500000000004 0.09677479147358665
0 0.43828645833333335 0.6391195551436516 0.05693229166666667 0.07821130676552364
0 0.3771302083333333 0.4550695088044485 0.038875 0.07424467099165895
0 0.400875 0.549147358665431 0.041838541666666666 0.08589434661723819
0 0.3874375 0.5058387395736793 0.038510416666666665 0.06832252085264133
0 0.2634166666666667 0.7298239110287303 0.03066666666666667 0.14088044485634846
0 0.240421875 0.4748007414272474 0.03590104166666667 0.11110287303058387
0 0.333296875 0.6992400370713624 0.04338541666666666 0.13330861909175162
0 0.5895677083333334 0.5766265060240964 0.027359375000000002 0.10880444856348472
0 0.616234375 0.8270342910101947 0.034609375000000005 0.15653382761816498
0 0.5852083333333333 0.4434847080630213 0.039510416666666666 0.10873957367933271
0 0.8385625 0.4336793327154773 0.04180208333333334 0.12958294717330862
0 0.37543750000000004 0.5775254865616312 0.036421875000000006 0.0859221501390176
1 0.7040052083333334 0.5314735866543095 0.031276041666666664 0.12072289156626505