0 0.24988541666666667 0.7654680259499537 0.03802604166666667 0.1185356811862836
0 0.6704739583333333 0.2881835032437442 0.031677083333333335 0.1135032437442076
0 0.4548802083333333 0.3624745134383689 0.05344791666666667 0.11133456904541242
0 0.5205 0.2784893419833179 0.027114583333333334 0.10990732159406859
0 0.3893541666666666 0.48438368860055603 0.045989583333333334 0.11265987025023169
0 0.27268229166666663 0.5916496756255792 0.042708333333333334 0.0957645968489342
0 0.5165052083333334 0.49177015755329007 0.035807291666666664 0.10552363299351251
0 0.45595833333333335 0.6465060240963856 0.034026041666666666 0.12832252085264134
0 0.35959895833333333 0.5773679332715478 0.05371354166666666 0.10143651529193698
0 0.88453125 0.4638646895273401 0.031234374999999998 0.13980537534754403
0 0.7646458333333332 0.746404077849861 0.03490104166666667 0.1383781278962002
0 0.31890104166666666 0.6509638554216868 0.04575 0.14266913809082485
0 0.19007291666666667 0.7304911955514366 0.0501875 0.12755329008341057
0 0.34752083333333333 0.4064133456904541 0.03397395833333334 0.12143651529193698
0 0.33085416666666667 0.4634105653382762 0.041630208333333335 0.07088044485634848
0 0.22093749999999998 0.39817423540315106 0.03540104166666667 0.1155421686746988
0 0.23200520833333332 0.6174606116774791 0.03978645833333334 0.12524559777571825
0 0.32878124999999997 0.5112048192771085 0.03901041666666667 0.09147358665430955
0 0.3012447916666667 0.5392771084337349 0.041291666666666664 0.08139944392956441
0 0.43360937499999996 0.25417052826691383 0.044953125000000003 0.11733086190917516
0 0.41408854166666664 0.2459406858202039 0.030786458333333332 0.11341056533827619
0 0.18538020833333332 0.44936051899907326 0.02722916666666667 0.15761816496756256