0 0.16715625 0.40732159406858204 0.035453124999999995 0.10600556070435588
0 0.37173958333333335 0.19781278962001853 0.04616145833333333 0.09693234476367006
0 0.28362499999999996 0.7208619091751621 0.050666666666666665 0.11825764596848934
0 0.430328125 0.27060240963855425 0.03734895833333333 0.09361445783132531
0 0.319328125 0.5074050046339204 0.040640625 0.09266913809082483
0 0.2271875 0.7438183503243745 0.055078125 0.11489341983317887
0 0.4048697916666667 0.5036051899907321 0.055921875 0.07747914735866543
0 0.38509895833333335 0.5651807228915663 0.044041666666666666 0.11647822057460612
1 0.034994791666666664 0.2651992585727525 0.030526041666666667 0.11510658016682114
0 0.72334375 0.3299443929564411 0.029177083333333336 0.1203521779425394
0 0.408421875 0.4183503243744207 0.0455625 0.07565338276181649
0 0.5766822916666666 0.13995366079703428 0.027119791666666667 0.10557924003707136
0 0.31277604166666667 0.3181835032437442 0.03596354166666667 0.09204819277108434
0 0.5228229166666667 0.5082298424467099 0.028927083333333332 0.12008341056533826
0 0.5422552083333334 0.39697868396663577 0.02695833333333333 0.12227062094531975
0 0.416328125 0.3733086190917516 0.051828125 0.0596014828544949
0 0.327265625 0.4030398517145505 0.023973958333333333 0.07957367933271547
0 0.5332135416666667 0.8369323447636701 0.029578125 0.13906394810009268
0 0.3322760416666667 0.34923076923076923 0.03544791666666667 0.06387395736793328
0 0.3560520833333333 0.43516218721038 0.040906250000000005 0.0778498609823911
0 0.7913645833333334 0.6923262279888786 0.029828125 0.13275254865616312
0 0.3334322916666667 0.46531047265987024 0.037765625000000004 0.07242817423540315
0 0.34146354166666665 0.3887117701575533 0.033078125 0.048887859128822986