0 0.49363541666666666 0.4263484708063021 0.03244791666666667 0.10585727525486562
0 0.37471875000000004 0.4263484708063021 0.052145833333333336 0.07801668211306766
0 0.509453125 0.25059314179796105 0.02796875 0.10349397590361446
0 0.3780833333333333 0.5113994439295644 0.04581770833333333 0.07143651529193698
0 0.9120364583333332 0.38867469879518074 0.030536458333333336 0.11506024096385542
0 0.188125 0.5171177015755329 0.03184375 0.1263855421686747
0 0.4935208333333333 0.49772937905468023 0.033979166666666664 0.11596848934198331
0 0.42316145833333335 0.31723818350324373 0.025010416666666667 0.11431881371640407
0 0.39106250000000004 0.5710379981464319 0.05684895833333334 0.06486561631139943
0 0.7809114583333333 0.6454958294717331 0.028708333333333332 0.12138090824837813
0 0.329515625 0.5241519925857274 0.047234375 0.0728822984244671
1 0.323296875 0.04392029657089898 0.028932291666666665 0.08622798887859129
0 0.3900416666666667 0.633197405004634 0.04615625 0.07659870250231697
0 0.411375 0.7016218721037998 0.03763541666666667 0.13253012048192772
0 0.17681770833333335 0.45166821130676554 0.026515624999999998 0.1079610750695088
0 0.29530208333333335 0.45744207599629283 0.04110416666666667 0.06723818350324375
0 0.3022447916666666 0.4916682113067655 0.036744791666666665 0.06891566265060241
0 0.31481770833333333 0.3424374420759963 0.03476041666666666 0.09623725671918443
0 0.2768072916666667 0.3694810009267841 0.04348958333333333 0.10337349397590362
0 0.30513541666666666 0.5489063948100092 0.040072916666666666 0.04330861909175162
0 0.27839583333333334 0.3172752548656163 0.050104166666666665 0.09151992585727525
0 0.3140104166666667 0.6459406858202039 0.040130208333333334 0.0771177015755329
0 0.30509895833333334 0.6037627432808156 0.038609374999999994 0.09009267840593141