0 0.778140625 0.3571574074074074 0.03054166666666667 0.13068518518518518
0 0.7518385416666666 0.6612592592592592 0.05541666666666667 0.13487037037037036
0 0.4309791666666667 0.4925370370370371 0.03677083333333333 0.12773148148148147
0 0.5146666666666666 0.2979444444444444 0.05597916666666667 0.07864814814814815
0 0.539140625 0.3690925925925926 0.044744791666666665 0.09149074074074075
0 0.32393750000000004 0.2263148148148148 0.028854166666666667 0.12499074074074075
0 0.5454635416666667 0.4506203703703704 0.056140625000000006 0.09118518518518519
0 0.5752552083333333 0.5615833333333333 0.06653125 0.08587962962962963
0 0.6582343749999999 0.4648703703703704 0.057640625 0.09718518518518518
0 0.7089583333333334 0.9115833333333333 0.03690104166666666 0.13216666666666668
0 0.7881145833333334 0.8834814814814814 0.05156770833333334 0.13973148148148148
0 0.5999583333333334 0.40850925925925924 0.04525 0.08290740740740742
0 0.3700677083333333 0.12037037037037036 0.032838541666666665 0.10816666666666666
0 0.5036510416666666 0.666537037037037 0.032515625 0.15281481481481482
0 0.4258489583333333 0.3718888888888889 0.028880208333333334 0.1344074074074074
0 0.6107135416666666 0.3191851851851852 0.039953125 0.08101851851851852
0 0.6134791666666667 0.3583425925925926 0.03790625 0.06657407407407408
0 0.8051145833333333 0.4161203703703704 0.03373958333333334 0.1208148148148148
0 0.16096354166666668 0.7470925925925926 0.034833333333333334 0.15899074074074074
0 0.6338020833333334 0.44104629629629627 0.036494791666666665 0.10060185185185186
0 0.5345624999999999 0.11632407407407407 0.03991145833333333 0.11402777777777778
0 0.576703125 0.16008333333333333 0.027151041666666667 0.12572222222222224