0 0.5924895833333333 0.4932715477293791 0.06955729166666667 0.09848934198331788
0 0.6569687500000001 0.4264874884151993 0.044536458333333334 0.08770157553290082
0 0.6979635416666666 0.39572752548656165 0.03725 0.09285449490268767
0 0.4175520833333334 0.43618164967562556 0.03869270833333334 0.12321594068582019
0 0.6315833333333334 0.2264504170528267 0.054671875 0.1158109360518999
0 0.5455520833333334 0.23928637627432808 0.04971875 0.121177015755329
0 0.6174583333333333 0.6244856348470806 0.05315625 0.13121408711770158
0 0.667171875 0.3707043558850788 0.04183333333333333 0.06257645968489342
0 0.5780416666666667 0.36666357738646893 0.06096354166666666 0.09059314179796107
0 0.6646875 0.3163855421686747 0.04184895833333333 0.06176088971269694
0 0.7012031249999999 0.49202965708989804 0.045859375 0.1024374420759963
0 0.476796875 0.6914272474513438 0.037572916666666664 0.1502409638554217
0 0.59075 0.4308897126969416 0.05356770833333333 0.08960148285449492
0 0.737421875 0.5597405004633921 0.04700520833333333 0.10772011121408712
0 0.9394895833333333 0.3927988878591288 0.038109375 0.12410565338276182
0 0.4447291666666667 0.808433734939759 0.03728125 0.156339202965709
0 0.36426041666666664 0.19582020389249305 0.033526041666666666 0.138563484708063
0 0.04675520833333333 0.38404077849860985 0.035916666666666666 0.1459870250231696
0 0.79003125 0.6244300278035217 0.03448958333333333 0.1515477293790547
0 0.4864947916666667 0.5479703429101019 0.033713541666666666 0.14850787766450418
0 0.7223489583333333 0.6247636700648749 0.0519375 0.13535681186283596
0 0.68278125 0.47027803521779427 0.043250000000000004 0.09635773864689527