1 0.04710416666666666 0.17867469879518072 0.026614583333333334 0.0786468952734013
0 0.23760416666666667 0.6742910101946246 0.03172916666666667 0.10465245597775719
0 0.423296875 0.2815477293790547 0.041755208333333335 0.05569045412418907
0 0.15677083333333333 0.6667469879518072 0.05365104166666667 0.11661723818350324
0 0.31263541666666667 0.4906024096385542 0.026380208333333332 0.09954587581093605
0 0.2656822916666667 0.2710658016682113 0.023963541666666664 0.11022242817423542
1 0.5071979166666667 0.036932344763670064 0.025593750000000002 0.07386468952734013
0 0.48478125 0.18588507877664504 0.022776041666666667 0.07765523632993514
0 0.3793958333333334 0.3778962001853568 0.03503125 0.1059870250231696
0 0.47145312500000003 0.25152919369786836 0.023192708333333333 0.0917979610750695
0 0.22041145833333334 0.49334569045412424 0.04183333333333333 0.10052826691380908
0 0.391609375 0.35025949953660795 0.046510416666666665 0.06289156626506023
0 0.43749479166666666 0.24387395736793327 0.041328125 0.05258572752548656
1 0.11103645833333334 0.8328452270620945 0.03397395833333334 0.12036144578313253
0 0.40852083333333333 0.1802873030583874 0.03311458333333333 0.08250231696014829
0 0.400171875 0.3107599629286376 0.034609375000000005 0.06215940685820203
0 0.49038541666666663 0.29971269694161257 0.025854166666666668 0.0873401297497683
0 0.8310104166666666 0.38297497683039855 0.020927083333333332 0.11624652455977758
0 0.36416145833333335 0.31104726598702503 0.03174479166666667 0.05834105653382762
0 0.3273125 0.33973123262279886 0.03719791666666667 0.08269694161260427
0 0.3668802083333333 0.2431417979610751 0.02941145833333333 0.055458758109360524
0 0.3396354166666667 0.3253012048192771 0.028348958333333334 0.0640129749768304
0 0.36313020833333337 0.2727340129749768 0.029989583333333333 0.031371640407784986
0 0.30739583333333337 0.25542168674698795 0.020567708333333334 0.0974050046339203
0 0.2721145833333333 0.2526691380908248 0.020281249999999997 0.09121408711770158