0 0.34022395833333335 0.3347265987025023 0.04357291666666666 0.09428174235403151
1 0.6126874999999999 0.3833456904541242 0.02815625 0.11855421686746988
0 0.24129166666666665 0.18453197405004634 0.031151041666666667 0.0917516218721038
0 0.443953125 0.2655143651529194 0.024083333333333335 0.10666357738646895
0 0.3913072916666666 0.1961167747914736 0.030276041666666666 0.09422613531047266
0 0.476953125 0.5674235403151066 0.048203125 0.10253012048192771
0 0.41969270833333333 0.46486561631139944 0.049515624999999994 0.0964967562557924
0 0.3009479166666667 0.43199258572752547 0.034708333333333334 0.09670991658943466
0 0.182359375 0.19337349397590362 0.03830729166666667 0.11430954587581094
0 0.22114583333333335 0.4788415199258572 0.029276041666666665 0.11532900834105653
0 0.26035416666666666 0.3043929564411492 0.039281250000000004 0.1088693234476367
0 0.7528281250000001 0.6339759036144578 0.031005208333333333 0.12703429101019462
0 0.225265625 0.5587117701575534 0.029708333333333333 0.11593141797961075
0 0.49832291666666667 0.7334012974976831 0.05159375 0.1417979610750695
0 0.35655729166666666 0.40625579240037074 0.04097395833333333 0.06670064874884152
0 0.2782916666666667 0.3926876737720111 0.04315625 0.08945319740500463
0 0.3396354166666667 0.4657924003707136 0.032630208333333334 0.07750695088044485
0 0.7579947916666666 0.38042632066728455 0.027536458333333333 0.12393883225208525
0 0.20378125 0.2619184430027804 0.04238541666666666 0.10686746987951808
0 0.3422604166666667 0.5093327154772939 0.035453124999999995 0.0996478220574606
0 0.4305572916666666 0.5237720111214087 0.046 0.06922150139017609
1 0.14836458333333333 0.07053753475440222 0.026432291666666666 0.10100092678405932
0 0.36297916666666663 0.5448656163113994 0.03586458333333333 0.11003707136237258
0 0.3774635416666667 0.42998146431881373 0.035807291666666664 0.09449490268767377