0 0.3318541666666667 0.3463670064874884 0.037265625 0.08251158480074143
0 0.2843177083333333 0.5725671918443003 0.032156250000000004 0.08498609823911028
0 0.3535364583333333 0.2726598702502317 0.038921875 0.0841241890639481
0 0.5463541666666667 0.28773864689527345 0.025114583333333333 0.08037998146431882
0 0.3512135416666667 0.7112974976830398 0.03498958333333334 0.08779425393883225
0 0.763390625 0.3482483781278962 0.032546875 0.09044485634847081
0 0.4028333333333334 0.1504170528266914 0.03669791666666666 0.08298424467099166
0 0.27136979166666664 0.6750880444856349 0.041567708333333335 0.09849860982391102
0 0.34190625 0.6327803521779425 0.04602604166666667 0.07118628359592215
0 0.45911979166666667 0.16320667284522705 0.026479166666666668 0.07565338276181649
0 0.513515625 0.38368860055607046 0.028057291666666664 0.09235403151065802
0 0.36983333333333335 0.5091195551436516 0.03733854166666666 0.06276181649675626
0 0.651390625 0.6694717330861909 0.030213541666666666 0.11639481000926784
0 0.188453125 0.5367099165894347 0.026145833333333333 0.0996014828544949
0 0.3207291666666666 0.42123262279888785 0.028468749999999998 0.05290083410565338
0 0.3932604166666666 0.40238183503243746 0.04348958333333333 0.056682113067655235
0 0.216046875 0.48194624652455975 0.026927083333333334 0.09870250231696015
0 0.3790104166666667 0.5601575532900834 0.036432291666666665 0.08976830398517145
0 0.3155208333333333 0.46164967562557924 0.029510416666666664 0.058748841519925855
0 0.40011458333333333 0.45156626506024095 0.027744791666666668 0.1021501390176089
0 0.32815625 0.5092493049119555 0.03327083333333333 0.07177015755329008
0 0.30284375 0.5369879518072289 0.029927083333333333 0.08314179796107507