0 0.3004739583333333 0.36949026876737723 0.02890625 0.0843002780352178
0 0.3985208333333333 0.2738183503243744 0.03169270833333333 0.08099165894346617
0 0.41688020833333334 0.11283595922150139 0.03484895833333333 0.07443929564411492
0 0.36359895833333333 0.4417330861909175 0.030307291666666666 0.07574606116774792
0 0.5168958333333333 0.4183966635773865 0.020296875 0.0949212233549583
0 0.337671875 0.5721686746987952 0.038609374999999994 0.08896200185356812
0 0.29230208333333335 0.8542910101946246 0.044098958333333334 0.09410565338276182
0 0.5402916666666666 0.36 0.019994791666666668 0.09255792400370715
0 0.603734375 0.14155699721964782 0.021651041666666666 0.07507877664504171
0 0.715203125 0.3062557924003707 0.02469270833333333 0.09029657089898055
0 0.42661458333333335 0.44020389249304914 0.028791666666666667 0.07829471733086191
0 0.39696875 0.39429101019462465 0.029 0.06713623725671919
0 0.3832760416666667 0.36064874884151993 0.026598958333333332 0.053540315106580166
1 0.4754947916666667 0.023123262279888784 0.023380208333333333 0.04624652455977757
0 0.5440833333333334 0.5854772937905468 0.028869791666666665 0.08467099165894347
0 0.51571875 0.8610750695088045 0.022364583333333334 0.09985171455050973
0 0.44475 0.3424652455977757 0.027786458333333333 0.07553290083410566
0 0.4363489583333333 0.3844114921223355 0.026723958333333336 0.07426320667284522
0 0.4635729166666666 0.2568582020389249 0.030322916666666665 0.08723818350324374
0 0.380359375 0.3265894346617238 0.029015625 0.06058387395736794
0 0.4835729166666667 0.5636607970342911 0.023093750000000003 0.09314179796107507
0 0.2803020833333333 0.427321594068582 0.022364583333333334 0.08679332715477295
0 0.37226041666666665 0.4058758109360519 0.027536458333333333 0.0532159406858202
1 0.13755208333333335 0.21481927710843374 0.020364583333333335 0.08231696014828545
1 0.9136354166666667 0.021983317886932342 0.025036458333333334 0.043975903614457836
1 0.02175 0.46973123262279887 0.030619791666666667 0.087451343836886