0 0.5799427083333334 0.523790546802595 0.05418229166666667 0.11489341983317887
0 0.6508802083333334 0.605560704355885 0.04517708333333333 0.1343929564411492
0 0.524625 0.6336700648748842 0.053197916666666664 0.10075069508804448
0 0.6842135416666667 0.39870250231696014 0.03804166666666667 0.13172381835032437
0 0.47135937499999997 0.28410565338276184 0.04934375 0.13573679332715477
0 0.5221666666666667 0.7165801668211307 0.059182291666666664 0.15568118628359592
0 0.7116197916666667 0.7586376274328082 0.049124999999999995 0.1527525486561631
0 0.5372291666666666 0.4817979610750695 0.054036458333333336 0.09607043558850788
0 0.742078125 0.17521779425393882 0.03724479166666667 0.1156997219647822
0 0.8982239583333332 0.34537534754402227 0.03860416666666667 0.10888785912882298
0 0.45866666666666667 0.5649490268767378 0.05138541666666666 0.09072289156626506
0 0.5204739583333333 0.5552734012974977 0.0501875 0.06750695088044487
1 0.012953125000000001 0.2706950880444856 0.025901041666666666 0.14586654309545874
1 0.8030260416666667 0.569147358665431 0.03603125 0.13843373493975905
0 0.4472447916666667 0.5254402224281742 0.04754166666666667 0.07530120481927711
0 0.2933645833333333 0.5246895273401297 0.03652604166666666 0.17351251158480074
0 0.24526041666666665 0.47022242817423543 0.04003645833333334 0.14451343836886008
0 0.88625 0.5982020389249305 0.03633854166666666 0.15788693234476367
1 0.5894739583333333 0.039147358665430954 0.033463541666666666 0.07798887859128824
0 0.4204166666666667 0.686923076923077 0.05625 0.12595922150139016
0 0.43361979166666664 0.5896107506950881 0.05138020833333334 0.05908248378127896
0 0.4297239583333334 0.6564504170528267 0.05331770833333334 0.09685820203892494
0 0.15125 0.5195273401297498 0.039390625 0.1444578313253012
0 0.4486614583333333 0.4742539388322521 0.05219791666666666 0.06572752548656163
0 0.5192916666666666 0.16215940685820204 0.04992708333333333 0.12502316960148285