0 0.6804895833333333 0.777775718257646 0.04984895833333333 0.10746061167747915
0 0.6702343749999999 0.6570064874884152 0.03947916666666666 0.09009267840593141
0 0.6381927083333333 0.4724745134383689 0.03344791666666667 0.06156626506024097
0 0.495328125 0.3216496756255792 0.02228645833333333 0.0979147358665431
0 0.5865104166666666 0.6694995366079703 0.051333333333333335 0.0855421686746988
0 0.48553645833333337 0.43121408711770154 0.026703125 0.1078498609823911
0 0.49639062500000003 0.5480166821130676 0.029932291666666666 0.11040778498609824
0 0.5546666666666666 0.44529193697868397 0.03870833333333333 0.10233549582947174
0 0.765671875 0.5544578313253012 0.026114583333333333 0.11018535681186284
0 0.62071875 0.27335495829471734 0.032875 0.09101019462465246
0 0.29847395833333334 0.6664040778498609 0.029234375 0.11899907321594069
0 0.5027760416666667 0.18504170528266914 0.026197916666666664 0.08374420759962929
0 0.5344374999999999 0.6253938832252085 0.027713541666666668 0.12410565338276182
0 0.5817187500000001 0.16677479147358665 0.03619791666666667 0.09793327154772938
1 0.36403125000000003 0.5827432808155699 0.023901041666666668 0.1090917516218721
0 0.6301614583333334 0.5836700648748842 0.038046875 0.08033364226135312
0 0.2766822916666667 0.38544949026876735 0.02908854166666667 0.10088044485634846
0 0.6485572916666666 0.5264504170528267 0.037421875 0.0751899907321594
0 0.6014947916666666 0.33746061167747915 0.037307291666666666 0.09544949026876737
0 0.5728541666666668 0.7989712696941613 0.031421875 0.11816496756255793
0 0.5836510416666666 0.5860982391102872 0.04488541666666667 0.06513438368860056
0 0.6628541666666667 0.6057182576459685 0.03000520833333333 0.06156626506024097
0 0.7626979166666668 0.4864318813716404 0.02321875 0.0707970342910102