0 0.50171875 0.2726320667284523 0.03294791666666667 0.10703429101019463
0 0.70709375 0.7169601482854495 0.054718750000000003 0.10472659870250231
0 0.8204427083333333 0.5496663577386469 0.03188020833333333 0.1227062094531974
0 0.6277552083333333 0.5507043558850788 0.04652083333333333 0.0755236329935125
0 0.620328125 0.4665801668211307 0.05094791666666666 0.07612604263206672
0 0.704390625 0.5186376274328082 0.031989583333333335 0.08174235403151066
0 0.6973697916666667 0.39015755329008345 0.044119791666666665 0.10040778498609824
0 0.7401875 0.8578035217794254 0.043192708333333336 0.12487488415199259
0 0.6374375000000001 0.8657738646895273 0.035453124999999995 0.12567191844300277
0 0.7073854166666667 0.10912882298424467 0.042755208333333336 0.10822057460611677
0 0.702609375 0.4733456904541242 0.03515104166666667 0.053030583873957364
0 0.6621614583333333 0.24373493975903615 0.04041666666666666 0.1054124189063948
0 0.7110208333333333 0.6332437442075997 0.03526041666666667 0.09497683039851715
0 0.5513437499999999 0.45317886932344764 0.025572916666666667 0.11108433734939759
0 0.6330208333333334 0.6308155699721965 0.048531250000000005 0.0762279888785913
0 0.22939062500000001 0.327386468952734 0.0278125 0.11636700648748842
0 0.4267083333333333 0.14107506950880444 0.030197916666666665 0.1064967562557924
0 0.21840625 0.6647265987025023 0.0316875 0.11506950880444856
0 0.49270833333333336 0.6238739573679333 0.02490625 0.12818350324374422
0 0.6293645833333333 0.7020481927710843 0.03136979166666667 0.12868396663577386
0 0.678171875 0.5648470806302132 0.04078645833333334 0.07624652455977757
0 0.7005885416666667 0.5842075996292864 0.03466145833333333 0.05090824837812789
1 0.603125 0.015143651529193699 0.03268229166666667 0.03016682113067655