0 0.5292760416666666 0.37975 0.03802604166666667 0.08748148148148148
0 0.490125 0.4571388888888889 0.027026041666666667 0.10490740740740741
0 0.7419947916666667 0.7811296296296296 0.047093750000000004 0.10667592592592592
0 0.6031614583333333 0.4709814814814815 0.048203125 0.07237037037037036
0 0.5896302083333332 0.41128703703703706 0.036015625 0.07483333333333332
0 0.5689010416666667 0.3404722222222222 0.0464375 0.07041666666666667
0 0.670015625 0.47474074074074074 0.03551041666666667 0.08067592592592591
0 0.8283489583333333 0.37762037037037033 0.030421874999999998 0.09244444444444445
0 0.22655729166666666 0.5561574074074074 0.03255729166666667 0.10182407407407407
0 0.5036979166666666 0.818324074074074 0.03432291666666667 0.11906481481481482
0 0.47400520833333337 0.21496296296296297 0.02663541666666667 0.09921296296296298
0 0.45151041666666664 0.2838148148148148 0.023395833333333334 0.10224074074074074
0 0.565515625 0.2834074074074074 0.030494791666666667 0.0754537037037037
0 0.6610260416666667 0.2473611111111111 0.023989583333333335 0.10116666666666667
0 0.6279635416666667 0.5195833333333333 0.02821875 0.11791666666666666
0 0.6347760416666667 0.4114074074074074 0.036562500000000005 0.07244444444444444
0 0.6620260416666667 0.43752777777777774 0.032296874999999996 0.07357407407407407
0 0.6227343750000001 0.2893148148148148 0.030776041666666667 0.05962037037037037
0 0.6458854166666667 0.37265740740740744 0.03484895833333333 0.060583333333333336
0 0.6401927083333334 0.3128888888888889 0.032296874999999996 0.06947222222222223
0 0.63946875 0.335 0.03109375 0.05277777777777778
0 0.6626302083333333 0.38349074074074074 0.02908854166666667 0.056018518518518516