0 0.24213020833333332 0.526468952734013 0.039385416666666666 0.08213160333642262
0 0.182203125 0.45414272474513434 0.029578125 0.10509731232622799
0 0.40016145833333333 0.24171455050973123 0.03394791666666667 0.08120481927710844
0 0.6247760416666667 0.26704355885078773 0.024526041666666668 0.08567191844300277
0 0.36922916666666666 0.3154772937905468 0.033078125 0.08708989805375347
0 0.20706770833333332 0.6235217794253939 0.04045833333333334 0.10480074142724745
0 0.40010937500000004 0.5556997219647822 0.022817708333333336 0.11443929564411492
0 0.7784427083333333 0.5166172381835032 0.0275 0.10341983317886932
0 0.4418489583333333 0.3285356811862836 0.025921875 0.0823725671918443
0 0.375109375 0.4151992585727525 0.03930208333333333 0.06216867469879518
1 0.49594791666666665 0.11241890639481 0.021114583333333332 0.08236329935125117
0 0.26775000000000004 0.4980259499536608 0.02988020833333333 0.08185356811862836
0 0.404796875 0.4567377201112141 0.024307291666666668 0.10037998146431881
0 0.1545416666666667 0.4929471733086191 0.027302083333333334 0.10217794253938832
0 0.29365625 0.4875440222428174 0.03328125 0.07185356811862836
1 0.0784375 0.9214921223354958 0.033 0.11351251158480075
0 0.3268697916666667 0.5427803521779425 0.04004166666666666 0.10239110287303059
0 0.29091666666666666 0.4338461538461538 0.031875 0.0559870250231696
0 0.34207812499999996 0.4980722891566265 0.047239583333333335 0.07058387395736793
0 0.29080208333333335 0.5799536607970343 0.037083333333333336 0.06907321594068583
0 0.28055729166666665 0.6405004633920297 0.026026041666666666 0.11417979610750695
0 0.385140625 0.4297775718257646 0.031109374999999998 0.05
0 0.33193750000000005 0.37204819277108436 0.03133854166666667 0.09877664504170527
0 0.29808333333333337 0.40344763670064876 0.032421875 0.03599629286376275