0 0.42700520833333333 0.4512789620018536 0.02796875 0.08368860055607043
0 0.5425208333333333 0.5705282669138091 0.04072395833333333 0.1080259499536608
0 0.5536458333333333 0.21185356811862835 0.03393229166666667 0.08341056533827618
1 0.04209375 0.09846153846153846 0.022213541666666666 0.07987025023169603
0 0.43156770833333336 0.33861909175162186 0.02461979166666667 0.0860518999073216
0 0.5590364583333333 0.42083410565338275 0.0335625 0.06965708989805375
0 0.597109375 0.490982391102873 0.03268229166666667 0.09406858202038924
1 0.3588645833333333 0.3658572752548656 0.02209895833333333 0.09148285449490268
0 0.29643749999999996 0.27477293790546803 0.02266666666666667 0.09481927710843374
0 0.6425468750000001 0.36426320667284523 0.019984375 0.10178869323447637
0 0.49109895833333334 0.4405004633920297 0.03755208333333333 0.07515291936978684
0 0.2383125 0.4871177015755329 0.024364583333333335 0.10765523632993512
0 0.47122916666666664 0.8235866543095458 0.031515625 0.08999073215940685
0 0.5747864583333333 0.8284059314179796 0.047177083333333335 0.10897126969416127
0 0.4311979166666667 0.578619091751622 0.025979166666666668 0.11267840593141798
0 0.49536458333333333 0.21525486561631138 0.026890625 0.08282669138090826
0 0.558703125 0.3134291010194625 0.027848958333333333 0.03715477293790547
0 0.5547604166666668 0.3454772937905468 0.028833333333333332 0.051677479147358665
0 0.5044270833333333 0.3467840593141798 0.03053125 0.06069508804448563
0 0.5058333333333334 0.30873030583873956 0.030151041666666666 0.04517145505097313
0 0.6816145833333334 0.38710843373493975 0.024046875000000002 0.1001575532900834
1 0.5302552083333334 0.11549582947173309 0.030046874999999997 0.09764596848934198
0 0.5025052083333333 0.3928452270620945 0.03183333333333333 0.05680259499536608
1 0.8027083333333334 0.25001853568118626 0.019442708333333333 0.09863762743280816
0 0.5529322916666667 0.39607970342910104 0.030046874999999997 0.049518072289156626
0 0.538484375 0.37556997219647825 0.033041666666666664 0.05171455050973123