0 0.43859375 0.22683966635773864 0.049958333333333334 0.0708433734939759
0 0.47930208333333335 0.5021130676552363 0.04272916666666667 0.11883225208526413
0 0.5238697916666667 0.1659406858202039 0.030406250000000003 0.09583873957367933
0 0.5401510416666666 0.29189990732159404 0.02919270833333333 0.10345690454124189
0 0.2653697916666667 0.5702224281742354 0.051281249999999994 0.1115291936978684
0 0.312359375 0.4013160333642261 0.050104166666666665 0.10379981464318813
0 0.393375 0.47846153846153844 0.065078125 0.08177942539388322
0 0.7725052083333334 0.27178869323447635 0.030828124999999998 0.11305838739573679
0 0.42795833333333333 0.29030583873957366 0.05755208333333333 0.0807784986098239
0 0.4183385416666667 0.3810658016682113 0.05513020833333333 0.0766543095458758
0 0.5168854166666667 0.39049119555143647 0.029171875 0.11018535681186284
0 0.7192864583333333 0.5453104726598702 0.028895833333333332 0.12369786839666358
0 0.256921875 0.7657553290083411 0.046171875 0.12336422613531048
0 0.45534895833333333 0.8160611677479147 0.03527604166666667 0.1359036144578313
0 0.33589583333333334 0.37114921223354963 0.038234375 0.08253938832252085
0 0.36146354166666667 0.3405653382761817 0.037109375 0.07429101019462465
0 0.23103125 0.2679425393883225 0.038223958333333335 0.08899907321594068
0 0.36528645833333334 0.24195551436515292 0.037697916666666664 0.06658943466172382
0 0.3513958333333333 0.2935032437442076 0.035166666666666666 0.06544022242817424
0 0.34955729166666666 0.26183503243744205 0.03388541666666667 0.08613531047265986
0 0.34254687500000003 0.2285820203892493 0.041703124999999994 0.08721964782205746
0 0.22383854166666667 0.31319740500463394 0.0375 0.10736793327154773