1 0.0481484375 0.4219583333333333 0.0221640625 0.09181944444444444
0 0.4543828125 0.1798611111111111 0.022046875 0.07404166666666667
0 0.29071875 0.43091666666666667 0.021515625 0.08659722222222223
1 0.8578359375 0.09106944444444444 0.017585937500000003 0.08123611111111112
0 0.6255859375 0.22943055555555555 0.021296875 0.04954166666666667
0 0.6542656250000001 0.313125 0.0298359375 0.07934722222222222
0 0.7130234375 0.4398611111111111 0.0208984375 0.08704166666666667
0 0.565171875 0.23454166666666668 0.0223359375 0.08266666666666667
0 0.6903125 0.7338749999999999 0.0241640625 0.10025
1 0.7873359375 0.9327361111111112 0.02809375 0.09530555555555556
0 0.544921875 0.17844444444444443 0.0168671875 0.07815277777777778
0 0.576609375 0.28156944444444443 0.030226562499999998 0.05594444444444445
0 0.51059375 0.290375 0.02253125 0.08995833333333333
1 0.4312578125 0.2719722222222222 0.0186953125 0.0766388888888889
0 0.5893984375 0.30780555555555555 0.026296874999999997 0.08370833333333334
0 0.702625 0.5430138888888889 0.0229921875 0.09302777777777778
0 0.61965625 0.27645833333333336 0.0322734375 0.050986111111111114
0 0.6188281250000001 0.1864722222222222 0.0251328125 0.05538888888888889
0 0.612125 0.3564583333333333 0.0231328125 0.08802777777777779
1 0.9684296874999999 0.3636944444444445 0.018046875 0.08680555555555555
1 0.1420625 0.018444444444444444 0.0181640625 0.03690277777777778
0 0.635765625 0.4958472222222222 0.025500000000000002 0.09190277777777778
0 0.7276015625000001 0.2462361111111111 0.020484375 0.09248611111111112
0 0.550796875 0.5545 0.02553125 0.0936388888888889
0 0.6421875 0.2888472222222222 0.027523437499999998 0.058333333333333334
0 0.7680078124999999 0.7079722222222222 0.037367187499999996 0.097375
0 0.74565625 0.24654166666666666 0.020484375 0.08723611111111111
1 0.540125 0.012222222222222223 0.019 0.024458333333333332
1 0.15653125 0.9817638888888889 0.0313515625 0.035708333333333335
0 0.6191484375 0.21041666666666667 0.026609375 0.026555555555555558