0 0.4191328125 0.41987987987987985 0.028203125000000002 0.08572822822822823
0 0.39809765625 0.5325 0.030382812500000002 0.08803303303303303
0 0.519 0.7152552552552552 0.0345625 0.1211036036036036
0 0.553484375 0.44768768768768774 0.03019921875 0.07337837837837838
0 0.46920312500000005 0.7678678678678679 0.03180078125 0.11216216216216217
1 0.5963359374999999 0.08725225225225225 0.02353515625 0.07454204204204205
0 0.6627226562499999 0.45403153153153153 0.027609375000000002 0.0982057057057057
0 0.10485546875 0.655075075075075 0.025140625 0.10404654654654655
0 0.7180390625 0.8208258258258258 0.0341015625 0.11187687687687689
0 0.74209375 0.7832282282282282 0.0362734375 0.100990990990991
0 0.7066054687500001 0.6437237237237238 0.03341796875 0.0983108108108108
1 0.02615625 0.08543543543543543 0.0251015625 0.07793543543543544
1 0.38589843749999997 0.6541441441441442 0.02254296875 0.10316066066066065
0 0.75355859375 0.6234084084084084 0.02852734375 0.08828078078078078
0 0.7157734375 0.6611261261261261 0.02484375 0.11124624624624625
0 0.5447109375 0.6437987987987988 0.027175781249999996 0.09776276276276276
0 0.52918359375 0.23605105105105106 0.02784375 0.07765015015015016
0 0.5735 0.45686186186186184 0.026320312499999998 0.09543543543543544
0 0.7490546874999999 0.6533033033033033 0.029648437500000003 0.09015765765765767
0 0.8196562500000001 0.5826276276276275 0.029406250000000002 0.07286786786786786
0 0.79185546875 0.5884159159159159 0.0417890625 0.09084834834834835
0 0.43645703124999996 0.5198423423423423 0.03508984375 0.07481981981981982
0 0.8437578125 0.67503003003003 0.03251171875 0.10103603603603604
0 0.73367578125 0.6252627627627628 0.02613671875 0.06974474474474475
0 0.52961328125 0.21852102102102103 0.029441406250000003 0.0703003003003003