0 0.788609375 0.43542792792792795 0.01947265625 0.07146396396396396
0 0.20108203125 0.32135135135135134 0.028941406250000003 0.06052552552552553
0 0.42840625 0.6384834834834835 0.030453124999999998 0.08068318318318318
0 0.50706640625 0.2296996996996997 0.022671875 0.058483483483483485
0 0.77385546875 0.5983033033033034 0.03292578125 0.08412912912912913
1 0.23709375000000002 0.06647897897897898 0.01846875 0.06495495495495496
0 0.42212500000000003 0.41108108108108105 0.01926953125 0.057357357357357364
0 0.53808984375 0.3875075075075075 0.022089843749999998 0.0642042042042042
0 0.22628515624999998 0.7706081081081081 0.03490625 0.08155405405405405
0 0.78597265625 0.5745195195195195 0.0316015625 0.07014264264264265
0 0.77155078125 0.5090915915915916 0.0293828125 0.07066816816816816
1 0.96182421875 0.6974024024024025 0.021421875 0.09145645645645645
0 0.869203125 0.5127702702702702 0.02337890625 0.07080330330330331
1 0.72978515625 0.13276276276276278 0.019773437499999998 0.07099099099099099
0 0.7473203125000001 0.5093018018018018 0.025359375 0.07828078078078078
0 0.1551171875 0.6550675675675676 0.031453125 0.07870120120120119
0 0.53534375 0.44598348348348343 0.018109375 0.06385135135135135
0 0.7682421875000001 0.4208558558558559 0.02361328125 0.06666666666666667
1 0.05170703125 0.3705855855855856 0.015734375000000002 0.07932432432432432
0 0.67769140625 0.18570570570570571 0.02248828125 0.06635885885885887
0 0.88951171875 0.5218618618618619 0.027566406249999998 0.0704954954954955
0 0.80640234375 0.46966216216216217 0.0194296875 0.08228978978978979
0 0.49359374999999994 0.40463213213213217 0.0200625 0.05821321321321322
1 0.48583203125 0.45176426426426425 0.01863671875 0.07575075075075076
0 0.5921796875 0.3313063063063063 0.01854296875 0.06975975975975976
0 0.584515625 0.34927927927927926 0.019125 0.07493243243243243
0 0.81571484375 0.5491966966966967 0.020453125 0.08463963963963964