0 0.37684375000000003 0.6426426426426426 0.0560546875 0.13984984984984986
1 0.03944921875 0.615548048048048 0.027484375 0.15618618618618618
0 0.48997265624999997 0.3712762762762763 0.03890234375 0.12078828828828828
0 0.55305078125 0.6859459459459459 0.038894531249999996 0.14810810810810812
0 0.74873046875 0.7302552552552553 0.038921875 0.13472972972972974
0 0.51607421875 0.8650750750750751 0.05653125 0.1446171171171171
0 0.43629687500000003 0.7564114114114114 0.0334140625 0.1245945945945946
0 0.45835546875000005 0.7945120120120119 0.050624999999999996 0.139009009009009
0 0.5022968750000001 0.7847822822822822 0.05721875 0.13126876876876875
0 0.4033515625 0.27394894894894894 0.0475390625 0.10236486486486486
0 0.66866015625 0.8365615615615615 0.054417968750000004 0.12033033033033033
0 0.70284375 0.8559009009009009 0.040761718749999995 0.16197447447447447
0 0.43815625 0.3751951951951952 0.0395234375 0.11382132132132133
0 0.41980859375 0.5638288288288288 0.03416796875 0.12116366366366366
0 0.521625 0.4976051051051051 0.029367187500000003 0.10891891891891893
1 0.8058828124999999 0.6482657657657658 0.025859375 0.15322822822822824
0 0.44081640625 0.6348648648648648 0.039296874999999995 0.13614114114114115
0 0.46819140625 0.7139039039039039 0.029617187499999996 0.1004054054054054
0 0.41643359375 0.6596096096096097 0.03210546875 0.1529054054054054
0 0.49891015625 0.5137162162162162 0.04962109375 0.133003003003003
0 0.41742187499999994 0.2372897897897898 0.03166796875 0.10864864864864865
0 0.501 0.72 0.038125 0.13186186186186186
0 0.2944921875 0.7423873873873874 0.034546875 0.1517042042042042
0 0.46305078125000004 0.6925 0.036628906249999996 0.07191441441441442