0 0.8053945312499999 0.5852927927927928 0.04440234375 0.07487987987987987
0 0.43771875 0.4403678678678679 0.028265625 0.08225225225225226
1 0.6019765625 0.10323573573573573 0.0238828125 0.07614114114114114
0 0.8471132812500001 0.5890990990990991 0.0420234375 0.07376126126126126
0 0.7304999999999999 0.8114039039039038 0.0480546875 0.12291291291291291
0 0.544359375 0.4654354354354355 0.027707031250000003 0.07370870870870871
0 0.48234765625 0.7294219219219219 0.026265624999999997 0.10340840840840841
0 0.09965234375000001 0.6448198198198198 0.021828125 0.09873123123123123
0 0.5761875 0.4272072072072072 0.025894531250000002 0.0899924924924925
0 0.5304921874999999 0.6362462462462463 0.024417968749999998 0.09346846846846847
0 0.761625 0.6201801801801802 0.03225390625 0.0790990990990991
0 0.8493867187499999 0.6723573573573574 0.02247265625 0.10031531531531532
1 0.39533984375000003 0.6496321321321321 0.02290625 0.10332582582582582
0 0.7276835937499999 0.6436111111111111 0.032207031250000004 0.10706456456456458
0 0.754859375 0.780105105105105 0.030625000000000003 0.09810810810810812
0 0.75883984375 0.6536261261261261 0.03269140625 0.09557807807807808
0 0.400796875 0.528400900900901 0.024765625 0.07510510510510511
1 0.0425546875 0.09852102102102102 0.02151953125 0.07522522522522523
0 0.40999609374999996 0.5280105105105105 0.02790625 0.07122372372372372
0 0.6448671874999999 0.42335585585585583 0.02639453125 0.09519519519519519
0 0.51171484375 0.6803603603603604 0.02755859375 0.10356606606606605
0 0.51996875 0.23634384384384385 0.0333984375 0.0642042042042042
0 0.74077734375 0.6239414414414415 0.0238359375 0.06526276276276277
0 0.5134140625 0.21890390390390388 0.03284375 0.062237237237237245
0 0.7068125000000001 0.6331231231231231 0.03383984375 0.08851351351351351