0 0.50624609375 0.11567567567567569 0.041746093750000005 0.1025075075075075
0 0.557640625 0.26352852852852854 0.0439453125 0.11235735735735736
1 0.336421875 0.46872372372372373 0.024035156250000002 0.12608858858858857
0 0.69282421875 0.47821321321321325 0.03098046875 0.12436186186186186
0 0.80575390625 0.9379129129129129 0.052863281250000005 0.12417417417417417
0 0.49572656249999997 0.30634384384384383 0.034625 0.12116366366366366
0 0.52783203125 0.40132882882882887 0.048046875 0.0824024024024024
0 0.56328515625 0.511006006006006 0.04719140625 0.0849099099099099
0 0.60701953125 0.4037912912912913 0.037429687499999996 0.06969219219219219
0 0.4683359375 0.5062237237237237 0.03236328125 0.11268768768768768
0 0.4328984375 0.14617117117117115 0.027261718750000004 0.08755255255255255
0 0.540640625 0.4496171171171171 0.04862109375 0.08036036036036036
0 0.63665234375 0.5011261261261262 0.037339843750000004 0.093506006006006
0 0.59785546875 0.35734234234234236 0.03453515625 0.05987237237237237
0 0.41094921875 0.40945195195195194 0.02889453125 0.13418168168168168
0 0.58595703125 0.44005255255255254 0.04088671875 0.07676426426426426
1 0.43612890625 0.050412912912912916 0.024390625 0.0952927927927928
0 0.49691015624999996 0.6473048048048048 0.028511718749999998 0.14655405405405406
0 0.22318359375000002 0.5851801801801803 0.029726562499999998 0.13514264264264264
0 0.2467109375 0.31333333333333335 0.024734375 0.12666666666666668
0 0.61976171875 0.4676351351351351 0.0352734375 0.08048048048048048
0 0.7202460937499999 0.39734984984984983 0.024875 0.12262012012012014
0 0.71130859375 0.9641291291291292 0.03973828125 0.07174174174174175
1 0.88508984375 0.1457882882882883 0.01907421875 0.11555555555555555
0 0.7115820312500001 0.35366366366366364 0.02058984375 0.10861861861861863