0 0.24500390625000001 0.647972972972973 0.04375 0.14744744744744745
0 0.42836328124999995 0.6428003003003003 0.039316406250000005 0.14897897897897897
1 0.1828125 0.08427177177177177 0.0314765625 0.11116366366366366
0 0.5694921875000001 0.7731756756756756 0.03171484375 0.15707207207207208
1 0.6368945312500001 0.7046921921921921 0.033359375000000004 0.15023273273273274
0 0.16769921875 0.6901426426426426 0.035359375 0.15492492492492493
0 0.28819531249999997 0.48719219219219223 0.03255078125 0.15037537537537538
0 0.49758593749999996 0.5359984984984986 0.03330078125 0.12385885885885885
0 0.21623046875 0.2278978978978979 0.02785546875 0.11936936936936937
0 0.2026953125 0.693460960960961 0.04580078125 0.1505930930930931
1 0.82682421875 0.5529054054054054 0.032859375 0.120503003003003
0 0.657265625 0.6358633633633634 0.070703125 0.06201201201201201
0 0.16130078125 0.8743993993993995 0.0375703125 0.1666216216216216
0 0.1840703125 0.8090990990990992 0.03594921875 0.14870870870870873
0 0.25246484375 0.2111186186186186 0.02899609375 0.12565315315315315
0 0.29597265625 0.7996396396396396 0.0377734375 0.15084084084084085
0 0.61265625 0.5563138138138138 0.03723046875 0.14372372372372372
0 0.18081640625 0.6113513513513514 0.0365078125 0.10297297297297298
0 0.637875 0.5615615615615616 0.03362109375 0.10510510510510511
0 0.67275390625 0.5374174174174174 0.0544921875 0.10234234234234234
0 0.67979296875 0.5673573573573574 0.0326015625 0.11368618618618619
0 0.051828125 0.7675225225225225 0.06588671874999999 0.08403153153153153