0 0.3495546875 0.6365165165165165 0.055410156249999995 0.11274774774774775
1 0.3561015625 0.13971471471471472 0.02684375 0.0906981981981982
0 0.26680468749999997 0.6804729729729729 0.0526640625 0.11506006006006006
1 0.11503515625 0.599924924924925 0.025257812499999997 0.10877627627627627
0 0.6535 0.6858258258258259 0.0217890625 0.0966966966966967
0 0.39800390625 0.7351576576576577 0.030636718750000003 0.11220720720720721
0 0.69242578125 0.678536036036036 0.024535156250000002 0.09893393393393393
0 0.4063359375 0.7572297297297297 0.041078125 0.11802552552552553
0 0.46084375 0.32674174174174175 0.029578125 0.0954054054054054
0 0.64457421875 0.6251201201201201 0.025863281249999998 0.10120870870870871
0 0.43852734375 0.30775525525525527 0.02216796875 0.09453453453453453
0 0.29255078125 0.7082732732732733 0.0275625 0.11767267267267267
0 0.295390625 0.6373873873873874 0.0289609375 0.11178678678678679
0 0.79778515625 0.7171921921921922 0.029046875 0.10831081081081081
1 0.7197890625000001 0.6424924924924924 0.0206015625 0.10495495495495497
0 0.5071015625 0.5702177177177177 0.02423046875 0.12393393393393394
0 0.34847656250000003 0.5688438438438439 0.02757421875 0.06012012012012012
0 0.7919335937499999 0.6868768768768768 0.024078125 0.08695945945945946
0 0.62072265625 0.3884234234234234 0.02335546875 0.08016516516516517
0 0.426953125 0.6673723723723725 0.028933593749999997 0.12359609609609609
0 0.31702734375 0.5928678678678679 0.0311953125 0.1131006006006006
0 0.49448437500000003 0.6451201201201201 0.0271328125 0.1150900900900901
0 0.5993671875000001 0.3815315315315315 0.024703125 0.08137387387387388
0 0.416140625 0.7032582582582583 0.0223359375 0.08014264264264265