0 0.78231640625 0.5143693693693694 0.026746093749999998 0.06012012012012012
0 0.6044335937499999 0.47478978978978975 0.02074609375 0.07284534534534534
1 0.9724101562499999 0.6863438438438438 0.01926953125 0.08885135135135135
0 0.79009375 0.44554054054054054 0.024773437500000002 0.07015015015015015
0 0.7682890625 0.43365615615615616 0.02628125 0.06771771771771772
0 0.44029687500000003 0.43548798798798805 0.02166796875 0.05632132132132132
0 0.54291796875 0.22843843843843842 0.0169140625 0.056621621621621626
0 0.23610546875 0.7513813813813814 0.025718750000000002 0.06497747747747748
0 0.820359375 0.5747147147147147 0.025003906250000003 0.07144144144144143
0 0.8196796875000001 0.47339339339339337 0.021617187500000003 0.07297297297297298
1 0.1466640625 0.3612987987987988 0.01466015625 0.07051051051051051
0 0.704359375 0.1901876876876877 0.0168671875 0.0646021021021021
0 0.49723046875000004 0.6340315315315315 0.03075390625 0.06261261261261261
0 0.2135703125 0.6713888888888888 0.02114453125 0.06566816816816817
1 0.7566015625 0.16244744744744744 0.02005078125 0.06600600600600601
0 0.75588671875 0.5245945945945946 0.01802734375 0.06640390390390391
1 0.30425390625 0.09142642642642643 0.01675 0.056591591591591585
0 0.61283984375 0.34703453453453453 0.02203125 0.06626876876876876
0 0.8269492187499999 0.5402477477477478 0.01777734375 0.051899399399399394
0 0.25161328125 0.3306081081081081 0.01747265625 0.058663663663663664
1 0.5336875 0.43939939939939937 0.019773437499999998 0.0661036036036036
0 0.90383203125 0.5581456456456457 0.024617187500000002 0.08039039039039039
0 0.573625 0.4092267267267268 0.01846484375 0.07415165165165165
0 0.80387109375 0.5821996996996998 0.0253046875 0.07138138138138138
0 0.6264921875 0.3522897897897898 0.02061328125 0.06906156156156155
0 0.8995820312499999 0.5166441441441442 0.02353515625 0.05183933933933934
0 0.53386328125 0.408003003003003 0.020609375 0.03132882882882883