0 0.652703125 0.8820570570570572 0.05150781250000001 0.10309309309309309
0 0.6296875 0.44453453453453456 0.053734375 0.12167417417417417
0 0.3481796875 0.31487237237237237 0.0331015625 0.10627627627627628
0 0.55980078125 0.8655105105105104 0.0610078125 0.09975975975975976
0 0.48039062499999996 0.6244519519519519 0.04122265625 0.13187687687687688
0 0.3220234375 0.45296546546546546 0.036941406249999996 0.1113888888888889
0 0.62151171875 0.7406456456456456 0.0465234375 0.09904654654654656
0 0.56455859375 0.593475975975976 0.05861328125 0.07981981981981981
0 0.77776171875 0.7257732732732732 0.034265625 0.13702702702702704
0 0.4907265625 0.9191966966966966 0.03943359375 0.14376876876876876
0 0.6387539062500001 0.1370720720720721 0.0359375 0.10846846846846846
0 0.15901171875 0.7909384384384384 0.04250390625 0.13695195195195195
0 0.5431132812499999 0.1597897897897898 0.03301953125 0.09153903903903904
0 0.65998828125 0.8113363363363364 0.042671875 0.11636636636636637
0 0.6437421875 0.6317267267267268 0.03975 0.07302552552552552
1 0.29627734375000003 0.6916291291291291 0.026273437500000003 0.14213213213213213
0 0.64732421875 0.6832882882882882 0.039394531249999996 0.08888138138138138
0 0.53983203125 0.7604279279279279 0.03666796875 0.156006006006006
0 0.6568125 0.3228303303303303 0.0427734375 0.11438438438438439
0 0.5522734375 0.6707957957957958 0.06276171875 0.07688438438438439
0 0.77983984375 0.6363588588588589 0.025773437500000003 0.1235885885885886
0 0.55866015625 0.7237537537537537 0.06123046875 0.08913663663663664
0 0.65165234375 0.7506456456456456 0.03603125 0.07427177177177177