0 0.65398828125 0.885457957957958 0.05226953125 0.10434684684684685
0 0.6318984375000001 0.4479129129129129 0.053804687500000004 0.12261261261261261
0 0.34936328125 0.31553303303303304 0.033535156249999996 0.10804804804804805
0 0.6196015625 0.7466141141141142 0.04795703125 0.09707957957957958
0 0.5659609375 0.6031306306306307 0.0596796875 0.08227477477477478
0 0.31253125000000004 0.4567117117117117 0.03494921875 0.1140015015015015
0 0.7785585937499999 0.7289414414414415 0.035078125 0.13713963963963963
0 0.63977734375 0.14064564564564566 0.0365234375 0.10873123123123124
0 0.56066015625 0.86753003003003 0.06036328125 0.10239489489489488
0 0.4725703125 0.6267567567567568 0.0375 0.12875375375375375
0 0.49260937499999996 0.914024024024024 0.034687499999999996 0.15186936936936937
0 0.64676953125 0.6290615615615616 0.03955078125 0.0721921921921922
0 0.5442265625 0.16211711711711713 0.03227734375 0.09367117117117117
0 0.64821484375 0.6895345345345346 0.03948046875 0.08905405405405406
1 0.29286328125 0.6906456456456457 0.0258984375 0.14095345345345345
0 0.6616484375 0.3261936936936937 0.043199218750000004 0.11512762762762763
0 0.6616953125 0.8189789789789791 0.04218359375 0.11581081081081081
0 0.171109375 0.7870795795795796 0.03165234375 0.14181681681681682
0 0.55801171875 0.6753903903903904 0.0545859375 0.06957957957957958
0 0.781265625 0.6378003003003002 0.02452734375 0.12268768768768767
0 0.56475390625 0.7268468468468469 0.05334375 0.08825075075075074
0 0.65478125 0.750503003003003 0.0354296875 0.06883633633633633
0 0.53188671875 0.7662837837837838 0.03909375 0.16277027027027027