0 0.5456875 0.29947447447447445 0.048843750000000005 0.09012012012012012
0 0.40579296875 0.34087837837837837 0.02655078125 0.12032282282282283
0 0.4200859375 0.11546546546546547 0.028671875000000003 0.09495495495495496
0 0.474546875 0.4865315315315315 0.0388359375 0.1128078078078078
0 0.58665234375 0.21054054054054053 0.0379765625 0.1085135135135135
0 0.46663671874999996 0.09707207207207208 0.030265625 0.09883633633633634
0 0.78758203125 0.9165165165165164 0.049648437499999996 0.125518018018018
0 0.20361328125 0.4223948948948949 0.033371093750000004 0.12812312312312313
0 0.27212109375 0.251051051051051 0.026937499999999996 0.10932432432432433
1 0.33768359375 0.4497372372372372 0.023304687499999997 0.12682432432432433
0 0.38163281250000003 0.575503003003003 0.026980468749999997 0.12686186186186185
0 0.71512109375 0.9521171171171171 0.03955078125 0.09575825825825826
0 0.5709765625000001 0.4343618618618619 0.044656249999999995 0.09756006006006006
0 0.56803515625 0.3799099099099099 0.044109375 0.11586336336336338
0 0.5297578125 0.25237237237237237 0.029429687500000003 0.08550300300300301
0 0.64414453125 0.49160660660660666 0.057449218749999996 0.06878378378378379
1 0.88993359375 0.12437687687687687 0.021492187500000003 0.11450450450450451
0 0.58891015625 0.36184684684684687 0.032140625 0.07298798798798799
0 0.6162890625 0.40581831831831827 0.03046875 0.06861861861861862
0 0.730734375 0.38927177177177175 0.027296874999999998 0.11563063063063064
1 0.43736328125 0.039767267267267266 0.026972656249999998 0.07273273273273273
0 0.6045546875000001 0.49593093093093094 0.05161328125 0.10916666666666666
0 0.60321484375 0.4292717717717717 0.03398828125 0.06426426426426426
0 0.71208203125 0.3593393393393393 0.0210078125 0.09717717717717718
0 0.62312109375 0.4448573573573573 0.025890625 0.03456456456456456