0 0.36015234375 0.6423198198198199 0.05856640625 0.13784534534534534
0 0.575 0.6898198198198199 0.04158984375 0.15610360360360362
1 0.056484374999999996 0.6105480480480481 0.02901171875 0.15295795795795797
0 0.4221640625 0.7506831831831832 0.05282421875 0.13156906906906907
0 0.38998046875000003 0.5671546546546546 0.03933984375 0.1067042042042042
0 0.534453125 0.5286561561561561 0.055796875 0.1096996996996997
0 0.39882421875 0.6621246246246246 0.066171875 0.14093843843843842
0 0.48741406249999997 0.7728153153153154 0.045578125000000004 0.1343993993993994
0 0.49344921875000003 0.7205930930930932 0.035410156250000005 0.139984984984985
0 0.7422734375 0.8382432432432432 0.0367109375 0.15460960960960962
0 0.500078125 0.3716216216216216 0.04505859375 0.1303303303303303
0 0.28472265625 0.7313663663663663 0.0391640625 0.14496996996996997
0 0.46840624999999997 0.836463963963964 0.06343750000000001 0.14282282282282283
0 0.45119140625 0.7837687687687688 0.03524609375 0.15835585585585585
0 0.42829296875 0.6328153153153153 0.0410625 0.12596846846846846
0 0.43821875 0.2518543543543544 0.03854296875 0.106006006006006
1 0.9908203125 0.5150900900900901 0.01836328125 0.1195045045045045
0 0.45178515625 0.26997747747747747 0.029703125000000004 0.12011261261261262
0 0.71487109375 0.8459159159159159 0.03591796875 0.13524774774774775
0 0.5490976562500001 0.48524024024024026 0.04039453125 0.0742942942942943
1 0.7952656250000001 0.6502252252252252 0.02728125 0.14607357357357356
0 0.46546484374999997 0.37316066066066067 0.0314609375 0.12930180180180179
0 0.74597265625 0.7092792792792793 0.03523046875 0.11478978978978979
0 0.46474609375 0.6727327327327328 0.026203125 0.044391891891891896
0 0.46587109375 0.6977627627627627 0.028703125000000003 0.051771771771771766