0 0.65273046875 0.8835060060060059 0.05189453125 0.10324324324324326
0 0.6297421875 0.44582582582582586 0.0537578125 0.12306306306306306
0 0.5456328125 0.16213213213213215 0.0331484375 0.0928003003003003
0 0.34796875 0.3163138138138138 0.03305859375 0.1075
0 0.31358593749999997 0.45509759759759766 0.0355390625 0.11243993993993995
0 0.61760546875 0.7446771771771772 0.047828125 0.09688438438438439
0 0.47292968750000003 0.628551051051051 0.040035156249999995 0.12605105105105105
0 0.777140625 0.7272897897897898 0.03389453125 0.13822822822822822
0 0.56400390625 0.5978903903903904 0.059359375000000006 0.08077327327327327
0 0.49165625 0.9111486486486488 0.03608984375 0.14895645645645644
0 0.63848046875 0.1385960960960961 0.036203125 0.10817567567567568
0 0.55896484375 0.8659534534534535 0.061703125000000004 0.10230480480480482
0 0.64667578125 0.6846471471471471 0.0393359375 0.08825075075075074
1 0.29555078125 0.6892942942942942 0.026046875000000004 0.142484984984985
0 0.6597500000000001 0.8137162162162161 0.04198046875 0.11453453453453454
0 0.64016015625 0.6321921921921922 0.0405703125 0.0720045045045045
0 0.16697265625 0.7829279279279279 0.03412109375 0.14006756756756755
0 0.77970703125 0.6382132132132132 0.024828125 0.12604354354354352
0 0.6566015625 0.32440690690690693 0.04244140625 0.11452702702702704
0 0.5606640625 0.6715990990990991 0.053996093749999995 0.06897897897897898
0 0.56026953125 0.7243393393393394 0.058363281249999996 0.08814564564564564
0 0.5326484375 0.7631756756756757 0.03819921875 0.15415165165165165
0 0.65434765625 0.7534609609609609 0.03458203125 0.07691441441441442