0 0.8048984375 0.7054804804804805 0.043300781249999996 0.13254504504504505
0 0.379859375 0.32632132132132136 0.031582031249999996 0.10207957957957958
0 0.34844140625 0.46504504504504507 0.033847656250000004 0.10178678678678679
0 0.6267890625 0.8593543543543544 0.0541484375 0.13612612612612612
0 0.7593398437500001 0.5858033033033033 0.0401484375 0.121996996996997
0 0.5572578125 0.17306306306306307 0.0298203125 0.08827327327327328
0 0.61940234375 0.15686936936936935 0.0404296875 0.09705705705705706
0 0.657234375 0.549436936936937 0.05109765625 0.0906981981981982
0 0.4980390625 0.9015915915915916 0.03983984375 0.12264264264264266
0 0.71228125 0.5928078078078078 0.03240625 0.10569069069069069
1 0.32906640625 0.6711711711711712 0.025437500000000002 0.13478978978978978
0 0.69559765625 0.6386261261261261 0.0399140625 0.09728228228228229
0 0.6408203125 0.34853603603603606 0.0395859375 0.08216966966966967
0 0.6470546875000001 0.8308708708708709 0.043941406249999995 0.12257507507507508
0 0.6407499999999999 0.6221171171171171 0.037546875 0.10569069069069069
0 0.56795703125 0.750427927927928 0.04697265625 0.14291291291291291
0 0.6429101562499999 0.6692417417417417 0.0444453125 0.10198198198198198
0 0.682078125 0.7154354354354354 0.029578125 0.09125375375375375
0 0.6941835937499999 0.8128378378378379 0.04667578125 0.12970720720720721
0 0.5678046875 0.45463963963963966 0.043691406249999995 0.08957207207207207
0 0.68101953125 0.6755405405405406 0.03740625 0.08712462462462463
1 0.59393359375 0.018423423423423423 0.02733984375 0.036846846846846845
1 0.78452734375 0.018415915915915917 0.0288125 0.036831831831831835
0 0.12469140625 0.7491591591591592 0.0335625 0.1371996996996997
0 0.5350039062499999 0.5676201201201202 0.04083984375 0.11601351351351351