0 0.85007421875 0.623400900900901 0.026765624999999998 0.06372372372372372
0 0.76290625 0.5453603603603603 0.02044140625 0.07423423423423423
0 0.688921875 0.5842567567567568 0.03099609375 0.06322072072072071
1 0.4701953125 0.577027027027027 0.019109375 0.07137387387387387
1 0.91690625 0.7245345345345345 0.01928125 0.07768018018018018
0 0.50336328125 0.2665540540540541 0.02060546875 0.048228228228228226
0 0.36555859375 0.3116066066066066 0.019941406249999998 0.057094594594594594
0 0.7658945312500001 0.6433183183183183 0.020027343750000003 0.07664414414414415
1 0.038792968750000004 0.4756831831831832 0.017343749999999998 0.06527027027027027
0 0.82844140625 0.6396996996996998 0.026328125 0.07014264264264265
0 0.74074609375 0.5517342342342342 0.020398437499999998 0.07006756756756756
1 0.921265625 0.429496996996997 0.015339843750000002 0.06711711711711713
0 0.3375078125 0.6431981981981982 0.0215234375 0.06121621621621622
0 0.559546875 0.48690690690690686 0.02125390625 0.07167417417417417
1 0.13939453125 0.17629129129129129 0.01686328125 0.053498498498498505
0 0.66437109375 0.5880555555555556 0.02178125 0.060015015015015015
0 0.822125 0.5867717717717718 0.018437500000000002 0.0635960960960961
0 0.5128515625000001 0.5330630630630631 0.02292578125 0.058551051051051045
0 0.30850390625 0.7040015015015015 0.029249999999999998 0.07566066066066066
0 0.5254609375 0.282057057057057 0.022046875 0.04895645645645645
0 0.13680078125 0.6838063063063063 0.02301171875 0.08117867867867867
0 0.5426054687499999 0.4981606606606606 0.0181328125 0.07392642642642643
1 0.618046875 0.18882132132132132 0.0190546875 0.05080330330330331
0 0.6027265625 0.5947972972972972 0.0230546875 0.06936936936936937
0 0.7321640625 0.538963963963964 0.018839843749999998 0.05972222222222222
0 0.8301210937500001 0.6029879879879879 0.01431640625 0.024549549549549552
0 0.37975 0.29362612612612615 0.01900390625 0.03216966966966967
0 0.59504296875 0.6092117117117117 0.013472656250000001 0.06761261261261262