0 0.67837109375 0.814924924924925 0.049562499999999995 0.12332582582582584
0 0.5037578125 0.9207732732732733 0.03868359375 0.13749249249249249
0 0.58121875 0.853093093093093 0.06524609375 0.1120945945945946
0 0.79138671875 0.7237987987987988 0.037109375 0.11975225225225225
0 0.364109375 0.31255255255255254 0.03219921875 0.10631381381381383
0 0.68509765625 0.6266891891891891 0.050124999999999996 0.11297297297297297
0 0.58744921875 0.5685660660660661 0.06507421875 0.09190690690690691
0 0.58384375 0.6437837837837838 0.0654765625 0.09918168168168169
0 0.6548359375 0.8754879879879881 0.0503671875 0.12861861861861862
0 0.33152734375000004 0.4561261261261261 0.0389140625 0.11352852852852853
0 0.5496953125 0.7744294294294294 0.0488984375 0.1447072072072072
0 0.6670546875000001 0.3266216216216216 0.042640625 0.09386636636636636
0 0.64551953125 0.13745495495495497 0.037089843750000004 0.09957957957957957
0 0.6213359374999999 0.45504504504504506 0.055082031249999996 0.10115615615615617
0 0.6730039062500001 0.6662237237237237 0.03557421875 0.10415165165165165
0 0.7856328125 0.6340765765765766 0.037046875 0.09398648648648648
0 0.496875 0.6145945945945945 0.0424296875 0.1454954954954955
0 0.644671875 0.6914789789789789 0.043214843749999995 0.09022522522522523
0 0.59422265625 0.7047147147147147 0.05818359375 0.11636636636636637
1 0.3009296875 0.6854804804804805 0.026109375 0.1426951951951952
0 0.1340078125 0.7849324324324324 0.034796875 0.14324324324324325
0 0.55219921875 0.1572222222222222 0.0326015625 0.09128378378378378
0 0.6654296875 0.7396921921921922 0.0314375 0.07069069069069069