0 0.40973046875 0.6725525525525525 0.02978515625 0.1020945945945946
0 0.11755859375 0.33036786786786787 0.025550781249999998 0.08202702702702704
0 0.44823828125 0.20385885885885888 0.0219140625 0.0665015015015015
0 0.1428671875 0.657927927927928 0.02359375 0.09481981981981982
0 0.6594296875000001 0.163506006006006 0.0235625 0.07653903903903904
0 0.5585078125 0.33695945945945943 0.023933593750000003 0.0818993993993994
1 0.9825234375 0.7308858858858859 0.02383203125 0.10424924924924926
0 0.8301953125000001 0.47188438438438435 0.030867187499999997 0.08385135135135136
0 0.5814375 0.29027027027027025 0.030820312500000002 0.07723723723723723
0 0.84134765625 0.5401576576576577 0.02542578125 0.08774024024024024
0 0.8595976562500001 0.47444444444444445 0.02759765625 0.07497747747747747
0 0.8075625000000001 0.587012012012012 0.027847656250000002 0.08655405405405406
0 0.2934921875 0.8065990990990992 0.024578125 0.09478978978978979
0 0.4598046875 0.4687687687687688 0.0318125 0.0874924924924925
1 0.7118671875 0.09057057057057057 0.0215078125 0.08027027027027027
0 0.3984609375 0.44469219219219225 0.02724609375 0.08338588588588589
0 0.7991601562499999 0.46452702702702703 0.024296875000000002 0.0952927927927928
0 0.489421875 0.3805705705705706 0.02001953125 0.08547297297297297
0 0.80456640625 0.4208408408408408 0.0260625 0.08755255255255255
0 0.7822890625000001 0.6038288288288288 0.02394921875 0.10683933933933934
1 0.43842187499999996 0.454451951951952 0.02138671875 0.09415165165165165
0 0.40096484375 0.4086036036036036 0.02261328125 0.08569069069069069
1 0.17072265625 0.029196696696696698 0.02141015625 0.05754504504504505
0 0.79452734375 0.40662912912912913 0.0156484375 0.07163663663663664
0 0.7693046875 0.5295795795795796 0.02669140625 0.09422672672672673
0 0.74827734375 0.5208408408408408 0.029417968750000002 0.09742492492492494