1 0.88037890625 0.7647597597597597 0.026476562500000002 0.10922672672672673
0 0.25471484375000003 0.5552177177177177 0.02705078125 0.09783783783783784
0 0.4335625 0.4675900900900901 0.024898437500000002 0.09211711711711712
0 0.7489648437499999 0.22412912912912913 0.02835546875 0.07032282282282283
0 0.15709765625 0.7503153153153153 0.035953125 0.11411411411411411
0 0.35324218749999997 0.38336336336336335 0.02301953125 0.08464714714714715
0 0.11273828125 0.759466966966967 0.029031249999999998 0.0990015015015015
0 0.45366796875000004 0.35283783783783784 0.0243203125 0.08840840840840841
0 0.8259257812499999 0.585578078078078 0.03723046875 0.09953453453453455
0 0.52522265625 0.41936936936936936 0.0221171875 0.07756756756756757
0 0.6465390625 0.25933183183183184 0.0211796875 0.0743018018018018
1 0.47757421874999995 0.4120720720720721 0.0174921875 0.08957207207207207
1 0.84480078125 0.2250975975975976 0.024140625 0.08546546546546546
1 0.030160156249999997 0.3806606606606607 0.02536328125 0.10033783783783784
0 0.5576875 0.4268168168168168 0.020046875 0.07456456456456456
0 0.8953164062500001 0.5576276276276276 0.035203125 0.09135135135135136
0 0.756671875 0.49640390390390393 0.02838671875 0.0994144144144144
0 0.8646484375 0.47936936936936936 0.0340703125 0.08981981981981982
0 0.82158984375 0.5095795795795796 0.027445312500000003 0.08406156156156155
0 0.7619296875 0.5528978978978979 0.0355078125 0.09265765765765765
0 0.78519921875 0.5436411411411411 0.02253515625 0.09274774774774776
0 0.64848828125 0.31671921921921925 0.02131640625 0.08181681681681682
0 0.7741875 0.5164039039039039 0.0221953125 0.0881006006006006
0 0.8802148437499999 0.4710960960960961 0.024890625 0.08783783783783784
0 0.8205 0.49804804804804803 0.04308203125 0.07188438438438438
0 0.8312968749999999 0.5658408408408409 0.02905078125 0.09563813813813814