0 0.49957421875 0.6215165165165165 0.03274609375 0.10557057057057058
1 0.36581640625 0.17347597597597597 0.0261171875 0.08821321321321321
0 0.3505859375 0.6271696696696697 0.03698828125 0.11195195195195196
1 0.12774609374999998 0.6077027027027028 0.02182421875 0.10469219219219218
0 0.42444921874999997 0.648918918918919 0.028164062499999996 0.09958708708708709
0 0.6559804687499999 0.7174324324324325 0.028191406250000002 0.09946696696696697
0 0.30855078125 0.6266966966966967 0.03576953125 0.10158408408408409
0 0.4355546875 0.3132132132132132 0.02480078125 0.09104354354354353
0 0.77955859375 0.6917192192192192 0.025234374999999996 0.10402402402402403
0 0.27460546875 0.6336336336336337 0.0194765625 0.029339339339339337
0 0.6325703125000001 0.42439939939939936 0.021828125 0.08497747747747747
0 0.45297265624999994 0.31811561561561563 0.02609375 0.08395645645645645
0 0.272890625 0.6796096096096096 0.0232890625 0.09145645645645645
1 0.7070234375 0.6463738738738739 0.01990625 0.10391891891891891
0 0.41774218750000003 0.7036111111111112 0.030125000000000002 0.07985735735735736
0 0.39923828125 0.7282957957957958 0.024375 0.08842342342342342
0 0.64509375 0.6629579579579579 0.02326171875 0.10362612612612612
0 0.388265625 0.7536261261261261 0.0364375 0.11075075075075076
0 0.3324765625 0.6043243243243244 0.02411328125 0.08936936936936937
0 0.49672656249999997 0.5287087087087087 0.02532421875 0.09704954954954956
0 0.6183515625 0.40716966966966966 0.016679687500000002 0.06166666666666667
0 0.6841445312500001 0.6708783783783784 0.024390625 0.09737237237237237
0 0.77215234375 0.6477852852852853 0.027734375 0.06716216216216216
0 0.34591015625 0.6084309309309309 0.028046875 0.09886636636636636
0 0.29709375 0.6769369369369369 0.03315234375 0.0806906906906907