0 0.632046875 0.4485435435435436 0.05402734375 0.12344594594594595
0 0.65126953125 0.8857282282282282 0.051449218750000004 0.10448198198198197
0 0.6173046875 0.7448348348348348 0.04851171875 0.09645645645645645
0 0.34746875 0.31695195195195197 0.03276953125 0.10647147147147147
0 0.5633203124999999 0.598551051051051 0.059476562499999996 0.08051801801801801
0 0.471203125 0.6281306306306306 0.03973828125 0.1272072072072072
0 0.646046875 0.6856906906906907 0.03941015625 0.0890015015015015
0 0.63798046875 0.13936936936936936 0.036386718750000005 0.10912912912912914
0 0.55742578125 0.8685135135135135 0.0624921875 0.10065315315315315
0 0.491 0.9199099099099098 0.03765625 0.148018018018018
0 0.31401953125 0.4554804804804805 0.036117187499999995 0.11277777777777778
0 0.542078125 0.16126876876876878 0.0329140625 0.09203453453453454
1 0.29491796875 0.6901051051051051 0.025722656249999996 0.1419144144144144
0 0.77529296875 0.7265015015015015 0.03390234375 0.13954204204204204
0 0.65874609375 0.8138138138138138 0.04312890625 0.11566816816816816
0 0.64512890625 0.6336336336336337 0.0401171875 0.07319069069069069
0 0.65558203125 0.3249324324324324 0.04314453125 0.1151951951951952
0 0.16011718749999998 0.789009009009009 0.032730468750000005 0.1407882882882883
0 0.537109375 0.7616891891891893 0.03705859375 0.15521021021021023
0 0.7792148437499999 0.6391141141141141 0.025625 0.12634384384384384
0 0.554671875 0.7255555555555556 0.05948828125 0.08849099099099099
0 0.5585234375 0.6744444444444444 0.05669140625 0.07282282282282282
0 0.65090234375 0.7527327327327327 0.0352890625 0.07552552552552552