0 0.81546875 0.5362087087087087 0.02560546875 0.07308558558558557
0 0.150484375 0.3237912912912913 0.0267578125 0.06861861861861862
0 0.13898046875 0.6496696696696697 0.0218359375 0.08312312312312312
0 0.8469257812500001 0.4951426426426426 0.03123828125 0.07726726726726726
0 0.41053125 0.649512012012012 0.025203125 0.09418918918918918
1 0.9690312499999999 0.7127402402402403 0.0217734375 0.09977477477477478
0 0.254765625 0.797394894894895 0.0370546875 0.09238738738738739
0 0.7787734375 0.5978903903903904 0.0274296875 0.09243993993993993
0 0.567671875 0.3396396396396396 0.0228046875 0.06963963963963965
0 0.47615234375000004 0.22156906906906906 0.01896875 0.07032282282282283
0 0.49848828125000005 0.4401726726726726 0.025957031250000002 0.07508258258258259
1 0.7162578125 0.11106606606606606 0.021242187500000002 0.07460210210210211
1 0.19722656249999998 0.04189189189189189 0.01962890625 0.07166666666666666
0 0.7881796875 0.572545045045045 0.0261328125 0.08398648648648649
0 0.8013476562499999 0.4677027027027027 0.02041015625 0.08741741741741742
0 0.79949609375 0.4266966966966967 0.03167578125 0.08384384384384384
0 0.75153125 0.5102477477477477 0.025550781249999998 0.08935435435435435
0 0.8764609374999999 0.5026501501501501 0.028734375 0.0803078078078078
0 0.58625390625 0.3054279279279279 0.0212734375 0.06881381381381381
0 0.664546875 0.17169669669669668 0.02425 0.07268768768768769
0 0.770859375 0.5149174174174174 0.02226171875 0.08213213213213214
0 0.4434453125 0.4138288288288289 0.03281640625 0.06456456456456457
0 0.7846054687499999 0.41385885885885887 0.01633984375 0.06502252252252252
1 0.46135546875 0.4519594594594595 0.018910156249999997 0.08348348348348349
0 0.51723046875 0.3821021021021021 0.023609375 0.07516516516516517
0 0.41505078125 0.39499999999999996 0.0289609375 0.06786036036036036