0 0.44705859375 0.46282282282282283 0.029046875 0.10707957957957957
0 0.24440625 0.6812462462462462 0.046718749999999996 0.12425675675675675
1 0.3728515625 0.4787387387387387 0.02431640625 0.11753003003003004
0 0.42328515624999996 0.18884384384384384 0.037828125000000004 0.08718468468468468
0 0.6805390625000001 0.31032282282282286 0.037734375 0.0920945945945946
0 0.51418359375 0.741036036036036 0.039632812499999996 0.11825825825825827
0 0.10792578125 0.367484984984985 0.04049609375 0.11291291291291292
0 0.275859375 0.5325300300300301 0.026980468749999997 0.12138138138138138
0 0.41376953125 0.562515015015015 0.03620703125 0.12440690690690691
0 0.6631953125 0.2110810810810811 0.0237109375 0.0957057057057057
0 0.73734375 0.6692642642642643 0.04083984375 0.13078828828828828
0 0.51788671875 0.49466216216216213 0.029738281249999998 0.13
0 0.57017578125 0.8051576576576577 0.0313984375 0.11677177177177177
0 0.7607578125 0.6357132132132132 0.04794921875 0.1054954954954955
0 0.76914453125 0.43828078078078075 0.03188671875 0.10725225225225227
1 0.71941796875 0.03136636636636637 0.032718750000000005 0.06000750750750751
0 0.74521484375 0.4926276276276276 0.03741015625 0.09923423423423423
0 0.7544375 0.3915990990990991 0.0228828125 0.045810810810810815
0 0.7049296875 0.5398348348348347 0.0459296875 0.10746996996996998
0 0.87787890625 0.5671771771771772 0.0335859375 0.1188888888888889
0 0.5450039062500001 0.3162837837837838 0.0248125 0.07543543543543543
0 0.73223046875 0.5428003003003002 0.039703125 0.11381381381381381
0 0.73554296875 0.44436186186186183 0.025500000000000002 0.06023273273273273