0 0.69184765625 0.5503828828828828 0.0488515625 0.09912912912912912
0 0.79953125 0.4868243243243244 0.040761718749999995 0.10198198198198198
0 0.32318359375 0.4438663663663664 0.03291796875 0.09474474474474474
0 0.20772265625 0.45183933933933934 0.03219921875 0.10841591591591591
1 0.884703125 0.7999024024024024 0.031390625 0.13412162162162164
0 0.30126171875 0.7990465465465465 0.05556640625 0.12584084084084085
0 0.8359296875 0.47161411411411414 0.0394921875 0.10465465465465466
0 0.47875781249999994 0.40660660660660664 0.026738281250000002 0.10517267267267268
0 0.8610820312499999 0.5690840840840841 0.032871093750000004 0.11774024024024025
0 0.5604453125 0.366036036036036 0.03098828125 0.11704204204204205
1 0.8539492187500001 0.16455705705705706 0.026125 0.10082582582582583
0 0.72373046875 0.5517417417417417 0.03053125 0.11577327327327327
0 0.42898437500000003 0.42031531531531535 0.033925781249999995 0.09462462462462463
0 0.77284765625 0.21744744744744743 0.023265625 0.09465465465465465
0 0.329 0.733048048048048 0.043187500000000004 0.11448948948948949
0 0.17166796875 0.5929204204204204 0.04994921875 0.11124624624624625
0 0.76420703125 0.5956831831831833 0.03592578125 0.12427927927927927
0 0.82419140625 0.4449924924924925 0.030171874999999997 0.08344594594594595
0 0.768015625 0.4988363363363364 0.036050781250000004 0.08220720720720721
0 0.79006640625 0.5833108108108108 0.03516796875 0.1256906906906907
0 0.57902734375 0.19576576576576576 0.03776953125 0.08831081081081081
0 0.74995703125 0.503581081081081 0.03079296875 0.0937087087087087
1 0.40365234375 0.40493993993993993 0.02251953125 0.11045045045045046
0 0.34757421875 0.48128378378378384 0.04085546875 0.11851351351351352
0 0.7287578124999999 0.49113363363363366 0.039734375 0.0868018018018018