0 0.8661328125000001 0.5771246246246247 0.03514453125 0.13421921921921923
1 0.343234375 0.5053378378378378 0.0275078125 0.13006006006006007
0 0.44564453125 0.21455705705705708 0.028191406250000002 0.10759759759759759
0 0.6394296875000001 0.46154654654654653 0.0448359375 0.0998873873873874
0 0.29005859375 0.7445495495495495 0.039703125 0.133003003003003
0 0.24955859375 0.585518018018018 0.027652343750000002 0.13987237237237238
0 0.6817656249999999 0.5556531531531531 0.0461484375 0.11901651651651651
0 0.558921875 0.76740990990991 0.0369453125 0.1312987987987988
0 0.64798828125 0.33659909909909913 0.03630859375 0.11396396396396397
0 0.1229921875 0.3806456456456456 0.03058984375 0.11705705705705705
0 0.45186328124999997 0.5148948948948949 0.0340390625 0.12443693693693694
0 0.5273359375 0.588033033033033 0.032210937499999995 0.12538288288288288
0 0.6878437500000001 0.74759009009009 0.04203515625 0.1003003003003003
0 0.51701953125 0.6471846846846846 0.041234375000000004 0.11617867867867868
0 0.6850234375 0.6688438438438439 0.041031250000000005 0.1142942942942943
0 0.72666796875 0.658506006006006 0.053191406249999997 0.10931681681681683
0 0.71721484375 0.5669744744744745 0.045191406249999996 0.10535285285285287
0 0.7337578125 0.5206981981981982 0.03741796875 0.09936186186186186
0 0.7584570312500001 0.4619444444444444 0.04423828125 0.11171171171171172
0 0.67903515625 0.2522072072072072 0.026785156249999997 0.10230480480480482
0 0.73707421875 0.4863738738738739 0.0353515625 0.10168168168168168
0 0.615328125 0.31301801801801804 0.0335546875 0.08611861861861861
1 0.73616796875 0.012755255255255254 0.0301015625 0.025382882882882884
0 0.7200078125 0.443460960960961 0.031027343750000002 0.07698948948948948