0 0.39624609375 0.35866366366366365 0.02984765625 0.08600600600600601
0 0.60649609375 0.38815315315315313 0.028542968749999998 0.08136636636636636
0 0.8220742187500001 0.6905105105105105 0.039816406250000005 0.12454204204204203
0 0.5702890625 0.8138363363363363 0.0525859375 0.12813063063063063
1 0.594171875 0.0418993993993994 0.0256796875 0.0837987987987988
0 0.47726171875 0.8814639639639639 0.03765234375 0.13423423423423425
0 0.3728203125 0.4855405405405405 0.02724609375 0.08394144144144144
1 0.35765234375 0.661081081081081 0.02364453125 0.11922672672672673
0 0.58219140625 0.19781531531531532 0.02521875 0.08379129129129129
0 0.67996875 0.817087087087087 0.04276171875 0.13094594594594594
0 0.5484140625 0.20343843843843845 0.02954296875 0.07936186186186185
0 0.7180546875 0.6282732732732733 0.03583203125 0.10039039039039038
0 0.562484375 0.5222897897897898 0.03457421875 0.10358108108108108
0 0.6835078125 0.6334909909909909 0.04034375 0.11042792792792792
0 0.74440234375 0.5851051051051052 0.03173828125 0.10730480480480481
0 0.70112109375 0.7060285285285285 0.03796875 0.10466216216216216
0 0.71563671875 0.6512312312312313 0.032957031250000005 0.0924924924924925
0 0.12708203125 0.7027102102102102 0.04040234375 0.11036036036036036
0 0.7192265625 0.5182132132132132 0.03058984375 0.07900150150150151
0 0.51308984375 0.4816366366366366 0.0341171875 0.08379129129129129
0 0.5832890625 0.6871396396396396 0.0533671875 0.09200450450450451
0 0.718140625 0.5829354354354355 0.041953125 0.06641891891891892
0 0.7234765624999999 0.8026876876876877 0.04778125 0.12087837837837836
0 0.7330390625 0.545533033033033 0.035488281249999996 0.05803303303303303