1 0.46734800838574425 0.10462376237623762 0.03010482180293501 0.07931683168316832
0 0.6331498951781971 0.8685049504950496 0.03794025157232704 0.1062970297029703
0 0.6957704402515723 0.23402970297029704 0.02791404612159329 0.08034653465346535
0 0.8203563941299791 0.6360594059405941 0.03111111111111111 0.10050495049504951
0 0.18720649895178196 0.5247029702970297 0.029963312368972747 0.1013069306930693
0 0.23772536687631027 0.42559405940594064 0.029371069182389936 0.07801980198019802
0 0.21295073375262055 0.4493465346534653 0.023113207547169813 0.09828712871287128
0 0.5051467505241091 0.6265841584158416 0.02950733752620545 0.0990990099009901
1 0.038238993710691824 0.2791782178217822 0.025655136268343818 0.0863960396039604
0 0.36513102725366875 0.6556930693069307 0.02438679245283019 0.10555445544554455
0 0.6918763102725366 0.5976831683168317 0.045849056603773586 0.09454455445544555
0 0.807604821802935 0.4636633663366337 0.030943396226415093 0.08821782178217821
0 0.13790880503144654 0.37886138613861386 0.03154088050314465 0.08264356435643565
0 0.16605345911949684 0.4206930693069307 0.02112159329140461 0.0763069306930693
0 0.6487683438155136 0.20928712871287128 0.031042976939203354 0.07948514851485149
0 0.26214360587002095 0.4406732673267327 0.023820754716981134 0.0747029702970297
0 0.19805555555555554 0.38869306930693065 0.016042976939203354 0.08683168316831684
0 0.5689412997903563 0.5554257425742575 0.03702830188679246 0.08593069306930694
0 0.1499475890985325 0.3793168316831683 0.01909853249475891 0.06737623762376237
0 0.3464308176100629 0.6175643564356436 0.02511530398322851 0.10326732673267326
0 0.09156708595387841 0.4484851485148515 0.023553459119496856 0.08903960396039605
0 0.1759329140461216 0.4368118811881188 0.02448637316561845 0.08128712871287128
0 0.18332809224318658 0.505019801980198 0.01742662473794549 0.08541584158415841
0 0.20893081761006288 0.3950594059405941 0.01529350104821803 0.06999009900990098