0 0.45061844863731654 0.40120792079207923 0.07123689727463312 0.09798019801980197
0 0.4882651991614256 0.33941584158415844 0.0705922431865828 0.10424752475247526
0 0.19788259958071278 0.4079306930693069 0.04637316561844864 0.1669306930693069
0 0.4174266247379455 0.24173267326732673 0.057955974842767294 0.14019801980198018
0 0.5260115303983228 0.24957425742574257 0.039512578616352205 0.14769306930693069
0 0.18928197064989516 0.7211782178217822 0.06004716981132075 0.15163366336633663
0 0.2669758909853249 0.6093069306930693 0.06660901467505241 0.14394059405940593
0 0.307206498951782 0.4978910891089109 0.04841719077568134 0.12055445544554456
0 0.6528249475890985 0.4881089108910891 0.04042452830188679 0.1612079207920792
0 0.39476415094339623 0.551940594059406 0.07101153039832285 0.10443564356435645
0 0.21853249475890985 0.3713861386138614 0.0389622641509434 0.1328811881188119
0 0.2808647798742138 0.5343762376237624 0.0565041928721174 0.13188118811881186
0 0.9090880503144654 0.3480693069306931 0.03498427672955975 0.17089108910891088
0 0.5286268343815513 0.36666336633663366 0.03517819706498952 0.15131683168316834
0 0.8835901467505242 0.6388910891089109 0.03330712788259958 0.1832970297029703
0 0.37214360587002093 0.5772673267326732 0.048784067085953876 0.16555445544554456
0 0.5970754716981133 0.6742277227722773 0.03485324947589098 0.17036633663366335
0 0.35446540880503147 0.47163366336633666 0.051771488469601674 0.11996039603960396
0 0.4143710691823899 0.8602970297029703 0.03786163522012578 0.18772277227722772
0 0.3425104821802935 0.2811881188118812 0.03858490566037736 0.11913861386138613
0 0.36150943396226415 0.4084752475247525 0.05235849056603774 0.13037623762376238
0 0.36660377358490565 0.33303960396039606 0.04284591194968553 0.08192079207920791