0 0.37562368972746335 0.4277390438247012 0.038841719077568136 0.11630478087649403
0 0.5169129979035639 0.05512948207171315 0.04625262054507338 0.09778884462151395
0 0.4770859538784067 0.513894422310757 0.027279874213836475 0.11822709163346613
0 0.5640828092243186 0.07195219123505976 0.04098008385744235 0.09951195219123506
0 0.5590408805031447 0.38907370517928286 0.026975890985324946 0.1051195219123506
0 0.2911792452830189 0.5002589641434263 0.0525 0.12079681274900399
0 0.22088574423480084 0.32091633466135455 0.03523060796645702 0.11140438247011952
0 0.3096174004192872 0.42939243027888446 0.04869496855345912 0.10582669322709164
0 0.6018710691823899 0.22048804780876494 0.027688679245283017 0.10727091633466136
0 0.8230712788259958 0.43129482071713143 0.029465408805031446 0.10771912350597611
0 0.26549266247379455 0.8875996015936255 0.04980083857442348 0.13437250996015937
0 0.4920859538784067 0.627410358565737 0.026472746331236897 0.11245019920318726
0 0.372059748427673 0.3338247011952192 0.033694968553459125 0.09788844621513944
1 0.050571278825995804 0.12860557768924302 0.020262054507337524 0.10674302788844622
0 0.39840670859538785 0.2482669322709163 0.02309224318658281 0.087898406374502
0 0.34313417190775686 0.38931274900398405 0.030974842767295598 0.08968127490039841
0 0.47930293501048216 0.17794820717131474 0.03908805031446541 0.0953187250996016
0 0.37442348008385745 0.2359163346613546 0.027824947589098533 0.08066733067729083
0 0.26633123689727467 0.47963147410358564 0.029973794549266245 0.09126494023904382
0 0.3906498951781971 0.3158067729083665 0.03232180293501048 0.09575697211155379
0 0.36469077568134173 0.2922808764940239 0.03070230607966457 0.06899402390438246
0 0.4636320754716981 0.9427390438247012 0.03515723270440251 0.10836653386454183
0 0.28626834381551364 0.3129780876494024 0.028962264150943395 0.09404382470119522