0 0.546850104821803 0.8726693227091633 0.060020964360587 0.18196215139442232
0 0.25642557651991615 0.2729581673306773 0.05383647798742138 0.14871513944223108
0 0.290041928721174 0.7126892430278884 0.04714360587002096 0.15038844621513944
0 0.3338312368972747 0.2660358565737052 0.04209119496855346 0.1200398406374502
0 0.20403039832285116 0.26107569721115537 0.05671383647798742 0.14383466135458167
0 0.3518186582809224 0.4774900398406374 0.05920859538784067 0.1428585657370518
0 0.479937106918239 0.5200398406374502 0.06578092243186583 0.09907370517928286
0 0.36946016771488466 0.17439243027888446 0.04094863731656184 0.13866533864541833
0 0.2819287211740042 0.6082768924302789 0.04988469601677149 0.17024900398406376
0 0.5330345911949685 0.6422908366533865 0.06550314465408805 0.09173306772908366
0 0.6404716981132076 0.2497410358565737 0.03757337526205451 0.13895418326693226
0 0.5250890985324947 0.7686852589641434 0.056740041928721174 0.18181274900398406
0 0.38546121593291405 0.5290637450199203 0.044549266247379454 0.1350199203187251
0 0.42448113207547167 0.4198505976095617 0.0670545073375262 0.09689243027888446
0 0.6729454926624738 0.6006772908366534 0.04832809224318658 0.15802788844621513
0 0.6266509433962265 0.7535756972111554 0.04552935010482181 0.13606573705179284
0 0.5720073375262055 0.7191932270916335 0.07072327044025158 0.10786852589641434
0 0.6523270440251573 0.8469621513944223 0.04613207547169811 0.16778884462151394
0 0.8518134171907756 0.5500796812749004 0.03731132075471698 0.16901394422310756
0 0.447416142557652 0.6778784860557769 0.04910377358490566 0.15901394422310758
0 0.427437106918239 0.6301593625498008 0.04613731656184487 0.14064741035856573
0 0.432520964360587 0.5736553784860559 0.04989517819706499 0.08463147410358565