0 0.4632547169811321 0.47861553784860555 0.03570754716981132 0.09136454183266933
0 0.3729402515723271 0.7066533864541833 0.04058700209643606 0.11176294820717131
0 0.6458280922431866 0.5009860557768925 0.027636268343815513 0.10501992031872509
0 0.47886792452830185 0.5992031872509961 0.041918238993710694 0.11630478087649403
0 0.2511740041928721 0.5161454183266933 0.04888888888888889 0.07734063745019921
0 0.450272536687631 0.5814641434262948 0.03691823899371069 0.11222111553784861
0 0.7202568134171907 0.27727091633466133 0.026865828092243187 0.09213147410358566
0 0.42085953878406707 0.5526095617529881 0.04317610062893081 0.0901394422310757
0 0.08125786163522013 0.5325298804780876 0.028862683438155137 0.11120517928286854
0 0.3981551362683438 0.5978784860557769 0.051378406708595385 0.11545816733067729
0 0.5975733752620546 0.25336653386454183 0.029926624737945492 0.10977091633466135
0 0.5214412997903564 0.7008167330677291 0.052311320754716985 0.11219123505976096
0 0.5652201257861635 0.4718525896414343 0.02639937106918239 0.10791832669322708
0 0.30492662473794546 0.587589641434263 0.042541928721174 0.11772908366533864
0 0.29132599580712787 0.4564243027888446 0.033254716981132075 0.10203187250996015
0 0.37156708595387844 0.5672211155378486 0.03157756813417191 0.0850597609561753
0 0.3788364779874214 0.5211553784860558 0.0315251572327044 0.07715139442231075
0 0.40649371069182394 0.49014940239043825 0.03200733752620545 0.08156374501992032
0 0.3628249475890985 0.6079482071713147 0.035922431865828094 0.11074701195219123
0 0.3161477987421384 0.5573605577689243 0.04039308176100628 0.09837649402390437
0 0.39074423480083853 0.5261653386454183 0.026724318658280923 0.055647410358565734
0 0.4021960167714885 0.46597609561752984 0.020052410901467504 0.04813745019920319