0 0.06513626834381551 0.511394422310757 0.03819182389937107 0.1183167330677291
0 0.1515670859538784 0.5741533864541833 0.04396226415094339 0.09772908366533865
0 0.5796802935010482 0.43302788844621515 0.036603773584905665 0.08805776892430278
0 0.5279297693920335 0.886394422310757 0.039019916142557655 0.11400398406374501
0 0.7455555555555555 0.25028884462151396 0.024675052410901465 0.08786852589641435
0 0.2712368972746331 0.7296713147410359 0.03300314465408805 0.09822709163346614
1 0.4706341719077568 0.04063745019920319 0.02452830188679245 0.08128486055776893
0 0.683317610062893 0.6859262948207171 0.033888888888888885 0.09625498007968128
0 0.5561740041928721 0.3521314741035857 0.022578616352201257 0.0923804780876494
0 0.49301362683438155 0.7853187250996017 0.041703354297693916 0.09216135458167331
0 0.19732704402515724 0.6162749003984064 0.033569182389937106 0.10601593625498008
0 0.21158280922431866 0.5409960159362549 0.04142033542976939 0.080796812749004
0 0.6278825995807128 0.2671713147410359 0.028317610062893083 0.0894621513944223
0 0.23332809224318657 0.41526892430278883 0.03040356394129979 0.07575697211155379
0 0.10886268343815514 0.6392131474103585 0.03688155136268344 0.09828685258964144
0 0.20068134171907756 0.5204282868525897 0.03888888888888889 0.0779183266932271
0 0.49134171907756813 0.36106573705179285 0.024570230607966457 0.08239043824701195
0 0.21979559748427674 0.43895418326693225 0.036860587002096434 0.10066733067729083
0 0.24341719077568133 0.5824800796812748 0.033202306079664574 0.09568725099601592
0 0.4659329140461216 0.3889442231075697 0.03200733752620545 0.07615537848605577
0 0.4468920335429769 0.6253685258964143 0.03507861635220126 0.09766932270916334
0 0.22643605870020966 0.5203286852589641 0.034365828092243186 0.09661354581673307
0 0.21656708595387839 0.4726494023904383 0.026357442348008384 0.03405378486055777