1 0.42855870020964365 0.29085148514851483 0.017431865828092242 0.0482970297029703
0 0.8271278825995808 0.6575445544554456 0.018448637316561847 0.06618811881188118
1 0.15887316561844864 0.3776039603960396 0.012741090146750523 0.05512871287128713
0 0.337395178197065 0.7360891089108912 0.017222222222222222 0.06843564356435644
0 0.5658333333333333 0.3541089108910891 0.017935010482180293 0.0435940594059406
1 0.909832285115304 0.5517821782178217 0.01640985324947589 0.06315841584158416
0 0.527961215932914 0.3943069306930693 0.014743186582809225 0.048613861386138615
0 0.5190880503144654 0.44569306930693064 0.01607442348008386 0.04893069306930693
0 0.3294863731656184 0.47510891089108914 0.019753668763102725 0.05487128712871287
0 0.1362211740041929 0.5187623762376238 0.017583857442348007 0.06463366336633664
0 0.16460167714884696 0.5038811881188119 0.01618972746331237 0.06857425742574258
0 0.25235849056603776 0.4473960396039604 0.019140461215932915 0.05614851485148515
0 0.7514360587002097 0.4508019801980198 0.015634171907756813 0.050811881188118815
0 0.19578616352201259 0.6057623762376239 0.02040880503144654 0.06432673267326733
0 0.21855345911949686 0.5963267326732673 0.01607442348008386 0.060069306930693074
1 0.8098218029350105 0.32083168316831684 0.013532494758909854 0.04718811881188118
0 0.27976939203354295 0.537039603960396 0.01819706498951782 0.06706930693069306
0 0.546724318658281 0.3318613861386139 0.015828092243186584 0.04081188118811881
0 0.8071540880503144 0.7018712871287128 0.01929245283018868 0.06593069306930693
0 0.2691299790356394 0.44535643564356436 0.016886792452830188 0.05877227722772277
1 0.03129979035639413 0.5269108910891088 0.01809224318658281 0.05871287128712871
0 0.282332285115304 0.755970297029703 0.017751572327044024 0.07559405940594059
0 0.6675314465408806 0.7357029702970297 0.020330188679245284 0.06735643564356436
0 0.2707232704402516 0.5206633663366337 0.015089098532494759 0.06500990099009901
0 0.13368448637316563 0.45738613861386135 0.015324947589098532 0.06051485148514851
0 0.09824423480083856 0.4753366336633663 0.014124737945492662 0.05159405940594059
0 0.11036687631027255 0.4782673267326733 0.015000000000000001 0.04336633663366336