0 0.36312368972746334 0.20685258964143427 0.05193920335429769 0.13042828685258964
0 0.5318553459119497 0.7158665338645418 0.04474318658280923 0.15640438247011954
0 0.7824161425576519 0.550707171314741 0.04272536687631027 0.13504980079681275
0 0.5392295597484277 0.31464143426294816 0.04191299790356394 0.10889442231075697
0 0.31911425576519914 0.5470717131474103 0.051629979035639414 0.12788844621513945
0 0.47056079664570233 0.8251195219123506 0.06210691823899371 0.12841633466135458
0 0.1976781970649895 0.6178884462151395 0.05987421383647799 0.15137450199203187
0 0.3470545073375262 0.7422808764940239 0.05034591194968554 0.14564741035856574
0 0.7451467505241091 0.6658266932270916 0.03909329140461216 0.12880478087649402
0 0.5684748427672957 0.7503486055776892 0.052426624737945494 0.1519422310756972
0 0.7084800838574423 0.7741932270916334 0.057955974842767294 0.14557768924302789
0 0.3641142557651992 0.540308764940239 0.04116876310272537 0.12066733067729084
0 0.41365303983228513 0.2148605577689243 0.04307127882599581 0.1033167330677291
0 0.31069706498951777 0.702878486055777 0.047924528301886794 0.1486752988047809
0 0.36556603773584906 0.6499302788844621 0.04925576519916143 0.1127191235059761
0 0.23619496855345914 0.4903585657370518 0.03924004192872118 0.14583665338645416
0 0.7309433962264151 0.7625 0.04327568134171907 0.1221613545816733
0 0.3880922431865828 0.19615537848605577 0.029952830188679246 0.10070717131474104
0 0.25421907756813417 0.4689741035856574 0.02529350104821803 0.12211155378486055
0 0.31225366876310273 0.6191932270916334 0.03216457023060797 0.07603585657370518
0 0.3483071278825996 0.3242828685258964 0.04101153039832285 0.11010956175298804
0 0.33955974842767295 0.6157569721115538 0.02890985324947589 0.08794820717131474