0 0.7711796875 0.7129722222222222 0.047445312499999996 0.12584722222222222
0 0.5651015625 0.26083333333333336 0.0309765625 0.09015277777777778
1 0.4351484375 0.4870416666666667 0.023578125 0.10750000000000001
0 0.6091171875 0.3275138888888889 0.0348046875 0.08238888888888889
0 0.704640625 0.522611111111111 0.0358046875 0.08772222222222222
0 0.6128828125 0.5077499999999999 0.0352265625 0.08605555555555555
0 0.7771250000000001 0.4496388888888889 0.0209296875 0.11506944444444443
1 0.9228828124999999 0.33181944444444444 0.0238359375 0.09604166666666668
0 0.2862265625 0.40109722222222227 0.0237421875 0.09108333333333334
0 0.45260937500000004 0.41594444444444445 0.023078124999999998 0.10094444444444445
0 0.400453125 0.3353333333333333 0.024531249999999998 0.0798888888888889
0 0.64128125 0.7183055555555555 0.0310078125 0.11259722222222221
0 0.5149921875000001 0.5149861111111111 0.0220625 0.11391666666666667
0 0.8166015625 0.49552777777777773 0.023859375 0.10408333333333333
0 0.5079296875 0.27543055555555557 0.0235078125 0.07552777777777778
0 0.296828125 0.5853750000000001 0.021976562499999998 0.11663888888888889
0 0.682875 0.4935833333333333 0.028875 0.08299999999999999
0 0.640109375 0.4859861111111111 0.033468750000000005 0.06993055555555555
0 0.6316328125 0.5447083333333333 0.031234374999999998 0.10645833333333334
0 0.5822734374999999 0.4439027777777778 0.022109375 0.11058333333333334
0 0.5671015625 0.40700000000000003 0.024859375 0.10138888888888889
0 0.64503125 0.4075 0.028726562500000004 0.041999999999999996
0 0.654109375 0.44909722222222226 0.028796875 0.06805555555555555
0 0.6020234375 0.3720138888888889 0.0314140625 0.09513888888888888
1 0.83925 0.884875 0.0265390625 0.07281944444444445
1 0.49894531249999996 0.2147916666666667 0.01759375 0.07863888888888888