0 0.5114453125 0.10004166666666667 0.0400703125 0.09620833333333333
0 0.5628124999999999 0.23702777777777778 0.0426796875 0.10302777777777779
0 0.8070859374999999 0.8644722222222222 0.052515624999999996 0.11744444444444445
0 0.531296875 0.36401388888888886 0.046882812499999996 0.077375
0 0.501375 0.2791388888888889 0.0382109375 0.10295833333333333
0 0.5490468749999999 0.409375 0.0465390625 0.071875
0 0.47387499999999994 0.46574999999999994 0.032140625 0.10343055555555555
0 0.6090703125 0.36913888888888885 0.036125000000000004 0.059430555555555556
1 0.3376640625 0.42209722222222223 0.023445312500000003 0.11752777777777779
0 0.43949218749999996 0.1275 0.02790625 0.08097222222222222
0 0.605609375 0.32304166666666667 0.0349453125 0.05511111111111111
0 0.719578125 0.9058472222222222 0.0384765625 0.1088611111111111
0 0.5637890624999999 0.46969444444444447 0.0476796875 0.07769444444444444
0 0.24328906250000001 0.5760138888888889 0.032609375 0.1141388888888889
0 0.5024921875 0.6939444444444445 0.030679687500000004 0.12031944444444444
0 0.4490546875 0.36830555555555555 0.027476562500000003 0.12115277777777779
0 0.6421640625 0.4580138888888889 0.0389140625 0.08497222222222223
0 0.2314765625 0.2845972222222222 0.030375000000000003 0.1118888888888889
0 0.5962578125 0.40613888888888894 0.0393359375 0.0746388888888889
0 0.6235625 0.4331527777777778 0.035578125 0.07602777777777778
0 0.7304999999999999 0.3703333333333333 0.028335937500000002 0.1093888888888889
1 0.440234375 0.04184722222222222 0.0268125 0.08075
1 0.893359375 0.13152777777777777 0.01875 0.10354166666666666
0 0.7175546875000001 0.32219444444444445 0.0236328125 0.10472222222222223
0 0.7786640625000001 0.6339583333333333 0.043671875 0.12854166666666667