0 0.35227463312368973 0.3998804780876494 0.03330712788259958 0.10349601593625497
0 0.437227463312369 0.5555776892430279 0.03582809224318658 0.1222808764940239
0 0.1557442348008386 0.5948705179282868 0.04288784067085954 0.12137450199203187
0 0.41017295597484277 0.461304780876494 0.036761006289308173 0.12450199203187251
0 0.40971174004192873 0.31434262948207176 0.031912997903563944 0.1245219123505976
0 0.29311844863731656 0.3952988047808765 0.05022012578616352 0.11356573705179282
0 0.24056603773584906 0.4888844621513944 0.02781446540880503 0.09152390438247011
0 0.07328616352201259 0.5399601593625498 0.04500524109014675 0.12518924302788845
0 0.4040723270440252 0.7036553784860557 0.03220125786163522 0.14414342629482071
0 0.9627672955974843 0.47606573705179284 0.03201781970649895 0.14387450199203186
0 0.28689203354297693 0.6592529880478087 0.04865303983228511 0.10471115537848605
0 0.40422955974842767 0.6270916334661355 0.03673480083857442 0.12957171314741037
0 0.3712683438155136 0.4694721115537849 0.05179769392033543 0.06243027888446215
0 0.2856027253668763 0.6164043824701195 0.049544025157232705 0.10326693227091634
0 0.3694654088050315 0.5941035856573705 0.05301362683438155 0.09155378486055778
0 0.31123689727463316 0.5310956175298805 0.04721174004192872 0.09806772908366533
0 0.27920335429769394 0.5154780876494024 0.035277777777777776 0.10650398406374503
0 0.29506289308176104 0.44781872509960163 0.04540356394129979 0.05322709163346613
0 0.29302935010482184 0.5603286852589642 0.04223794549266247 0.06675298804780876
0 0.29334381551362687 0.48059760956175296 0.039287211740041926 0.052509960159362545
0 0.3655555555555556 0.5506474103585658 0.047709643605870024 0.09516932270916334
1 0.3068763102725367 0.020677290836653386 0.03559748427672956 0.04135458167330677
0 0.36037735849056607 0.510687250996016 0.049758909853249475 0.06197211155378486