0 0.5568763102725367 0.6157669322709164 0.03037211740041929 0.09346613545816733
1 0.1509014675052411 0.0522011952191235 0.035718029350104825 0.08933266932270915
0 0.48824947589098533 0.4945019920318725 0.03222222222222222 0.10540836653386454
0 0.6328563941299791 0.593386454183267 0.0345230607966457 0.06983067729083665
0 0.5361530398322851 0.5791434262948207 0.03020440251572327 0.08909362549800798
0 0.23518867924528303 0.6471812749003983 0.03057651991614256 0.12209163346613545
0 0.8347379454926626 0.8151494023904382 0.03933438155136268 0.10899402390438248
0 0.20675576519916142 0.6510756972111553 0.035911949685534586 0.11536852589641435
0 0.5615880503144655 0.2712350597609562 0.019067085953878408 0.0903386454183267
0 0.8133909853249476 0.8501892430278885 0.030026205450733753 0.11912350597609561
0 0.8005607966457023 0.5738247011952191 0.024816561844863732 0.1104581673306773
0 0.5000786163522013 0.39207171314741035 0.026451781970649894 0.09558764940239044
1 0.8808857442348008 0.2993027888446215 0.022646750524109017 0.10392430278884462
0 0.21549266247379456 0.5307171314741036 0.027468553459119496 0.12594621513944224
0 0.2325 0.5148306772908366 0.02359538784067086 0.09518924302788843
0 0.2685482180293501 0.6020717131474104 0.03204926624737946 0.11590637450199204
0 0.17404088050314465 0.6317131474103586 0.026079664570230608 0.12637450199203187
0 0.2898584905660377 0.5595916334661355 0.0395440251572327 0.1024203187250996
0 0.48139412997903563 0.3922011952191235 0.03129979035639413 0.07433266932270916
0 0.576933962264151 0.27433266932270917 0.03511006289308176 0.08878486055776892
0 0.8231027253668763 0.5939940239043825 0.027950733752620544 0.09260956175298805
0 0.2364098532494759 0.5768924302788845 0.02357966457023061 0.038237051792828686
0 0.18825995807127882 0.5474402390438247 0.02029874213836478 0.061862549800796814
0 0.19442348008385743 0.6051294820717131 0.01996331236897275 0.08618525896414343