0 0.1254140461215933 0.4911089108910891 0.028653039832285117 0.07214851485148516
0 0.28320230607966457 0.4873168316831683 0.025990566037735852 0.07569306930693069
0 0.6815775681341719 0.762039603960396 0.0345125786163522 0.08083168316831683
0 0.2464517819706499 0.5151287128712871 0.022300838574423477 0.07625742574257426
0 0.8523846960167715 0.4628316831683168 0.02360062893081761 0.07093069306930694
1 0.12738993710691823 0.32155445544554456 0.016126834381551363 0.07103960396039603
0 0.8400943396226416 0.6066930693069307 0.024648846960167715 0.06812871287128713
0 0.5027987421383648 0.46453465346534656 0.02280398322851153 0.06206930693069307
0 0.3235691823899371 0.6686435643564357 0.021666666666666667 0.07214851485148516
0 0.3100104821802935 0.4787920792079208 0.025718029350104823 0.06545544554455446
0 0.2243134171907757 0.41388118811881186 0.024245283018867924 0.06858415841584158
0 0.622353249475891 0.2891287128712871 0.019937106918238995 0.05757425742574257
0 0.17443396226415095 0.574940594059406 0.025492662473794548 0.06536633663366337
0 0.24204926624737944 0.41877227722772276 0.023427672955974845 0.06516831683168316
0 0.8666509433962264 0.5876138613861386 0.02409853249475891 0.06518811881188119
0 0.6140251572327043 0.26854455445544556 0.017987421383647798 0.05706930693069307
0 0.28868448637316557 0.6889108910891089 0.01959119496855346 0.07784158415841584
1 0.44431341719077566 0.19071287128712872 0.019942348008385742 0.06202970297029703
0 0.15596960167714882 0.571059405940594 0.026886792452830186 0.06831683168316832
1 0.15874737945492662 0.9311188118811881 0.019486373165618447 0.07223762376237623
0 0.17620020964360586 0.4526930693069307 0.019329140461215935 0.06690099009900989
0 0.0925943396226415 0.48146534653465345 0.025618448637316563 0.0679009900990099
0 0.15839098532494758 0.451960396039604 0.018668763102725364 0.06756435643564355
0 0.512143605870021 0.39622772277227725 0.019748427672955975 0.0556039603960396
1 0.8894182389937106 0.2309009900990099 0.015576519916142556 0.05993069306930693
0 0.07409853249475891 0.45662376237623764 0.027049266247379456 0.07968316831683168