1 0.15611635220125786 0.04284860557768925 0.03776729559748428 0.08568725099601594
0 0.8254088050314466 0.818187250996016 0.03208071278825996 0.1272011952191235
0 0.8032023060796646 0.8545517928286853 0.036619496855345914 0.12735059760956174
0 0.24695492662473795 0.6598107569721116 0.034192872117400415 0.1303187250996016
0 0.8363836477987421 0.6138745019920319 0.03908280922431866 0.09695219123505977
0 0.5545125786163522 0.26348605577689244 0.019758909853249476 0.08860557768924303
0 0.5261687631027253 0.5479083665338645 0.03501572327044025 0.09159362549800797
1 0.9117976939203355 0.29197211155378483 0.02359538784067086 0.11134462151394423
0 0.21005765199161427 0.6631175298804781 0.036367924528301884 0.10662350597609561
0 0.19011006289308177 0.6402490039840637 0.028029350104821802 0.13487051792828686
0 0.5214360587002096 0.4144322709163346 0.029606918238993713 0.10982071713147411
0 0.6521069182389937 0.5767828685258964 0.03120020964360587 0.08171314741035857
0 0.3045335429769392 0.5762350597609561 0.03627358490566037 0.10659362549800797
0 0.28041928721174003 0.6136155378486057 0.03580188679245283 0.11229083665338645
0 0.817604821802935 0.5866733067729083 0.033773584905660375 0.09506972111553785
0 0.4782861635220126 0.46431274900398406 0.030775681341719076 0.09878486055776893
0 0.19515723270440252 0.5786653386454184 0.02516771488469602 0.10325697211155378
0 0.2387473794549266 0.5289940239043824 0.03440251572327044 0.09804780876494024
0 0.21908280922431866 0.5225896414342629 0.029549266247379455 0.09322709163346612
0 0.5383962264150943 0.5888147410358565 0.026960167714884693 0.10724103585657371
0 0.507730607966457 0.3952888446215139 0.031257861635220124 0.097300796812749
0 0.5685744234800838 0.27280876494023903 0.01888888888888889 0.0946812749003984
0 0.24600104821802934 0.5944123505976096 0.03210691823899371 0.039133466135458164
0 0.2141719077568134 0.6095517928286852 0.02252620545073375 0.06298804780876494