0 0.3580660377358491 0.29324701195219127 0.04618448637316562 0.1202589641434263
0 0.2914727463312369 0.798406374501992 0.041740041928721175 0.13931274900398408
0 0.34258909853249475 0.7096215139442231 0.06581761006289308 0.10711155378486056
0 0.40164046121593294 0.41387450199203185 0.06279874213836478 0.09129482071713146
0 0.34864255765199165 0.19919322709163348 0.0525314465408805 0.12161354581673306
0 0.16160377358490566 0.5012948207171315 0.05612683438155137 0.149601593625498
0 0.23027777777777778 0.7768625498007968 0.05428197064989517 0.14083665338645418
0 0.3850314465408805 0.6212549800796813 0.04678197064989518 0.13258964143426294
0 0.382437106918239 0.524292828685259 0.0489832285115304 0.12540836653386453
0 0.49595911949685534 0.30241035856573706 0.037746331236897274 0.12031872509960159
0 0.38230083857442343 0.47670318725099603 0.0585272536687631 0.07849601593625498
0 0.21756813417190776 0.6855179282868525 0.05109014675052411 0.13403386454183266
0 0.2996331236897275 0.5481772908366533 0.046530398322851156 0.10933266932270916
0 0.6944706498951781 0.17567729083665337 0.035922431865828094 0.1339641434262948
0 0.30654088050314465 0.383097609561753 0.04119496855345912 0.06696215139442231
0 0.3495492662473795 0.5840737051792828 0.044638364779874214 0.09410358565737052
0 0.5285691823899371 0.9124402390438248 0.035529350104821805 0.15683266932270917
0 0.2479559748427673 0.6107171314741036 0.04436582809224319 0.10965139442231076
0 0.2645125786163522 0.5792529880478088 0.042159329140461214 0.10630478087649403
0 0.7635587002096436 0.5411354581673307 0.03169287211740042 0.15622509960159361
0 0.2912840670859539 0.4780776892430279 0.0370125786163522 0.08400398406374503
0 0.29499475890985327 0.4225398406374502 0.036299790356394135 0.06154382470119522