0 0.32903125 0.32304166666666667 0.024703125 0.07777777777777778
0 0.612921875 0.5720972222222223 0.039140625 0.09945833333333333
1 0.40238281249999996 0.4911805555555555 0.0211875 0.10227777777777777
0 0.5498671875000001 0.43080555555555555 0.0234921875 0.09154166666666666
0 0.182875 0.39658333333333334 0.024984375 0.08702777777777777
0 0.46021875 0.4415972222222222 0.0297421875 0.08334722222222223
1 0.9453984375 0.3222361111111111 0.0226171875 0.09416666666666666
0 0.31090625 0.6071388888888889 0.030593749999999996 0.109375
0 0.6378984375 0.7825833333333334 0.0525390625 0.10219444444444445
0 0.45944531250000004 0.27405555555555555 0.024492187500000002 0.07163888888888889
0 0.7867968750000001 0.4455555555555556 0.029843750000000002 0.09973611111111111
0 0.48996093749999997 0.26702777777777775 0.025539062499999998 0.06513888888888889
0 0.7161640625000001 0.49597222222222226 0.024328125 0.10359722222222223
0 0.7403828125 0.47841666666666666 0.0353515625 0.08277777777777778
0 0.4519609375 0.29455555555555557 0.0266171875 0.07894444444444446
0 0.7840234374999999 0.5084027777777778 0.0341015625 0.08222222222222222
0 0.8762734375000001 0.5819722222222222 0.031171874999999998 0.09752777777777778
1 0.49625 0.2107638888888889 0.021046875 0.08051388888888888
0 0.5976874999999999 0.7598055555555555 0.045179687499999996 0.09670833333333333
1 0.832625 0.8736527777777777 0.0256484375 0.06956944444444445
0 0.7461953125 0.3971666666666666 0.0383125 0.08216666666666667
0 0.7209765625 0.4094305555555556 0.0199375 0.053402777777777785
0 0.7095703125 0.44243055555555555 0.02553125 0.0937361111111111
0 0.770453125 0.5139166666666667 0.0256640625 0.09930555555555555
0 0.6935859375 0.4220277777777778 0.03465625 0.07994444444444444
0 0.7384921875 0.37793055555555555 0.018703125 0.059875