0 0.08862683438155136 0.5404681274900398 0.04988993710691824 0.10766932270916334
0 0.41758909853249476 0.5893525896414343 0.03976415094339623 0.12088645418326693
0 0.16712264150943396 0.590707171314741 0.05083333333333333 0.11198207171314742
0 0.24473794549266245 0.5165039840637451 0.04787211740041929 0.13594621513944224
0 0.3851939203354298 0.6681772908366534 0.04055555555555555 0.12722111553784862
0 0.30169811320754714 0.39471115537848606 0.04144654088050315 0.11276892430278884
0 0.9721069182389936 0.4895517928286853 0.03179769392033543 0.1377589641434263
0 0.2973427672955975 0.6148107569721115 0.05940775681341719 0.12635458167330677
0 0.35186058700209644 0.5159960159362549 0.04521488469601677 0.10589641434262947
0 0.35623689727463315 0.5930976095617531 0.045938155136268345 0.10837649402390438
0 0.34950209643605873 0.43812749003984064 0.052201257861635215 0.09879482071713147
0 0.3129716981132075 0.5713745019920319 0.048501048218029356 0.10451195219123506
0 0.3893710691823899 0.3574402390438247 0.030555555555555555 0.12870517928286854
0 0.43095911949685534 0.7638844621513945 0.03872117400419287 0.15172310756972113
0 0.31215932914046124 0.43576693227091634 0.03954926624737945 0.06504980079681275
0 0.30459119496855347 0.5290139442231075 0.04757861635220126 0.1028187250996016
0 0.23021488469601678 0.6315737051792829 0.04329140461215933 0.11135458167330677
0 0.34447589098532494 0.4938147410358566 0.03700733752620545 0.10853585657370518
0 0.3994654088050314 0.46848605577689245 0.037604821802935014 0.11635458167330677
1 0.3197589098532495 0.02006972111553785 0.04719601677148847 0.0401394422310757
0 0.279937106918239 0.4902290836653386 0.03523060796645702 0.09378486055776893
0 0.3351781970649895 0.3794521912350598 0.02808700209643606 0.052121513944223104
0 0.3034958071278826 0.4983167330677291 0.05343815513626834 0.11181274900398407