0 0.4886949685534591 0.33871287128712874 0.07217505241090147 0.10854455445544554
0 0.45242138364779877 0.40539603960396037 0.07270440251572327 0.09977227722772276
0 0.19424004192872119 0.4112475247524753 0.04708595387840671 0.16959405940594058
0 0.5265041928721175 0.2507821782178218 0.04023060796645703 0.15084158415841584
0 0.19571278825995808 0.7228217821782178 0.06120020964360587 0.15314851485148515
0 0.21870020964360587 0.37602970297029703 0.03940251572327044 0.13436633663366337
0 0.41745283018867924 0.2432178217821782 0.05757861635220126 0.13781188118811882
0 0.5532389937106917 0.3711881188118812 0.03610587002096436 0.1624059405940594
0 0.26704926624737946 0.6099702970297031 0.06656184486373165 0.14632673267326732
0 0.30777253668763105 0.49905940594059406 0.047405660377358494 0.11896039603960397
0 0.8851205450733752 0.33560396039603957 0.036745283018867925 0.16996039603960394
0 0.3937473794549266 0.5513663366336634 0.07149895178197065 0.10579207920792079
0 0.3730765199161426 0.5902574257425742 0.04282494758909853 0.16674257425742575
0 0.6811058700209643 0.48308910891089113 0.035555555555555556 0.16229702970297027
0 0.2816771488469602 0.5352871287128713 0.055309224318658284 0.1315049504950495
0 0.8771278825995806 0.6331584158415842 0.032935010482180296 0.18175247524752475
0 0.34933438155136265 0.47751485148514855 0.0490566037735849 0.11317821782178218
0 0.38342243186582814 0.2166138613861386 0.03758909853249476 0.13206930693069305
0 0.5914308176100629 0.6808415841584158 0.041205450733752626 0.16088118811881189
0 0.36569182389937105 0.35588118811881186 0.044318658280922435 0.1267029702970297
0 0.35406708595387837 0.39145544554455447 0.04262054507337526 0.09746534653465347
0 0.4466457023060797 0.8708910891089109 0.049444444444444444 0.17934653465346534