1 0.707921875 0.40641666666666665 0.0234765625 0.12075
0 0.21539843749999998 0.8642916666666666 0.050640624999999995 0.12269444444444445
0 0.5232109375 0.14508333333333331 0.0408203125 0.10281944444444445
0 0.503921875 0.371 0.044140625 0.07806944444444444
0 0.3171015625 0.5338333333333334 0.0443203125 0.11990277777777777
0 0.5293984375 0.3241805555555555 0.0373046875 0.06966666666666667
0 0.30679687499999997 0.8803055555555557 0.0386875 0.11109722222222221
0 0.390265625 0.4116944444444445 0.0406484375 0.09152777777777779
0 0.4485390625 0.2878888888888889 0.0336328125 0.063625
0 0.2554453125 0.6889861111111111 0.041765625 0.11573611111111111
1 0.1833046875 0.13868055555555556 0.0265546875 0.10252777777777777
0 0.60703125 0.15962500000000002 0.0233125 0.11116666666666668
0 0.5731328125 0.7626388888888889 0.0305859375 0.136625
0 0.4826796875 0.4326805555555555 0.05875781249999999 0.07490277777777778
0 0.4449609375 0.37755555555555553 0.03640625 0.07252777777777777
0 0.773671875 0.33383333333333337 0.027734375 0.11490277777777778
0 0.5980624999999999 0.3500138888888889 0.02828125 0.10975
0 0.40746093749999995 0.3851388888888889 0.036148437500000005 0.07868055555555556
0 0.648015625 0.5931527777777778 0.026171875 0.13051388888888887
0 0.46860156249999996 0.4590416666666667 0.0281015625 0.13368055555555555
0 0.5939921874999999 0.40151388888888884 0.0229140625 0.12072222222222223
0 0.3051640625 0.32819444444444446 0.0206015625 0.10805555555555556
0 0.43629687500000003 0.34426388888888887 0.03871875 0.06866666666666667
0 0.307828125 0.2892777777777778 0.0189921875 0.11163888888888888