0 0.789484375 0.8501527777777778 0.051539062499999996 0.11619444444444443
0 0.5895390625 0.20029166666666667 0.0399453125 0.10375000000000001
0 0.5386562500000001 0.27752777777777776 0.052953125000000004 0.08206944444444444
0 0.404671875 0.31808333333333333 0.0248828125 0.11305555555555556
0 0.420515625 0.111 0.0278515625 0.086125
1 0.33634375 0.4131111111111111 0.0224453125 0.11790277777777777
0 0.380046875 0.5337083333333333 0.026289062499999998 0.11737500000000001
0 0.47396093749999996 0.09041666666666666 0.031765625 0.09283333333333334
0 0.2011875 0.3934722222222222 0.0323046875 0.11391666666666667
0 0.563765625 0.3575138888888889 0.0455234375 0.10316666666666667
0 0.2717109375 0.2427777777777778 0.0273671875 0.10408333333333333
0 0.5694296875 0.40579166666666666 0.044515624999999996 0.08704166666666667
0 0.7111875000000001 0.8937638888888889 0.038546875 0.10862499999999999
0 0.47595312500000003 0.4549722222222222 0.0391484375 0.10569444444444444
0 0.5313046875 0.23551388888888888 0.029867187499999996 0.08034722222222222
0 0.59484375 0.46258333333333335 0.047734375 0.09452777777777778
0 0.7258203125 0.3665 0.027953125000000002 0.11141666666666666
1 0.88571875 0.12168055555555556 0.021328125 0.10516666666666666
0 0.6155625 0.37677777777777777 0.0307421875 0.06490277777777777
0 0.5880625 0.3344722222222222 0.0333046875 0.06825
0 0.639796875 0.45818055555555554 0.062828125 0.08163888888888889
1 0.4363984375 0.03463888888888889 0.0265859375 0.06926388888888889
0 0.7148125000000001 0.33490277777777777 0.0200390625 0.08886111111111111
0 0.596609375 0.39793055555555557 0.0335546875 0.06351388888888888
0 0.6205078125 0.4265833333333333 0.029914062499999998 0.06747222222222223