0 0.766734375 0.7119166666666668 0.048125 0.12538888888888888
0 0.519828125 0.5192361111111111 0.024703125 0.10354166666666666
0 0.5707265625 0.2645 0.03071875 0.08805555555555555
0 0.6097890625 0.32405555555555554 0.0355078125 0.083375
0 0.58775 0.46244444444444444 0.03440625 0.07368055555555555
0 0.45701562500000004 0.41508333333333336 0.0258046875 0.09283333333333334
0 0.6364453125 0.5554305555555555 0.04359375 0.0705
0 0.3090234375 0.5947777777777777 0.032796874999999996 0.106125
0 0.8185781249999999 0.5020555555555556 0.026828125 0.09883333333333333
0 0.7050156249999999 0.5197638888888889 0.03671875 0.08688888888888889
0 0.6449374999999999 0.48115277777777776 0.0305546875 0.06625
0 0.77596875 0.45 0.024578125 0.1130138888888889
0 0.276359375 0.4026527777777778 0.025859375 0.08509722222222223
1 0.9222187500000001 0.3255138888888889 0.0236328125 0.09543055555555555
1 0.4097109375 0.4999444444444444 0.023109374999999998 0.09275
0 0.619953125 0.5115277777777778 0.034828125 0.07327777777777778
0 0.511421875 0.27697222222222223 0.022578124999999998 0.07581944444444445
0 0.3970625 0.3325694444444444 0.0240078125 0.076875
1 0.8373984374999999 0.8794027777777778 0.027046874999999998 0.06775
0 0.6538828125 0.7189722222222221 0.02953125 0.10619444444444444
0 0.5719296875000001 0.4182916666666667 0.03984375 0.05795833333333333
0 0.683578125 0.49218055555555557 0.0301328125 0.0801111111111111
0 0.6480312500000001 0.40515277777777775 0.0283515625 0.043652777777777776
0 0.65459375 0.4382222222222222 0.0308359375 0.043569444444444445
0 0.601421875 0.37445833333333334 0.032218750000000004 0.092625
1 0.5055390625 0.2110138888888889 0.027671875000000002 0.08526388888888889