0 0.42475781250000005 0.31172222222222223 0.03078125 0.09701388888888889
0 0.711859375 0.8691249999999999 0.038125 0.11276388888888889
0 0.23228906249999998 0.33399999999999996 0.0363046875 0.09327777777777778
0 0.2779609375 0.21984722222222222 0.0266796875 0.09790277777777777
0 0.456046875 0.08676388888888889 0.0338125 0.08202777777777778
0 0.3517890625 0.5195277777777778 0.029593750000000002 0.10830555555555556
0 0.6534453124999999 0.46579166666666666 0.0426171875 0.0905138888888889
1 0.3438359375 0.3939027777777778 0.022593750000000003 0.11565277777777777
0 0.5234921875 0.44865277777777773 0.0353359375 0.10915277777777778
1 0.8952500000000001 0.10209722222222223 0.0230234375 0.10327777777777777
0 0.622171875 0.47170833333333334 0.0468984375 0.11648611111111112
0 0.5540234374999999 0.14529166666666665 0.0286328125 0.10598611111111111
0 0.59178125 0.40795833333333337 0.043140625 0.1009861111111111
0 0.5927578125 0.27231944444444445 0.034898437500000004 0.07005555555555555
0 0.5816796875 0.34255555555555556 0.0447578125 0.08094444444444444
0 0.6245 0.3905416666666667 0.0358515625 0.049
1 0.443390625 0.03165277777777778 0.024492187500000002 0.06077777777777778
0 0.7432109375 0.35102777777777777 0.028218749999999997 0.11263888888888889
0 0.6162109375 0.3760277777777778 0.037867187499999996 0.04552777777777778
0 0.602 0.3355694444444445 0.032671875 0.07288888888888888
0 0.5129765625 0.2371388888888889 0.0357421875 0.09183333333333334
0 0.4102734375 0.09411111111111112 0.03540625 0.08894444444444445
0 0.76734375 0.8510972222222222 0.034664062499999995 0.12730555555555556
0 0.7190703125 0.36083333333333334 0.023390625 0.09411111111111112
0 0.6269765625 0.4456527777777778 0.0315546875 0.06952777777777779