0 0.3390985324947589 0.5173306772908366 0.05255765199161426 0.10989043824701195
0 0.22276205450733752 0.8866235059760956 0.0575314465408805 0.1116235059760956
0 0.5135901467505241 0.06696215139442231 0.03979559748427673 0.10358565737051793
0 0.294664570230608 0.48147410358565734 0.04272012578616353 0.10193227091633467
0 0.5172851153039832 0.6176992031872509 0.032966457023060794 0.11284860557768923
0 0.5659643605870021 0.3949103585657371 0.028569182389937105 0.11066733067729084
0 0.48958071278826 0.5185756972111554 0.027531446540880505 0.11823705179282867
0 0.32877358490566033 0.42826693227091633 0.04147798742138365 0.09880478087649402
0 0.5519916142557653 0.08414342629482072 0.034140461215932914 0.09560756972111553
0 0.3896488469601677 0.43230079681274897 0.04184486373165618 0.11465139442231076
0 0.43003668763102726 0.2392430278884462 0.029816561844863733 0.09060756972111554
0 0.6093763102725367 0.2224601593625498 0.025267295597484276 0.10479083665338645
0 0.2805398322851153 0.28844621513944224 0.028941299790356395 0.09105577689243029
0 0.247520964360587 0.3215139442231076 0.030665618448637317 0.12182270916334662
1 0.05989517819706499 0.1256374501992032 0.02141509433962264 0.11193227091633466
0 0.3641719077568134 0.4016434262948207 0.02890461215932914 0.08428286852589642
0 0.3974528301886793 0.24623505976095617 0.029166666666666667 0.08149402390438246
0 0.8301572327044026 0.41762948207171313 0.030686582809224316 0.12008964143426294
0 0.4194339622641509 0.33398406374501993 0.03908280922431866 0.09519920318725099
0 0.4512735849056604 0.17427290836653386 0.036577568134171914 0.0897211155378486
0 0.3808542976939203 0.31123505976095617 0.03350104821802935 0.07961155378486057
0 0.3904769392033543 0.35016932270916334 0.030985324947589096 0.10121513944223108
0 0.4651939203354298 0.9524003984063746 0.03762578616352202 0.09518924302788843