0 0.5465146750524109 0.8726494023904382 0.059748427672955975 0.18173306772908368
0 0.2901100628930817 0.7126294820717132 0.04722222222222222 0.15053784860557767
0 0.25642557651991615 0.2729183266932271 0.05386268343815513 0.1486752988047809
0 0.3338364779874214 0.26604581673306776 0.042085953878406704 0.12000996015936255
0 0.2040146750524109 0.26110557768924303 0.056698113207547175 0.1438446215139442
0 0.35186058700209644 0.4775099601593626 0.059040880503144655 0.14298804780876495
0 0.3694496855345912 0.17439243027888446 0.04095911949685535 0.13867529880478086
0 0.2819811320754717 0.6082470119521912 0.05001572327044026 0.17034860557768924
0 0.48006813417190775 0.5197609561752988 0.06628406708595387 0.09823705179282868
0 0.5331708595387841 0.6428486055776892 0.06574947589098533 0.09209163346613546
0 0.6404769392033542 0.24978087649402392 0.03759433962264151 0.13901394422310756
0 0.5250524109014675 0.7686354581673307 0.05670859538784067 0.18177290836653387
0 0.385566037735849 0.528914342629482 0.04416666666666667 0.1351792828685259
0 0.42453878406708595 0.4198705179282869 0.0670545073375262 0.09672310756972112
0 0.6729035639412998 0.6008167330677291 0.04832809224318658 0.1584163346613546
0 0.634517819706499 0.754691235059761 0.06645702306079665 0.13724103585657368
0 0.4427253668763103 0.6771314741035857 0.0489727463312369 0.16096613545816735
0 0.6523427672955975 0.8477290836653386 0.04481656184486373 0.16522908366533864
0 0.5723270440251572 0.7191633466135458 0.07069182389937106 0.10850597609561753
0 0.8517714884696017 0.5500996015936255 0.03733752620545073 0.16911354581673305
0 0.42744758909853253 0.6301892430278885 0.046179245283018866 0.14107569721115537
0 0.43257861635220124 0.5737051792828686 0.049732704402515725 0.08404382470119522