0 0.11764675052410901 0.3829009900990099 0.0459748427672956 0.12832673267326733
0 0.5889465408805031 0.528930693069307 0.036609014675052405 0.11578217821782177
0 0.22323899371069184 0.34273267326732676 0.04960167714884696 0.12724752475247525
0 0.7339150943396227 0.6948316831683168 0.030314465408805034 0.12941584158415842
0 0.7456865828092243 0.2800594059405941 0.04233228511530398 0.12393069306930693
0 0.3936844863731656 0.5951881188118812 0.044470649895178196 0.11572277227722771
0 0.290440251572327 0.3571485148514852 0.04481132075471698 0.10800990099009901
0 0.8250681341719077 0.5145544554455446 0.028050314465408805 0.1222871287128713
0 0.3334276729559748 0.7524158415841584 0.03907756813417191 0.13275247524752476
0 0.5038574423480084 0.9352772277227722 0.050010482180293504 0.12827722772277228
0 0.20355345911949685 0.4913168316831683 0.041829140461215934 0.12551485148514852
0 0.23368972746331237 0.5021386138613861 0.03339622641509434 0.13682178217821783
0 0.26257861635220126 0.3590792079207921 0.02780398322851153 0.10587128712871288
1 0.5475576519916142 0.0161980198019802 0.041299790356394125 0.0323960396039604
0 0.3287788259958071 0.5924356435643564 0.040461215932914046 0.1159108910891089
0 0.26143605870020964 0.2674653465346534 0.029931865828092243 0.05376237623762376
0 0.42701781970649894 0.6560297029702971 0.0544706498951782 0.1125049504950495
0 0.2537893081761006 0.4340990099009901 0.03607966457023061 0.12079207920792079
0 0.17578616352201257 0.35059405940594063 0.04184486373165618 0.12442574257425743
0 0.5362316561844863 0.1900990099009901 0.04216457023060797 0.12516831683168317
0 0.23596960167714887 0.3998514851485149 0.026975890985324946 0.07908910891089109
0 0.23003144654088048 0.4543465346534653 0.041928721174004195 0.12472277227722772
0 0.250062893081761 0.30377227722772276 0.020508385744234803 0.0492970297029703