0 0.2583018867924528 0.42989043824701195 0.050875262054507334 0.12983067729083664
0 0.9154402515723271 0.5069521912350597 0.04270964360587002 0.1023207171314741
0 0.47357966457023065 0.7576892430278884 0.03297169811320755 0.10796812749003985
0 0.5530974842767296 0.8050498007968128 0.04965408805031446 0.12733067729083666
0 0.21388364779874214 0.42451195219123505 0.05215408805031447 0.1000199203187251
0 0.40517819706498953 0.6248406374501992 0.04107442348008386 0.1145617529880478
0 0.40364779874213835 0.3726195219123506 0.03326519916142558 0.0753187250996016
0 0.3277463312368973 0.478605577689243 0.03431865828092243 0.1403386454183267
0 0.3868343815513627 0.5046812749003984 0.04830188679245283 0.08169322709163346
1 0.372562893081761 0.03296812749003984 0.03464360587002096 0.06594621513944222
0 0.3097641509433962 0.6199900398406375 0.032028301886792454 0.11875498007968129
0 0.11876310272536687 0.48189243027888445 0.03327568134171908 0.1387549800796813
0 0.390125786163522 0.4304183266932271 0.03131551362683438 0.06908366533864542
0 0.3578092243186583 0.6098207171314741 0.037746331236897274 0.11054780876494023
0 0.36988993710691825 0.5664342629482072 0.04485849056603774 0.13445219123505978
0 0.3650262054507338 0.41932270916334663 0.027830188679245284 0.08643426294820718
0 0.33230083857442344 0.6237250996015936 0.03428721174004193 0.1072211155378486
0 0.38160377358490566 0.38664342629482074 0.024926624737945494 0.031215139442231074
0 0.34649895178197065 0.41073705179282866 0.023024109014675054 0.04466135458167331
0 0.3361111111111111 0.5170019920318726 0.03702830188679246 0.05567729083665338
0 0.344811320754717 0.45567729083665337 0.019219077568134173 0.08598605577689243