0 0.5500703125 0.5345694444444444 0.039859375 0.09219444444444444
0 0.785234375 0.44455555555555554 0.025773437500000003 0.11384722222222222
0 0.745421875 0.5187638888888889 0.0434921875 0.08601388888888889
0 0.45375 0.41831944444444447 0.024492187500000002 0.0900138888888889
0 0.6463515625 0.7368333333333333 0.0289921875 0.0953611111111111
0 0.2313359375 0.3978611111111111 0.0225078125 0.08293055555555556
0 0.373359375 0.33094444444444443 0.025953125 0.08216666666666667
1 0.9335234375000001 0.3240416666666667 0.025328125 0.09333333333333334
0 0.31344531249999996 0.5952222222222222 0.026140625 0.10552777777777779
1 0.4080078125 0.4953194444444444 0.02309375 0.095875
0 0.5656328125 0.3916111111111111 0.027078124999999998 0.08561111111111111
0 0.677921875 0.4934583333333334 0.0326796875 0.108875
0 0.49320312499999996 0.27497222222222223 0.02025 0.07245833333333333
1 0.8314765625 0.8789027777777777 0.0261796875 0.06819444444444445
0 0.70375 0.48266666666666663 0.0275859375 0.08456944444444445
0 0.84871875 0.5347361111111111 0.028953125000000003 0.09347222222222222
0 0.5354921874999999 0.30569444444444444 0.030328125 0.08330555555555555
1 0.5025234375000001 0.205 0.02384375 0.08505555555555556
0 0.7188203125 0.5216111111111111 0.0282578125 0.09723611111111112
0 0.6613203125 0.4262222222222222 0.030843749999999996 0.0911111111111111
0 0.6859296875 0.7272638888888889 0.0273046875 0.1005
0 0.52428125 0.2644444444444444 0.02153125 0.08272222222222222
0 0.687734375 0.41830555555555554 0.027453125000000002 0.056763888888888885
0 0.6928046875 0.38459722222222226 0.0228125 0.06041666666666667
0 0.6723125 0.38001388888888893 0.022593750000000003 0.05441666666666667
0 0.6888671875 0.39719444444444446 0.0175078125 0.034527777777777775