0 0.331609375 0.21054166666666668 0.036398437500000005 0.08345833333333334
0 0.32971875 0.30294444444444446 0.0290234375 0.099125
0 0.46461718750000003 0.11795833333333335 0.0341171875 0.0806388888888889
1 0.3859921875 0.4103472222222222 0.023796875000000002 0.10472222222222223
0 0.45632031250000005 0.2914583333333333 0.02778125 0.09459722222222222
0 0.320890625 0.5390138888888889 0.033859375000000004 0.11368055555555555
0 0.6995312499999999 0.2722361111111111 0.0374765625 0.10727777777777778
1 0.89625 0.12769444444444444 0.0225078125 0.09280555555555554
0 0.7666171875 0.34947222222222224 0.0237578125 0.10872222222222222
0 0.4875859375 0.2912083333333333 0.0364296875 0.09766666666666665
0 0.49780468750000006 0.11425 0.028023437499999998 0.0751388888888889
0 0.5339765625 0.10156944444444443 0.031492187500000005 0.07677777777777778
0 0.7405390625 0.4571388888888889 0.028476562500000004 0.09156944444444445
0 0.625796875 0.40475 0.0321015625 0.10225000000000001
0 0.6836562500000001 0.8246666666666667 0.0335078125 0.12208333333333334
0 0.635484375 0.3324722222222222 0.033125 0.10543055555555556
1 0.48341406249999996 0.04623611111111111 0.022265625 0.081625
1 0.9941953124999999 0.44998611111111114 0.011609375 0.105
0 0.6262734375 0.49780555555555556 0.042203125 0.09730555555555556
0 0.6918359374999999 0.5574444444444444 0.0454375 0.08748611111111111
0 0.6004609375000001 0.5037638888888889 0.0313671875 0.1151388888888889
0 0.6648125 0.44638888888888884 0.022546875 0.06251388888888888
0 0.7256171874999999 0.7804722222222223 0.043921875 0.10891666666666668
0 0.6471328125 0.45702777777777776 0.029328125 0.09119444444444444
0 0.6945078125 0.5143888888888889 0.032859375 0.05656944444444444
0 0.6636015625 0.4817916666666667 0.033328125 0.0875