1 0.1516640625 0.18306944444444445 0.0191484375 0.08273611111111111
0 0.17728125 0.5960416666666666 0.037515625000000004 0.08970833333333333
0 0.8778515625000001 0.423125 0.03253125 0.07515277777777778
0 0.2983515625 0.6693472222222222 0.029265625 0.0943611111111111
0 0.34384375 0.5716944444444445 0.03671875 0.08015277777777778
0 0.4400546875 0.21680555555555556 0.029593750000000002 0.08615277777777777
1 0.565046875 0.3904861111111111 0.018796874999999998 0.095875
0 0.17984375 0.32440277777777776 0.021671875 0.08968055555555554
0 0.26440625 0.44684722222222223 0.0263046875 0.07843055555555556
0 0.4656015625 0.22577777777777777 0.0302734375 0.06431944444444444
0 0.41977343749999996 0.8763055555555557 0.030875000000000003 0.09370833333333334
0 0.3255 0.24975 0.024531249999999998 0.057444444444444444
1 0.1364375 0.9701944444444444 0.025773437500000003 0.058388888888888886
0 0.20393750000000002 0.4003611111111111 0.0399921875 0.080375
0 0.16861718750000002 0.40805555555555556 0.0229296875 0.09554166666666668
0 0.3777890625 0.31466666666666665 0.031757812499999996 0.09345833333333334
0 0.3950546875 0.9012083333333334 0.034937499999999996 0.10587500000000001
0 0.315484375 0.4157361111111111 0.0229375 0.07376388888888889
0 0.559625 0.21033333333333332 0.024765625 0.07419444444444445
0 0.3361328125 0.4188472222222222 0.024234375 0.08227777777777778
0 0.3200625 0.2029027777777778 0.023515625000000002 0.076
0 0.2649921875 0.3623472222222222 0.03628125 0.059819444444444446
0 0.5443984375 0.20569444444444443 0.0216640625 0.08251388888888889
1 0.5288906250000001 0.034874999999999996 0.0256953125 0.0640138888888889
0 0.295859375 0.3911527777777778 0.025718750000000002 0.07758333333333334
0 0.31941406250000004 0.6465694444444444 0.0371875 0.08458333333333333