0 0.41925576519916147 0.3710557768924303 0.02577568134171908 0.09138446215139442
1 0.10334905660377358 0.14272908366533865 0.01989517819706499 0.0847609561752988
0 0.7503825995807129 0.4809362549800797 0.02309224318658281 0.07603585657370518
0 0.18150943396226416 0.38725099601593627 0.03307127882599581 0.08904382470119522
0 0.2149056603773585 0.29774900398406373 0.02067610062893082 0.09187250996015936
0 0.4185534591194969 0.5970219123505975 0.024449685534591193 0.07635458167330678
0 0.30324423480083856 0.2729382470119522 0.031373165618448634 0.07432270916334661
0 0.15442348008385742 0.39298804780876495 0.030419287211740042 0.09178286852589641
0 0.31041928721174 0.21659362549800798 0.02559224318658281 0.08205179282868526
0 0.5552987421383647 0.2210059760956175 0.021158280922431865 0.06909362549800797
0 0.30750524109014676 0.7755876494023904 0.03071802935010482 0.08421314741035857
1 0.08677672955974843 0.9732071713147411 0.026844863731656184 0.051922310756972116
0 0.245062893081761 0.36000996015936254 0.031163522012578618 0.07815737051792829
0 0.2746750524109015 0.431105577689243 0.027578616352201258 0.0870617529880478
0 0.38804507337526206 0.30378486055776893 0.027164570230607966 0.07166334661354581
0 0.32482180293501045 0.2821115537848606 0.030749475890985326 0.06951195219123507
0 0.7564570230607967 0.0550996015936255 0.024664570230607967 0.07383466135458167
0 0.27837526205450736 0.8506374501992031 0.027112159329140458 0.08186254980079681
0 0.3568081761006289 0.8488745019920318 0.029963312368972747 0.07256972111553785
0 0.3441771488469602 0.28497011952191237 0.026724318658280923 0.07665338645418326
0 0.7739412997903564 0.07113545816733068 0.024355345911949686 0.08116533864541832
0 0.5322641509433962 0.21290836653386452 0.019544025157232706 0.08197211155378485
0 0.5364622641509434 0.43338645418326693 0.02320754716981132 0.07849601593625498
0 0.1611477987421384 0.36137450199203186 0.024916142557651993 0.03901394422310757