0 0.46776205450733754 0.8419820717131474 0.04502620545073375 0.1345418326693227
0 0.4807337526205451 0.26412350597609563 0.036609014675052405 0.143296812749004
0 0.3809224318658281 0.560996015936255 0.041498951781970654 0.13530876494023905
0 0.3753721174004193 0.6669223107569722 0.043343815513626836 0.14792828685258966
0 0.7153301886792452 0.5577490039840638 0.04722222222222222 0.12636454183266932
0 0.5167033542976939 0.26721115537848605 0.03672431865828092 0.12195219123505976
0 0.41733228511530396 0.6613247011952191 0.04829664570230608 0.11787848605577689
0 0.4616614255765199 0.6130677290836654 0.03265723270440252 0.13088645418326694
0 0.46310796645702307 0.23428286852589641 0.047620545073375264 0.0952988047808765
0 0.4944077568134172 0.4873605577689243 0.02979559748427673 0.11601593625498008
0 0.49094863731656185 0.19890438247011952 0.025445492662473795 0.10991035856573704
0 0.5308700209643605 0.5864342629482071 0.038679245283018866 0.14070717131474106
1 0.5274737945492662 0.024233067729083662 0.033977987421383644 0.048466135458167324
0 0.30573899371069185 0.6992729083665339 0.029528301886792455 0.14170318725099604
0 0.4202568134171908 0.767101593625498 0.044764150943396225 0.117101593625498
0 0.41223794549266246 0.5521414342629483 0.035356394129979034 0.13074701195219124
0 0.45146750524109014 0.7805478087649402 0.037856394129979036 0.15441235059760958
0 0.20991614255765198 0.6370617529880478 0.03700733752620545 0.1525199203187251
0 0.5499423480083857 0.3879980079681275 0.032688679245283014 0.10531872509960159
0 0.4620649895178197 0.5146613545816733 0.03160377358490566 0.0942231075697211
0 0.40803459119496854 0.45837649402390435 0.03468029350104822 0.1150398406374502
0 0.4367924528301887 0.5545418326693227 0.029030398322851154 0.12921314741035855
0 0.4812421383647799 0.7757270916334662 0.030199161425576517 0.09074701195219123