0 0.1958595387840671 0.6127689243027888 0.07038784067085954 0.14220119521912353
0 0.5835744234800839 0.6591832669322709 0.03317085953878407 0.1481573705179283
0 0.34755765199161426 0.5460657370517928 0.05233228511530398 0.13590637450199203
0 0.5184643605870021 0.3572011952191235 0.034517819706498955 0.11424302788844622
0 0.7531498951781971 0.528804780876494 0.04169811320754717 0.11715139442231076
0 0.327311320754717 0.6661055776892431 0.04268343815513627 0.10129482071713147
0 0.5622012578616352 0.8497509960159362 0.04478511530398323 0.14707171314741035
0 0.21922955974842767 0.5211155378486056 0.0400314465408805 0.16155378486055777
0 0.29713836477987426 0.7290637450199203 0.03696540880503145 0.14576693227091633
0 0.5519234800838574 0.6197808764940239 0.02906184486373166 0.14484063745019918
0 0.7539255765199161 0.69449203187251 0.031069182389937108 0.10607569721115538
0 0.4353825995807128 0.25007968127490043 0.03595387840670859 0.09389442231075697
0 0.3999213836477987 0.20128486055776892 0.04497379454926625 0.12728087649402392
0 0.7632075471698113 0.7634561752988047 0.05535639412997904 0.13455179282868526
0 0.270041928721174 0.6863247011952192 0.04687106918238994 0.15823705179282868
0 0.8007651991614255 0.7531972111553785 0.041373165618448636 0.1357569721115538
0 0.3034538784067086 0.5482071713147411 0.05255765199161426 0.13897410358565737
0 0.3976310272536687 0.36942231075697207 0.03852201257861635 0.11189243027888447
0 0.24463836477987422 0.4947609561752988 0.03557651991614256 0.1049402390438247
0 0.32149895178197063 0.6358366533864542 0.03722222222222222 0.10671314741035856
0 0.28672431865828096 0.6400398406374502 0.039135220125786165 0.10798804780876495
0 0.42618972746331235 0.1798207171314741 0.02661949685534591 0.07290836653386454