0 0.27647656249999997 0.3043611111111111 0.030859375 0.08336111111111112
0 0.33513281250000004 0.521375 0.0300703125 0.11279166666666665
0 0.5200859375 0.11993055555555555 0.02703125 0.10456944444444445
0 0.44129687500000003 0.30291666666666667 0.0312890625 0.10469444444444444
0 0.6993203125 0.8489027777777778 0.039359375 0.10845833333333334
0 0.7494453125 0.8245694444444445 0.044890625 0.12322222222222222
1 0.8934765625000001 0.11118055555555555 0.022828124999999998 0.09711111111111112
1 0.36193749999999997 0.39255555555555555 0.021171875 0.10961111111111112
0 0.5685703125 0.472125 0.031203124999999998 0.10697222222222222
0 0.2886796875 0.21341666666666667 0.030343750000000003 0.09854166666666667
0 0.6132500000000001 0.4323194444444444 0.0427421875 0.10265277777777777
0 0.7239765625000001 0.40320833333333334 0.025453125 0.09388888888888888
0 0.6161796875000001 0.329625 0.034453125 0.09133333333333334
0 0.49292968750000005 0.26243055555555556 0.027328124999999998 0.10058333333333333
0 0.6695234375 0.4905694444444444 0.02834375 0.08808333333333333
0 0.42292968750000004 0.09644444444444444 0.0326875 0.09104166666666666
0 0.6161015625 0.3723194444444444 0.03328125 0.08293055555555556
0 0.64559375 0.287625 0.0409296875 0.10638888888888888
1 0.9951874999999999 0.44027777777777777 0.0096171875 0.10547222222222222
0 0.63975 0.4209583333333333 0.0335859375 0.09287500000000001
1 0.45975781250000003 0.035513888888888887 0.025070312500000004 0.06812499999999999
0 0.4827421875 0.0792361111111111 0.032492187500000005 0.08879166666666667
0 0.6423046875 0.5068194444444445 0.044687500000000005 0.10229166666666667
0 0.7552578125 0.3367222222222222 0.02865625 0.10451388888888889
0 0.628375 0.46134722222222224 0.030632812500000002 0.07775
1 0.992625 0.43522222222222223 0.012562499999999999 0.11091666666666666
0 0.6403359375 0.4321527777777777 0.033546875 0.075875