0 0.7138155136268344 0.5821881188118812 0.036577568134171914 0.08944554455445546
1 0.457059748427673 0.12251485148514851 0.0290041928721174 0.07712871287128713
0 0.8161530398322852 0.6272277227722772 0.026514675052410903 0.09885148514851486
0 0.6893972746331236 0.24563366336633663 0.032279874213836476 0.07304950495049504
0 0.8081761006289309 0.4624059405940594 0.038537735849056606 0.08251485148514852
0 0.5034329140461216 0.5860990099009902 0.03321278825995807 0.08836633663366336
0 0.08776729559748428 0.46440594059405943 0.026907756813417193 0.08724752475247526
0 0.5446069182389937 0.5541683168316832 0.03125262054507338 0.08596039603960395
0 0.17893081761006288 0.5354752475247525 0.0345230607966457 0.09413861386138614
0 0.6499790356394131 0.851039603960396 0.03772012578616352 0.10194059405940593
0 0.6460901467505241 0.22252475247524753 0.029454926624737948 0.06993069306930692
1 0.04416142557651992 0.2865544554455446 0.02397798742138365 0.0814950495049505
0 0.19974318658280923 0.4021683168316832 0.02317610062893082 0.08753465346534653
0 0.2119706498951782 0.4495148514851485 0.02608490566037736 0.09644554455445545
0 0.27002096436058703 0.4565940594059406 0.027505241090146747 0.06569306930693068
0 0.1720335429769392 0.5132178217821782 0.031132075471698113 0.08392079207920793
0 0.3537893081761006 0.6415742574257426 0.029470649895178197 0.09323762376237624
0 0.14373689727463312 0.381009900990099 0.03362683438155136 0.08206930693069307
0 0.24552935010482183 0.43886138613861386 0.029979035639413 0.07898019801980198
0 0.15835953878406708 0.4263267326732673 0.02167714884696017 0.05746534653465347
0 0.342101677148847 0.6230693069306931 0.025754716981132075 0.08949504950495049
0 0.16496331236897274 0.4484851485148515 0.024743186582809225 0.06746534653465347
0 0.1571593291404612 0.37673267326732673 0.019606918238993708 0.05026732673267327
0 0.20536163522012577 0.41780198019801984 0.017033542976939202 0.04334653465346535