0 0.7051624737945493 0.40969123505976096 0.03187106918238994 0.11851593625498008
0 0.5108490566037736 0.644711155378486 0.04568658280922432 0.07972111553784861
0 0.5122641509433962 0.6031075697211156 0.035906708595387846 0.11206175298804781
0 0.4718343815513627 0.5256772908366534 0.034140461215932914 0.10949203187250997
0 0.3342400419287212 0.5463745019920319 0.03954926624737945 0.11573705179282869
0 0.3635482180293501 0.5172211155378486 0.03155136268343816 0.09801792828685259
0 0.5522117400419286 0.6250398406374502 0.04411949685534591 0.10358565737051793
0 0.3888836477987421 0.6058366533864542 0.039716981132075474 0.14192231075697212
0 0.5681079664570231 0.6101494023904382 0.03859538784067086 0.12213147410358566
0 0.37897798742138367 0.5408864541832669 0.023957023060796646 0.12347609561752988
0 0.5674109014675052 0.5573605577689243 0.028223270440251573 0.11369521912350598
0 0.4055660377358491 0.5443824701195219 0.030665618448637317 0.11436254980079681
0 0.6278930817610063 0.38749003984063746 0.03458071278825996 0.12500996015936255
0 0.43208071278825994 0.4945816733067729 0.029779874213836478 0.07904382470119521
0 0.5479926624737945 0.5518725099601594 0.03797693920335429 0.06334661354581674
0 0.4533595387840671 0.6563147410358566 0.051540880503144655 0.0798804780876494
0 0.45762054507337524 0.5080776892430279 0.03441299790356394 0.10695219123505975
0 0.28367400419287214 0.5659561752988048 0.03514150943396226 0.13558764940239043
0 0.28053459119496854 0.4930776892430279 0.029056603773584905 0.09762948207171314
0 0.5333228511530399 0.6690737051792829 0.025319706498951784 0.04111553784860558
0 0.47367924528301886 0.5986752988047809 0.035948637316561845 0.05651394422310757