0 0.16071802935010482 0.5510956175298805 0.04228511530398323 0.12045816733067728
0 0.2961582809224319 0.35511952191235063 0.04966457023060797 0.11421314741035857
0 0.36756813417190776 0.3681075697211155 0.03498427672955975 0.09204183266932271
0 0.3986111111111111 0.2968127490039841 0.032531446540880506 0.1305577689243028
0 0.0774475890985325 0.5012350597609562 0.045435010482180294 0.12556772908366534
0 0.29417714884696017 0.6167529880478088 0.047290356394129984 0.10391434262948207
0 0.37902515723270436 0.5533964143426295 0.06452830188679246 0.08606573705179282
0 0.2945440251572327 0.5729980079681275 0.04635220125786164 0.10373505976095618
0 0.3950524109014675 0.6417330677290837 0.033647798742138364 0.125398406374502
0 0.43565513626834385 0.5577988047808765 0.0329874213836478 0.14091633466135456
0 0.2541142557651992 0.7028286852589641 0.03321802935010482 0.1492231075697211
0 0.3742348008385744 0.42913346613545816 0.05262054507337526 0.06279880478087649
0 0.9848532494758909 0.46459163346613547 0.03029874213836478 0.1446812749003984
0 0.4411320754716981 0.7362051792828685 0.03487421383647799 0.16082669322709164
0 0.31309748427672957 0.49367529880478084 0.04749475890985325 0.09823705179282868
0 0.4110115303983229 0.44109561752988047 0.03762578616352202 0.1091633466135458
0 0.2847798742138365 0.46393426294820717 0.035356394129979034 0.10824701195219125
0 0.3012945492662474 0.4064641434262948 0.04474318658280923 0.05150398406374502
0 0.3036006289308176 0.4376892430278884 0.03787211740041929 0.048476095617529885
0 0.2924266247379455 0.5168725099601594 0.04473270440251572 0.06466135458167331
0 0.3686006289308176 0.5117529880478087 0.048684486373165616 0.08645418326693227
0 0.3684800838574423 0.4702589641434263 0.05147274633123689 0.06562749003984064