0 0.1260377358490566 0.49150398406374507 0.05213836477987421 0.12753984063745022
0 0.39238469601677145 0.3775498007968128 0.03429245283018868 0.08625498007968127
0 0.9372379454926625 0.5074003984063745 0.05219601677148847 0.10221115537848606
0 0.23284067085953877 0.41917330677290837 0.027279874213836475 0.11144422310756973
0 0.38016771488469603 0.6297908366533864 0.02791404612159329 0.11802788844621515
0 0.32005241090146747 0.4440637450199203 0.044863731656184486 0.11627490039840636
0 0.3161740041928721 0.4877988047808765 0.043296645702306076 0.11600597609561752
0 0.33074423480083853 0.6341733067729084 0.03143605870020964 0.10928286852589641
0 0.37186058700209645 0.428804780876494 0.024481132075471698 0.08681274900398406
0 0.35262578616352197 0.6140537848605577 0.038212788259958066 0.10030876494023903
0 0.35729559748427675 0.5576693227091634 0.03237421383647799 0.11812749003984063
0 0.26537735849056604 0.42657370517928284 0.03354821802935011 0.12043824701195219
1 0.3640566037735849 0.035886454183266935 0.03425052410901467 0.07162350597609561
0 0.43769392033542975 0.7484262948207171 0.05316037735849057 0.12110557768924303
0 0.5352358490566038 0.8109860557768924 0.057421383647798745 0.1196613545816733
0 0.3095649895178197 0.5526195219123506 0.03957547169811321 0.1027390438247012
0 0.3898899371069182 0.5148804780876495 0.04629979035639413 0.10668326693227091
0 0.3436373165618449 0.4457768924302789 0.023060796645702306 0.0981972111553785
0 0.3126519916142557 0.6065537848605578 0.039072327044025155 0.11122509960159363
0 0.3664517819706499 0.3789442231075697 0.044533542976939205 0.039541832669322714
0 0.34933438155136265 0.5213545816733068 0.034937106918238994 0.07899402390438247
0 0.337101677148847 0.4514641434262948 0.016242138364779873 0.06820717131474104