0 0.5133046875 0.10329166666666667 0.0406015625 0.09727777777777778
0 0.530078125 0.374875 0.0475390625 0.07748611111111112
0 0.8045546874999999 0.8678472222222222 0.052523437500000006 0.11958333333333332
0 0.5006640625000001 0.28718055555555555 0.0338515625 0.11283333333333333
0 0.5595078124999999 0.24893055555555554 0.0430546875 0.10569444444444444
0 0.42696093749999997 0.3881666666666667 0.0335390625 0.11884722222222222
0 0.539296875 0.42158333333333337 0.04690625 0.0751388888888889
0 0.6358359375 0.46815277777777775 0.0368984375 0.08290277777777777
0 0.4707109375 0.4730972222222222 0.031484374999999995 0.10619444444444444
0 0.4356328125 0.13430555555555557 0.0272578125 0.08140277777777778
0 0.56053125 0.4768888888888889 0.0474296875 0.07951388888888888
0 0.7170546875 0.9163055555555556 0.037734375 0.10902777777777778
1 0.33403125 0.4348888888888889 0.0238515625 0.1185
0 0.23096875 0.5647638888888888 0.027828125 0.12468055555555554
0 0.5930156249999999 0.4150694444444445 0.0394140625 0.07473611111111111
0 0.496859375 0.65225 0.030429687500000004 0.13066666666666665
0 0.6091562500000001 0.37729166666666664 0.035484375 0.0641111111111111
0 0.248484375 0.29134722222222226 0.0247890625 0.11943055555555555
0 0.6019765625 0.3350694444444444 0.035640624999999995 0.05529166666666667
0 0.7170156249999999 0.5290138888888889 0.0273671875 0.12994444444444445
0 0.6248828125 0.4421111111111111 0.035421875000000005 0.073875
0 0.7263984375 0.36804166666666666 0.02421875 0.11676388888888888
1 0.43771875 0.04525 0.02515625 0.08825
1 0.8903125 0.1376111111111111 0.0190234375 0.10437500000000001
0 0.71290625 0.3259444444444445 0.0203828125 0.10308333333333333