0 0.16083857442348007 0.5501792828685259 0.042416142557652 0.12086653386454183
0 0.2937945492662474 0.3587649402390438 0.0499685534591195 0.11252988047808765
0 0.24266771488469602 0.7692330677290836 0.05612683438155137 0.1406175298804781
0 0.3695283018867924 0.36567729083665335 0.03420859538784067 0.08754980079681275
0 0.4017085953878407 0.2996812749003984 0.03278825995807128 0.13036852589641432
0 0.07896750524109014 0.49876494023904383 0.0454979035639413 0.12618525896414343
0 0.29639412997903564 0.6123406374501992 0.04884171907756813 0.10648406374501991
0 0.2956341719077568 0.5709760956175298 0.04790356394129979 0.10430278884462152
0 0.4467662473794549 0.5516135458167332 0.03216457023060797 0.139800796812749
0 0.38137316561844864 0.5465438247011952 0.06317085953878407 0.09745019920318726
0 0.3190094339622641 0.49454183266932267 0.046357442348008385 0.09650398406374502
0 0.4337421383647799 0.722808764940239 0.03069706498951782 0.144800796812749
0 0.39478511530398325 0.6365737051792829 0.03128930817610063 0.13403386454183266
0 0.4148218029350105 0.44322709163346613 0.03636268343815514 0.11828685258964144
0 0.9762945492662474 0.4589741035856574 0.033799790356394126 0.14114541832669322
0 0.3767714884696017 0.4270119521912351 0.053060796645702304 0.06293824701195219
0 0.28273060796645705 0.4632569721115538 0.03494234800838575 0.10175298804780876
0 0.3031184486373166 0.4043227091633466 0.045183438155136264 0.051852589641434264
0 0.29585953878406707 0.5097709163346613 0.04384696016771488 0.05913346613545817
0 0.305649895178197 0.4346713147410359 0.036698113207547164 0.04820717131474103
0 0.37166666666666665 0.4672410358565737 0.05305555555555556 0.07489043824701196
0 0.37295073375262056 0.50800796812749 0.04963836477987421 0.08813745019920319