0 0.4095440251572327 0.2819721115537849 0.025597484276729563 0.07278884462151394
0 0.8313731656184487 0.031205179282868523 0.028972746331236896 0.060657370517928286
0 0.26959119496855344 0.31836653386454183 0.025036687631027257 0.08478087649402391
0 0.2137316561844864 0.3126892430278884 0.022714884696016773 0.08902390438247011
0 0.517562893081761 0.41552788844621513 0.024727463312368973 0.07440239043824702
0 0.37331761006289305 0.2400796812749004 0.027075471698113206 0.07337649402390438
0 0.6989098532494759 0.4521513944223107 0.02309224318658281 0.07869521912350598
0 0.4030293501048218 0.5721713147410359 0.02671383647798742 0.06699203187250996
1 0.15391509433962264 0.09449203187250997 0.016535639412997905 0.07288844621513944
0 0.3250733752620545 0.1509661354581673 0.022054507337526206 0.08426294820717131
0 0.3483490566037736 0.25383466135458166 0.024323899371069182 0.07037848605577689
0 0.4313522012578616 0.30742031872509956 0.02129454926624738 0.08457171314741035
0 0.7777044025157233 0.03012948207171315 0.019884696016771487 0.058904382470119525
1 0.12388364779874214 0.8524701195219123 0.028018867924528304 0.08889442231075698
0 0.17361635220125785 0.371902390438247 0.02351153039832285 0.07925298804780875
0 0.33367924528301884 0.2197410358565737 0.025885744234800837 0.06958167330677291
0 0.5409905660377359 0.20664342629482071 0.021153039832285114 0.07535856573705178
0 0.3120702306079664 0.7750298804780876 0.035340670859538785 0.06949203187250996
0 0.29622641509433967 0.39709163346613546 0.02110587002096436 0.08364541832669323
0 0.17379979035639415 0.30276892430278884 0.0239937106918239 0.06864541832669323
0 0.3170911949685535 0.8047310756972113 0.025267295597484276 0.06718127490039841
0 0.29848008385744235 0.8066135458167331 0.022332285115303982 0.07050796812749005
0 0.25231656184486373 0.23643426294820716 0.022007337526205453 0.08478087649402391
0 0.532625786163522 0.17673306772908368 0.017044025157232707 0.08307768924302789