0 0.15647798742138364 0.5895717131474103 0.04238469601677149 0.1198406374501992
0 0.24468029350104822 0.48309760956175296 0.033873165618448636 0.0974203187250996
0 0.3522222222222222 0.3929183266932271 0.03309748427672956 0.10572709163346614
0 0.40788259958071277 0.309003984063745 0.03326519916142558 0.12126494023904383
0 0.44051362683438156 0.5497609561752989 0.03691299790356394 0.13206175298804781
0 0.07399371069182391 0.535996015936255 0.04512578616352201 0.12347609561752988
0 0.4073270440251572 0.45826693227091636 0.03769916142557652 0.1273406374501992
0 0.28699685534591196 0.6524601593625499 0.048228511530398324 0.10191235059760956
0 0.40328092243186586 0.6996314741035856 0.03275157232704402 0.13642430278884463
0 0.29501572327044023 0.388097609561753 0.04790880503144654 0.10988047808764939
0 0.9624056603773585 0.4656175298804781 0.031609014675052415 0.14052788844621514
0 0.3985534591194969 0.6285557768924304 0.03570230607966457 0.11628486055776892
0 0.3087631027253669 0.5297709163346613 0.04565513626834382 0.09729083665338646
0 0.3712893081761006 0.4653884462151394 0.05079140461215933 0.06283864541832669
0 0.2864884696016772 0.6123804780876494 0.04688155136268344 0.10416334661354582
0 0.27708071278825996 0.5088147410358566 0.03288259958071279 0.10764940239043824
0 0.3686897274633124 0.5811852589641434 0.04836477987421384 0.10833665338645418
0 0.2904297693920335 0.5545717131474103 0.04222746331236897 0.06479083665338645
0 0.29836477987421384 0.4729183266932271 0.03810796645702306 0.04687250996015936
0 0.289685534591195 0.4506772908366534 0.049150943396226415 0.06046812749003984
0 0.36942348008385745 0.5447410358565736 0.04675576519916142 0.09903386454183268
1 0.3072379454926625 0.022370517928286853 0.03557127882599581 0.038346613545816734
0 0.3570545073375262 0.5018027888446215 0.04308176100628931 0.06378486055776893