0 0.2951328125 0.4477916666666667 0.02275 0.10156944444444443
0 0.39237500000000003 0.7749027777777777 0.033773437499999996 0.10581944444444444
0 0.206640625 0.7692638888888889 0.0452734375 0.09829166666666667
0 0.365953125 0.5096944444444444 0.0352421875 0.07813888888888888
0 0.623625 0.6200555555555556 0.030351562500000002 0.09680555555555556
1 0.6076328125 0.48004166666666664 0.0213984375 0.08255555555555555
0 0.270734375 0.667 0.0330390625 0.09005555555555556
0 0.5213046875 0.36569444444444443 0.022695312500000002 0.064
0 0.49632812499999995 0.6977777777777777 0.031109375 0.09938888888888889
0 0.2596640625 0.48712500000000003 0.02634375 0.07802777777777778
0 0.5192734375 0.501125 0.02409375 0.0921388888888889
0 0.726140625 0.4360138888888889 0.0268203125 0.07068055555555555
0 0.5140390625 0.4477083333333334 0.021421875 0.07326388888888889
1 0.1613671875 0.395875 0.020328125 0.08293055555555556
0 0.42485937500000004 0.5085138888888889 0.03671875 0.07077777777777777
0 0.3248125 0.5886111111111111 0.0348046875 0.08583333333333333
0 0.4652265625 0.4340833333333334 0.038828125000000005 0.058972222222222224
0 0.44077343750000003 0.4639861111111111 0.0385625 0.07523611111111111
0 0.4543828125 0.36493055555555554 0.026109375 0.06731944444444445
0 0.486109375 0.4039305555555555 0.0325859375 0.06466666666666666
1 0.5190703125 0.284625 0.01990625 0.07606944444444445
0 0.3837890625 0.48055555555555557 0.028617187500000002 0.079875
0 0.41528124999999994 0.4120833333333333 0.019421874999999998 0.04554166666666667
1 0.144484375 0.9233888888888889 0.02203125 0.060750000000000005
0 0.4079453125 0.46425 0.0347734375 0.06693055555555555
0 0.40163281250000005 0.42986111111111114 0.02240625 0.05538888888888889
0 0.299390625 0.4216666666666667 0.01471875 0.059541666666666666