0 0.4888941299790356 0.3387920792079208 0.0709958071278826 0.10815841584158416
0 0.45200209643605865 0.4038415841584158 0.07157232704402516 0.09709900990099009
0 0.19424528301886793 0.41245544554455443 0.0465146750524109 0.16915841584158414
0 0.1958018867924528 0.7234257425742574 0.06096960167714885 0.1527722772277228
0 0.5272117400419287 0.25122772277227723 0.039858490566037734 0.15316831683168317
0 0.4182232704402516 0.24342574257425745 0.05769392033542977 0.1391980198019802
0 0.5530660377358491 0.36864356435643564 0.03310796645702306 0.15663366336633663
0 0.2184224318658281 0.3769108910891089 0.039973794549266244 0.13440594059405941
0 0.26728511530398325 0.6109207920792079 0.06654088050314465 0.14557425742574256
0 0.677772536687631 0.48764356435643563 0.04011006289308176 0.1591089108910891
0 0.8937840670859538 0.3473366336633663 0.03480607966457023 0.16850495049504952
0 0.3940566037735849 0.5532970297029703 0.07264675052410902 0.10622772277227724
0 0.30772012578616353 0.4996138613861386 0.04789308176100629 0.11988118811881188
0 0.352353249475891 0.4727326732673267 0.05041404612159329 0.11883168316831683
0 0.37700733752620547 0.5903960396039604 0.04294549266247379 0.16812871287128714
0 0.28053459119496854 0.535960396039604 0.05699685534591195 0.1326930693069307
0 0.8778825995807128 0.6277524752475248 0.03431865828092243 0.17808910891089108
0 0.379832285115304 0.21975247524752475 0.04001572327044025 0.12019801980198021
0 0.36638888888888893 0.3573168316831683 0.043988469601677155 0.12866336633663364
0 0.5919601677148847 0.6786435643564356 0.04045073375262055 0.16712871287128714
0 0.35777253668763104 0.3995049504950495 0.044208595387840666 0.10884158415841585
0 0.4344968553459119 0.8666732673267327 0.042295597484276734 0.17832673267326735