0 0.35810796645702303 0.29320717131474106 0.04618448637316562 0.1202589641434263
0 0.29147798742138364 0.7984561752988047 0.04177148846960168 0.1392828685258964
0 0.3425733752620545 0.7095617529880478 0.06579140461215933 0.10710159362549801
0 0.40161949685534587 0.41389442231075696 0.06281446540880503 0.09125498007968127
0 0.3486687631027254 0.199203187250996 0.052526205450733755 0.12160358565737052
0 0.385062893081761 0.6211553784860557 0.04676624737945493 0.1322808764940239
0 0.16156184486373165 0.5010756972111554 0.05606394129979036 0.1494422310756972
0 0.2302672955974843 0.7768426294820717 0.05429769392033543 0.14092629482071714
0 0.3824475890985325 0.5242330677290837 0.04904088050314465 0.1253187250996016
0 0.49595911949685534 0.30235059760956173 0.03781970649895178 0.1202589641434263
0 0.38228511530398324 0.4766932270916335 0.058548218029350105 0.07867529880478087
0 0.217646750524109 0.6855278884462152 0.05113731656184486 0.13403386454183266
0 0.29960167714884695 0.5482370517928287 0.046546121593291405 0.1094223107569721
0 0.6944758909853249 0.17562749003984066 0.03590146750524109 0.13384462151394422
0 0.30654088050314465 0.38267928286852587 0.041184486373165616 0.06669322709163346
0 0.3496069182389937 0.5841334661354582 0.04462788259958072 0.09404382470119522
0 0.5285062893081761 0.9124601593625498 0.03557651991614256 0.15671314741035858
0 0.24801362683438155 0.6106772908366533 0.044407756813417194 0.10996015936254981
0 0.2645073375262055 0.579292828685259 0.042159329140461214 0.10642430278884461
0 0.7636582809224318 0.5442828685258965 0.0319706498951782 0.15559760956175298
0 0.2912840670859539 0.4779980079681275 0.0370125786163522 0.08403386454183268
0 0.29510482180293496 0.42241035856573705 0.03654612159329141 0.061593625498007974