0 0.799640625 0.85975 0.05242187499999999 0.11958333333333332
0 0.5048671875 0.0990138888888889 0.0403984375 0.09690277777777777
0 0.5953203125 0.3232638888888889 0.0346953125 0.05655555555555555
0 0.495515625 0.28804166666666664 0.0491171875 0.09016666666666667
0 0.5547109375 0.46944444444444444 0.046625 0.07858333333333332
0 0.5432734375 0.23701388888888889 0.038734375 0.10208333333333333
0 0.5223671875 0.3655277777777778 0.050539062499999995 0.08211111111111111
0 0.4240859375 0.1272222222222222 0.028109375 0.08093055555555556
0 0.70765625 0.9055833333333333 0.037421875 0.10850000000000001
0 0.458296875 0.45915277777777774 0.031179687499999997 0.10529166666666667
1 0.330484375 0.4221805555555556 0.0227109375 0.11752777777777779
0 0.614109375 0.2758333333333333 0.027484375 0.12066666666666666
0 0.2515625 0.2670972222222222 0.028625 0.11340277777777778
0 0.3944296875 0.34349999999999997 0.027890625000000002 0.12575
0 0.53390625 0.4111388888888889 0.049828125 0.07990277777777778
0 0.1876953125 0.4534722222222222 0.028703125000000003 0.11663888888888889
0 0.6312421875 0.45759722222222227 0.037984375 0.08441666666666667
0 0.4385 0.5315 0.0300390625 0.11959722222222222
0 0.7149375 0.369 0.02815625 0.10968055555555556
0 0.5821796875 0.39790277777777777 0.0411953125 0.08069444444444444
1 0.8790156250000001 0.13125 0.0185703125 0.10431944444444444
0 0.6179765625 0.42415277777777777 0.03590625 0.069875
0 0.7104375 0.32005555555555554 0.023320312500000002 0.09894444444444443
1 0.430578125 0.04076388888888889 0.02346875 0.08152777777777778
1 0.99446875 0.4728472222222222 0.0110546875 0.11263888888888889
0 0.6013046875 0.36384722222222227 0.033765625 0.06376388888888888