0 0.3580503144654088 0.2932669322709163 0.046126834381551365 0.1202390438247012
0 0.29147798742138364 0.7984362549800796 0.041740041928721175 0.1393824701195219
0 0.38534067085953877 0.6218924302788844 0.04570754716981132 0.1279581673306773
0 0.4014255765199161 0.41403386454183266 0.06227463312368972 0.09102589641434262
0 0.34258909853249475 0.7096414342629482 0.06587002096436059 0.10693227091633466
0 0.34864255765199165 0.199203187250996 0.0525314465408805 0.12160358565737052
0 0.16160901467505243 0.501304780876494 0.05613207547169811 0.1496215139442231
0 0.23028301886792452 0.7768725099601593 0.05429245283018868 0.14083665338645418
0 0.4958595387840671 0.30213147410358565 0.03736897274633123 0.11969123505976095
0 0.3824423480083858 0.5258665338645419 0.048149895178197066 0.1218625498007968
0 0.3826310272536687 0.47646414342629484 0.0584538784067086 0.0794223107569721
0 0.21756289308176102 0.6854980079681275 0.05109538784067086 0.13405378486055777
0 0.6944706498951781 0.17568725099601593 0.03593815513626834 0.134003984063745
0 0.29960167714884695 0.5482270916334661 0.04621069182389937 0.10928286852589641
0 0.30648322851153037 0.382898406374502 0.04111111111111111 0.06716135458167331
0 0.3496960167714885 0.5839243027888447 0.04411425576519916 0.09394422310756971
0 0.5285744234800839 0.9124501992031873 0.0355503144654088 0.15691235059760955
0 0.24795073375262053 0.6107171314741036 0.04435010482180294 0.10961155378486055
0 0.26459119496855343 0.5738844621513943 0.04227987421383648 0.1055577689243028
0 0.7670492662473795 0.5416733067729084 0.031650943396226414 0.15474103585657373
0 0.29130503144654085 0.4780577689243028 0.03692872117400419 0.08394422310756972
0 0.294937106918239 0.4227290836653387 0.03616876310272537 0.061553784860557764