0 0.41417187499999997 0.10056944444444443 0.0341171875 0.08945833333333333
0 0.261078125 0.3178472222222222 0.02734375 0.08726388888888889
0 0.5367109375 0.12926388888888887 0.0357578125 0.09870833333333333
0 0.2815 0.21455555555555555 0.027218750000000003 0.09465277777777778
0 0.43509374999999995 0.30641666666666667 0.028984375 0.09856944444444445
0 0.33971874999999996 0.5292638888888889 0.0318046875 0.11077777777777778
1 0.3565625 0.3879166666666667 0.021476562499999997 0.11129166666666666
0 0.703125 0.8633333333333334 0.03846875 0.11402777777777777
0 0.6690078125000001 0.4684305555555555 0.0428203125 0.091
0 0.465515625 0.080875 0.038242187500000004 0.08531944444444445
0 0.7605703125 0.8363472222222221 0.03534375 0.11783333333333333
1 0.8959296875 0.10965277777777778 0.022453124999999997 0.09977777777777778
0 0.548171875 0.4575416666666667 0.0317109375 0.11245833333333333
0 0.7216484375000001 0.37716666666666665 0.0249453125 0.08486111111111111
0 0.5033984375 0.24494444444444446 0.0317109375 0.08990277777777779
0 0.6016250000000001 0.4208611111111111 0.0478828125 0.09393055555555554
0 0.599625 0.3301527777777778 0.0431015625 0.09591666666666666
1 0.454890625 0.03325 0.023546875000000002 0.0636111111111111
0 0.7573359375 0.3480416666666667 0.034171875000000004 0.11056944444444444
0 0.6104921875 0.361375 0.0348046875 0.06811111111111111
0 0.6366562499999999 0.39925 0.030656250000000003 0.071
0 0.6345625 0.4909166666666666 0.041234375000000004 0.11658333333333333
0 0.6271015625 0.4549166666666667 0.0313984375 0.07947222222222222
0 0.6280546874999999 0.28680555555555554 0.0278828125 0.08562499999999999
0 0.6335 0.41247222222222224 0.0279296875 0.06145833333333333