0 0.15834381551362683 0.5733764940239043 0.04328092243186583 0.1202390438247012
0 0.29395702306079663 0.380996015936255 0.050314465408805034 0.11392430278884462
0 0.3497222222222222 0.38362549800796814 0.031813417190775684 0.10645418326693226
0 0.39849056603773586 0.3211354581673307 0.03149895178197065 0.1327191235059761
0 0.07796645702306079 0.5198505976095616 0.04583333333333334 0.12373505976095618
0 0.2917190775681342 0.6394123505976096 0.049937106918238994 0.10572709163346614
0 0.28971174004192873 0.5957768924302789 0.047484276729559745 0.09949203187250996
0 0.43238993710691825 0.5360458167330678 0.03587002096436059 0.12885458167330677
0 0.4207861635220126 0.7132370517928287 0.037882599580712786 0.15231075697211155
0 0.40969077568134177 0.4580179282868526 0.037442348008385744 0.12658366533864543
0 0.3719968553459119 0.45602589641434266 0.050728511530398326 0.06268924302788845
0 0.3097746331236897 0.5133964143426295 0.046446540880503144 0.09715139442231076
0 0.39164570230607965 0.6365836653386454 0.03423480083857442 0.11995019920318725
0 0.2982337526205451 0.43102589641434264 0.043993710691823895 0.04893426294820717
0 0.9696278825995807 0.46848605577689245 0.036577568134171914 0.1392729083665339
0 0.28291928721174003 0.4870717131474103 0.035136268343815516 0.09583665338645418
0 0.37218553459119497 0.5690338645418326 0.05658280922431865 0.09406374501992032
0 0.29122117400419284 0.5393426294820717 0.0434433962264151 0.07168326693227091
0 0.3008542976939203 0.4617430278884462 0.03813941299790356 0.04908366533864542
0 0.23626834381551362 0.5368924302788844 0.03009958071278826 0.140996015936255
0 0.3631970649895178 0.49135458167330676 0.05162473794549266 0.06286852589641434
0 0.36795597484276726 0.5263645418326693 0.050566037735849056 0.0947808764940239