0 0.1776153039832285 0.6007669322709163 0.03162997903563941 0.1077390438247012
0 0.7401257861635221 0.25473107569721115 0.03127358490566038 0.0854382470119522
0 0.26431865828092244 0.7462450199203188 0.03223794549266247 0.09680278884462151
0 0.07144654088050315 0.49906374501992035 0.03341194968553459 0.10852589641434263
0 0.5929559748427673 0.4381573705179283 0.029937106918238993 0.08985059760956175
0 0.44731656184486374 0.6485458167330678 0.03572851153039833 0.08337649402390437
0 0.5593396226415095 0.3498804780876494 0.02676100628930818 0.07536852589641435
0 0.14583333333333334 0.5672609561752988 0.04256813417190776 0.08641434262948208
0 0.4808700209643606 0.40129482071713146 0.035041928721174 0.08084661354581674
0 0.20617924528301887 0.445597609561753 0.04562893081761006 0.09904382470119522
1 0.45843291404612163 0.04983067729083666 0.02462264150943396 0.07893426294820717
0 0.5395492662473794 0.8851593625498009 0.038537735849056606 0.10874501992031874
0 0.6364937106918239 0.2671314741035856 0.03943396226415094 0.08574701195219124
0 0.23882599580712788 0.5740239043824702 0.03501572327044025 0.09373505976095617
0 0.6877410901467506 0.7006673306772908 0.035733752620545074 0.10583665338645419
0 0.5175 0.7875298804780876 0.0319706498951782 0.08883466135458166
0 0.22135220125786162 0.4179581673306773 0.03157756813417191 0.0780776892430279
0 0.08569182389937106 0.620109561752988 0.03443920335429769 0.10927290836653386
0 0.19754192872117401 0.5454681274900398 0.02848008385744235 0.07729083665338644
0 0.19549790356394128 0.5105179282868525 0.022028301886792452 0.038735059760956175
0 0.4988312368972746 0.3683964143426295 0.020953878406708593 0.09020916334661354
0 0.20857442348008384 0.48769920318725096 0.02171907756813417 0.03222111553784861
0 0.22039308176100628 0.5415239043824702 0.017248427672955972 0.05908366533864542