0 0.19354297693920333 0.40982178217821785 0.04658280922431866 0.1711089108910891
0 0.4515146750524109 0.40399009900990096 0.07139412997903564 0.09936633663366337
0 0.4164989517819706 0.23875247524752474 0.057499999999999996 0.13895049504950496
0 0.5265094339622641 0.2473960396039604 0.03998427672955975 0.14643564356435645
0 0.18884696016771488 0.7207920792079208 0.059685534591194966 0.15186138613861386
0 0.48415618448637315 0.3331188118811881 0.06146226415094339 0.0988118811881188
0 0.2665356394129979 0.6085742574257426 0.06723270440251572 0.14502970297029702
0 0.2946540880503145 0.3812871287128713 0.033139412997903565 0.1374158415841584
0 0.8915828092243188 0.6427623762376238 0.03269916142557652 0.17376237623762375
0 0.5211740041928721 0.3769009900990099 0.035859538784067085 0.14984158415841584
0 0.2189727463312369 0.3766930693069307 0.039109014675052414 0.13477227722772278
0 0.909014675052411 0.3655247524752475 0.03646226415094339 0.1682277227722772
0 0.30691299790356397 0.4978910891089109 0.047573375262054504 0.11794059405940595
0 0.37229559748427676 0.5814356435643564 0.04986897274633124 0.16641584158415842
0 0.39461215932914046 0.5495643564356435 0.07188679245283018 0.10515841584158415
0 0.6328459119496855 0.4924257425742575 0.0350104821802935 0.15876237623762376
0 0.3556394129979035 0.46453465346534656 0.047861635220125785 0.12007920792079207
0 0.2817819706498952 0.532990099009901 0.053867924528301886 0.1277920792079208
0 0.365125786163522 0.3511386138613861 0.042940251572327046 0.1306039603960396
0 0.5928406708595388 0.6944752475247524 0.03247379454926625 0.17148514851485147
0 0.4238417190775682 0.8713564356435644 0.03789308176100629 0.1805049504950495
0 0.3534853249475891 0.3886435643564356 0.041802935010482184 0.08182178217821783