0 0.15930293501048218 0.5506872509960159 0.042714884696016774 0.12130478087649403
0 0.2970597484276729 0.3593027888446215 0.04882599580712788 0.11229083665338645
0 0.24328092243186583 0.7691633466135458 0.05310796645702306 0.1379980079681275
0 0.39954402515723275 0.2964641434262948 0.03275157232704402 0.13008964143426296
0 0.368087002096436 0.3676394422310757 0.03529874213836478 0.09099601593625498
0 0.4121331236897275 0.4399302788844621 0.03725890985324948 0.11237051792828684
0 0.08123689727463312 0.49699203187250995 0.04577568134171908 0.12564741035856575
0 0.29122117400419284 0.6139342629482072 0.0495649895178197 0.1050398406374502
0 0.379832285115304 0.5485458167330678 0.06380503144654087 0.09178286852589641
0 0.2951362683438155 0.572609561752988 0.04825995807127882 0.10279880478087648
0 0.43990041928721174 0.5545119521912351 0.03548218029350105 0.1379183266932271
0 0.39140985324947586 0.6359860557768924 0.033621593291404614 0.12636454183266932
0 0.43441299790356397 0.7478884462151394 0.030875262054507337 0.161703187250996
0 0.9742033542976939 0.46105577689243027 0.034266247379454925 0.14266932270916335
0 0.37003668763102726 0.42816733067729085 0.05172431865828092 0.05955179282868526
0 0.28508385744234804 0.4661155378486056 0.03447589098532495 0.12727091633466137
0 0.317458071278826 0.49583665338645416 0.04645178197064989 0.09545816733067729
0 0.3019706498951782 0.4042231075697211 0.044853249475890984 0.049472111553784864
0 0.3046383647798742 0.4358266932270916 0.03734276729559748 0.04617529880478088
0 0.2917243186582809 0.520308764940239 0.04657756813417191 0.07198207171314741
0 0.3702987421383648 0.5099900398406374 0.05019392033542977 0.08735059760956175
0 0.3711006289308176 0.46851593625498006 0.0509748427672956 0.06658366533864542