0 0.16328616352201258 0.5499800796812748 0.04203878406708595 0.12063745019920319
0 0.2940880503144654 0.358695219123506 0.049680293501048224 0.11239043824701196
0 0.24282494758909853 0.7691135458167331 0.05609014675052411 0.1406573705179283
0 0.415167714884696 0.4427091633466136 0.036063941299790354 0.11991035856573705
0 0.36951781970649894 0.3652290836653386 0.03407232704402516 0.08955179282868525
0 0.40205974842767295 0.29929282868525897 0.032861635220125786 0.13096613545816735
0 0.2968343815513627 0.6118426294820717 0.04921907756813417 0.10679282868525897
0 0.07926624737945494 0.4984760956175299 0.04558700209643606 0.12632470119521913
0 0.447437106918239 0.551105577689243 0.03273060796645703 0.14020916334661357
0 0.2957861635220126 0.5712151394422311 0.048254716981132074 0.10399402390438246
0 0.43085953878406713 0.7247509960159362 0.03142557651991614 0.1454382470119522
0 0.3813364779874214 0.5481972111553784 0.06312893081761006 0.0949601593625498
0 0.3193396226415094 0.49413346613545817 0.046215932914046125 0.09657370517928286
0 0.3954245283018868 0.6360956175298804 0.03139412997903564 0.13470119521912352
0 0.9761792452830188 0.4587749003984064 0.03403039832285116 0.1414541832669323
0 0.37672955974842764 0.42602589641434263 0.0519496855345912 0.0601394422310757
0 0.2830503144654088 0.4636354581673307 0.035136268343815516 0.10307768924302789
0 0.299853249475891 0.40309760956175295 0.04473270440251572 0.052918326693227095
0 0.2960849056603773 0.5096513944223108 0.04394654088050314 0.058625498007968124
0 0.3058909853249476 0.43444223107569724 0.03685010482180293 0.04843625498007968
0 0.3722379454926625 0.5094223107569721 0.04807127882599581 0.08467131474103586
0 0.3761740041928721 0.46145418326693227 0.05026205450733753 0.06552788844621514