0 0.4698060796645702 0.11118525896414343 0.04549266247379455 0.10518924302788844
0 0.4109014675052411 0.45572709163346614 0.03649895178197065 0.1049003984063745
0 0.7391981132075472 0.17398406374501993 0.03030922431865828 0.10221115537848606
0 0.5539989517819707 0.4253286852589641 0.04118972746331237 0.11637450199203188
0 0.10443396226415094 0.5679581673306773 0.04052410901467505 0.10108565737051792
0 0.5408018867924528 0.6079282868525897 0.04273060796645702 0.11118525896414343
0 0.5058385744234801 0.7317529880478088 0.03643605870020964 0.12887450199203185
0 0.2447012578616352 0.7757470119521913 0.049685534591194964 0.14227091633466135
0 0.3208333333333333 0.7849003984063745 0.05299266247379455 0.11886454183266933
0 0.8418186582809225 0.43487051792828685 0.03692348008385744 0.12079681274900399
0 0.36262054507337527 0.47672310756972114 0.041105870020964365 0.10910358565737052
0 0.7301834381551363 0.8022709163346614 0.03690251572327044 0.13060756972111554
0 0.3945545073375262 0.5801394422310757 0.05370545073375262 0.11324701195219124
0 0.39201257861635225 0.31824701195219124 0.05141509433962264 0.09799800796812749
0 0.3595020964360587 0.6997509960159362 0.04981132075471698 0.11971115537848605
0 0.302185534591195 0.5941733067729084 0.036189727463312366 0.1022211155378486
0 0.2889937106918239 0.7297011952191235 0.04269916142557652 0.10064741035856574
0 0.32293501048218026 0.6735059760956176 0.03993710691823899 0.10086653386454184
0 0.34998427672955973 0.5776593625498008 0.044979035639412995 0.10808764940239043
0 0.4964622641509434 0.9370916334661354 0.040262054507337525 0.1258167330677291
0 0.35301362683438153 0.5473705179282868 0.044371069182389936 0.09784860557768923
0 0.33528825995807127 0.6623406374501992 0.04081761006289308 0.10725099601593627