0 0.5465461215932914 0.8726892430278884 0.059701257861635215 0.18160358565737053
0 0.28995283018867923 0.7125597609561752 0.047038784067085955 0.15025896414342632
0 0.25640461215932914 0.27288844621513947 0.05384696016771488 0.14887450199203187
0 0.33387840670859537 0.2660657370517928 0.04202830188679245 0.1200199203187251
0 0.20400943396226415 0.26103585657370515 0.056677148846960165 0.1437450199203187
0 0.35188679245283017 0.4775099601593626 0.059114255765199165 0.1428585657370518
0 0.3694706498951782 0.17437250996015935 0.04091719077568134 0.13873505976095618
0 0.2817872117400419 0.6082569721115538 0.04972222222222222 0.1703784860557769
0 0.48015199161425576 0.5198505976095616 0.06626834381551362 0.09874501992031873
0 0.5332127882599581 0.6426394422310757 0.06589098532494758 0.09309760956175299
0 0.6404979035639413 0.24983067729083666 0.03755765199161425 0.13901394422310756
0 0.5250366876310273 0.7689641434262948 0.05660377358490566 0.1811354581673307
0 0.38549266247379455 0.5290737051792829 0.044444444444444446 0.13532868525896416
0 0.4244025157232704 0.41979083665338646 0.06706498951781971 0.09678286852589642
0 0.6728039832285115 0.5995418326693228 0.049035639412997906 0.1583565737051793
0 0.6344863731656184 0.754691235059761 0.0665461215932914 0.1369621513944223
0 0.6523689727463312 0.8477988047808765 0.04486897274633124 0.16562749003984062
0 0.572353249475891 0.7194123505976096 0.07102201257861634 0.10849601593625499
0 0.44566037735849057 0.6811454183266933 0.04868972746331237 0.16179282868525896
0 0.8517243186582809 0.5501294820717132 0.03734276729559748 0.16913346613545818
0 0.4274423480083857 0.6302689243027888 0.0459853249475891 0.14040836653386454
0 0.4314727463312369 0.5739442231075698 0.05118448637316562 0.08426294820717131