0 0.7677578125 0.7100555555555556 0.047445312499999996 0.12586111111111112
0 0.4571328125 0.4170694444444445 0.0255546875 0.09206944444444445
0 0.5665625000000001 0.25809722222222226 0.03075 0.08723611111111111
0 0.610546875 0.3189027777777778 0.0348046875 0.08202777777777778
0 0.776921875 0.4485 0.02459375 0.11206944444444444
0 0.8147109374999999 0.49668055555555557 0.026414062500000002 0.09669444444444444
0 0.6799375000000001 0.492125 0.029656250000000002 0.07995833333333334
0 0.6365234375 0.5528611111111111 0.0445625 0.07148611111111111
0 0.5884140625 0.4607777777777778 0.03409375 0.07551388888888888
1 0.922640625 0.32316666666666666 0.023234374999999998 0.09518055555555556
1 0.4145703125 0.49694444444444447 0.0228515625 0.09565277777777778
0 0.3066171875 0.5917638888888889 0.032203125 0.10581944444444444
0 0.274359375 0.40270833333333333 0.025656250000000002 0.08404166666666667
0 0.57203125 0.40997222222222224 0.042953124999999995 0.058541666666666665
0 0.70603125 0.5167916666666666 0.0363828125 0.08695833333333333
0 0.51234375 0.2741388888888889 0.022789062500000002 0.0765
0 0.649453125 0.7208888888888888 0.032710937499999995 0.11124999999999999
0 0.5165078125 0.5133611111111112 0.02425 0.1089861111111111
0 0.39773437500000003 0.33018055555555553 0.0245703125 0.07733333333333334
0 0.621515625 0.5093611111111112 0.03575 0.0756388888888889
0 0.6458437499999999 0.48086111111111113 0.0296015625 0.067
0 0.6485546875 0.4047638888888889 0.028164062499999996 0.04338888888888889
0 0.6022734375 0.37248611111111113 0.031515625000000005 0.0916388888888889
0 0.6545468750000001 0.43751388888888887 0.031203124999999998 0.04133333333333333
1 0.8353046875000001 0.877375 0.026773437500000004 0.06954166666666667
1 0.50434375 0.21033333333333332 0.024671875 0.08225