0 0.45232180293501045 0.402970297029703 0.0725104821802935 0.09767326732673268
0 0.49312893081761006 0.3415445544554455 0.07048218029350105 0.10516831683168316
0 0.19827044025157234 0.41258415841584156 0.04624737945492662 0.16746534653465345
0 0.41832809224318657 0.24238613861386138 0.05644129979035639 0.14105940594059405
0 0.189811320754717 0.7223366336633663 0.06046121593291404 0.15109900990099012
0 0.5274004192872117 0.25096039603960396 0.04005765199161426 0.15378217821782178
0 0.26779874213836474 0.6104257425742574 0.06662473794549266 0.14482178217821784
0 0.902772536687631 0.3432079207920792 0.03305555555555555 0.16802970297029704
0 0.395146750524109 0.5526435643564356 0.0720230607966457 0.10598019801980199
0 0.3077358490566038 0.4996237623762376 0.04825995807127882 0.11878217821782178
0 0.21958071278825994 0.3767227722772277 0.03694444444444444 0.13123762376237624
0 0.5960796645702305 0.6799702970297029 0.03971174004192872 0.1746039603960396
0 0.3713731656184487 0.5858910891089109 0.046205450733752616 0.1620990099009901
0 0.5384748427672956 0.37020792079207926 0.03290880503144654 0.15892079207920792
0 0.6724737945492663 0.4869009900990099 0.0394811320754717 0.15898019801980198
0 0.28159329140461214 0.5355247524752476 0.05557651991614256 0.13200990099009902
0 0.3528406708595388 0.4706138613861386 0.0485062893081761 0.11955445544554455
0 0.8788102725366876 0.6307425742574257 0.03188679245283019 0.18224752475247524
0 0.37615828092243186 0.2428712871287129 0.03982704402515723 0.12487128712871287
0 0.4266404612159329 0.8614851485148515 0.03778301886792453 0.1808118811881188
0 0.3668134171907757 0.3582871287128713 0.04407232704402516 0.13398019801980196
0 0.3575471698113208 0.4066732673267327 0.04361635220125786 0.13016831683168317