0 0.5016142557651991 0.061942231075697206 0.03980083857442348 0.10382470119521912
0 0.31339622641509435 0.48215139442231075 0.0329559748427673 0.09235059760956175
0 0.5582809224318659 0.08597609561752988 0.02699685534591195 0.09441235059760957
0 0.19774633123689728 0.8767828685258964 0.05197589098532495 0.13377490039840637
0 0.42095387840670856 0.46465139442231074 0.051147798742138366 0.08583665338645419
0 0.43388364779874217 0.1741434262948207 0.03735849056603774 0.10341633466135458
0 0.4936530398322851 0.5434561752988047 0.03162997903563941 0.11151394422310756
0 0.37533542976939205 0.5675896414342629 0.0479559748427673 0.08934262948207172
0 0.34702830188679246 0.44796812749003984 0.039271488469601684 0.0854980079681275
0 0.4854664570230608 0.27143426294820716 0.04507337526205451 0.06573705179282868
0 0.40440251572327046 0.2815737051792829 0.036037735849056604 0.054701195219123505
0 0.3982389937106918 0.3284760956175299 0.0349685534591195 0.05288844621513945
0 0.5623427672955975 0.40818725099601594 0.024559748427672955 0.11281872509960159
0 0.5827882599580713 0.6287450199203187 0.02710167714884696 0.12043824701195219
0 0.8092505241090147 0.37186254980079686 0.02452830188679245 0.11654382470119523
0 0.4590094339622641 0.3672111553784861 0.05436582809224319 0.07389442231075696
0 0.3712578616352201 0.4141932270916335 0.03731132075471698 0.074800796812749
0 0.3982966457023061 0.37976095617529876 0.03724318658280922 0.08050796812749003
0 0.2766509433962264 0.3329581673306773 0.03237421383647799 0.11654382470119523
0 0.609874213836478 0.24705179282868525 0.02690251572327044 0.0979780876494024
0 0.28384171907756817 0.28681274900398407 0.029633123689727463 0.09823705179282868
1 0.07131027253668763 0.13130478087649403 0.02139937106918239 0.10900398406374502
0 0.4667243186582809 0.9480976095617529 0.040665618448637315 0.1028187250996016