0 0.287109375 0.4475 0.0248203125 0.09845833333333333
1 0.6112578125 0.46948611111111105 0.0199609375 0.094125
0 0.7761640625 0.4731527777777778 0.028249999999999997 0.07115277777777777
1 0.15234375 0.39013888888888887 0.021984375 0.08600000000000001
0 0.5280625 0.7855555555555556 0.028515625 0.11247222222222222
0 0.4326875 0.7247777777777779 0.029429687500000003 0.09798611111111111
0 0.34246875 0.7264166666666666 0.028453125000000003 0.11124999999999999
0 0.37315624999999997 0.4461527777777778 0.0228828125 0.07044444444444445
0 0.5617265625 0.39936111111111117 0.022101562499999998 0.06970833333333333
1 0.516390625 0.28026388888888887 0.020304687499999998 0.07875
0 0.381984375 0.7743749999999999 0.042476562499999995 0.12120833333333333
0 0.4118984375 0.478125 0.024210937499999998 0.0792361111111111
0 0.44154687499999995 0.5188472222222222 0.026500000000000003 0.07602777777777778
0 0.44223437499999996 0.4294861111111111 0.028890624999999996 0.08552777777777777
1 0.1431484375 0.9179583333333332 0.0236171875 0.06134722222222223
0 0.41546093749999996 0.41958333333333336 0.01865625 0.07404166666666667
0 0.26579687500000004 0.6436527777777777 0.031109375 0.09058333333333334
0 0.46394531250000004 0.44166666666666665 0.025734374999999997 0.07959722222222222
0 0.5049375 0.45575 0.022765625 0.07905555555555556
0 0.44521875 0.3775277777777778 0.018796874999999998 0.03995833333333333
0 0.5400234375 0.405625 0.022570312500000002 0.0756388888888889
0 0.5005468750000001 0.652125 0.0426796875 0.08934722222222222
0 0.4332734375 0.3783888888888889 0.0105078125 0.03809722222222222
0 0.41139843750000005 0.44638888888888884 0.022796875 0.019583333333333335
0 0.46996093749999995 0.4273194444444445 0.024640625 0.065375
0 0.4336875 0.41088888888888886 0.0157890625 0.049166666666666664