0 0.52065625 0.5190277777777778 0.026070312499999998 0.10326388888888888
0 0.766796875 0.711763888888889 0.048140625 0.12477777777777778
0 0.6099609375 0.3238055555555555 0.0352734375 0.08354166666666667
0 0.5708046875 0.2645 0.0304765625 0.08741666666666667
0 0.6366796875 0.5551805555555556 0.044929687499999996 0.07108333333333333
0 0.45715625 0.4149305555555556 0.026000000000000002 0.09197222222222222
0 0.309765625 0.5949722222222222 0.034328125 0.10530555555555554
0 0.81896875 0.5014027777777778 0.026421875 0.09874999999999999
0 0.7049375 0.5195000000000001 0.0372578125 0.08745833333333333
0 0.7758671875 0.4487083333333333 0.0243515625 0.11393055555555556
0 0.5899609375 0.4632222222222222 0.0352109375 0.07115277777777777
0 0.2681640625 0.40129166666666666 0.025093749999999998 0.08548611111111111
1 0.9219375 0.32811111111111113 0.0231484375 0.09569444444444446
1 0.4098046875 0.4990833333333333 0.023328124999999998 0.09236111111111112
0 0.6451640624999999 0.4819722222222222 0.029484375 0.06877777777777778
0 0.6230546875 0.5110555555555555 0.0350078125 0.07372222222222222
0 0.51171875 0.27294444444444443 0.0234140625 0.07520833333333334
0 0.3966328125 0.33231944444444445 0.02421875 0.07679166666666666
0 0.65678125 0.7285138888888889 0.031820312499999996 0.1021388888888889
0 0.568 0.4154305555555556 0.041453125 0.05791666666666667
0 0.680640625 0.4957916666666667 0.0301328125 0.080125
0 0.64825 0.40547222222222223 0.027914062499999996 0.04298611111111111
0 0.6008281249999999 0.37472222222222223 0.033171875 0.09186111111111112
0 0.65453125 0.44120833333333337 0.031078125 0.04534722222222222
1 0.8332578125 0.8785833333333334 0.026890625 0.07172222222222223
1 0.5055546875 0.20894444444444443 0.0271796875 0.08513888888888889