0 0.1790146750524109 0.525970297029703 0.023532494758909853 0.08249504950495049
0 0.8411949685534591 0.4484851485148515 0.03814465408805032 0.07082178217821783
1 0.45354297693920337 0.14316831683168316 0.024171907756813417 0.06551485148514852
0 0.6702672955974842 0.24518811881188118 0.023259958071278827 0.07042574257425742
0 0.8581132075471698 0.5687029702970297 0.031194968553459122 0.07052475247524753
0 0.7897012578616353 0.553940594059406 0.027641509433962264 0.062475247524752475
1 0.09659329140461216 0.2908910891089109 0.022395178197064988 0.07161386138613861
0 0.3021069182389937 0.4777623762376238 0.022573375262054506 0.07647524752475247
0 0.62458071278826 0.2273861386138614 0.01876834381551363 0.06820792079207921
0 0.7036792452830188 0.7890198019801979 0.03881027253668763 0.0861980198019802
0 0.347898322851153 0.6167029702970297 0.022327044025157235 0.08037623762376238
1 0.960167714884696 0.18883168316831683 0.0234643605870021 0.07427722772277227
0 0.18998427672955975 0.3939603960396039 0.02632599580712788 0.06698019801980198
0 0.5313574423480084 0.5357623762376238 0.025455974842767296 0.08232673267326733
0 0.09888888888888889 0.48858415841584163 0.03680293501048218 0.08722772277227722
0 0.2875157232704403 0.44176237623762377 0.023286163522012578 0.07948514851485149
0 0.48854297693920334 0.47985148514851483 0.022368972746331237 0.07645544554455445
0 0.23522536687631027 0.4542574257425743 0.02192348008385744 0.0773960396039604
0 0.21000524109014676 0.45700990099009897 0.020670859538784066 0.07361386138613861
1 0.129916142557652 0.9691485148514852 0.026724318658280923 0.0617029702970297
0 0.17047169811320753 0.4531584158415842 0.02400943396226415 0.07036633663366336
0 0.3297431865828092 0.6131683168316832 0.02648846960167715 0.07080198019801981
0 0.21003668763102726 0.3824158415841584 0.01339622641509434 0.025673267326732672
0 0.14939203354297695 0.48566336633663365 0.025890985324947588 0.07790099009900991
0 0.21892557651991612 0.41546534653465345 0.01649895178197065 0.06537623762376238
0 0.16993186582809225 0.4858613861386139 0.017657232704402514 0.019673267326732673