0 0.186390625 0.5883472222222222 0.03509375 0.07266666666666667
1 0.563796875 0.38526388888888885 0.019171874999999998 0.09190277777777778
0 0.311453125 0.5626111111111111 0.0318125 0.07993055555555555
0 0.8793593749999999 0.42691666666666667 0.037734375 0.07952777777777778
0 0.322859375 0.2622361111111111 0.02321875 0.06230555555555555
1 0.158859375 0.1835416666666667 0.019578125 0.08
0 0.32702343749999996 0.1933888888888889 0.017585937500000003 0.07348611111111111
0 0.2632109375 0.4569027777777778 0.0246015625 0.07805555555555556
0 0.276203125 0.6493333333333333 0.028210937499999998 0.09633333333333333
0 0.24787499999999998 0.3515138888888889 0.0318671875 0.06463888888888888
0 0.3428203125 0.41794444444444445 0.026703125 0.07926388888888888
0 0.3020390625 0.3864166666666667 0.028000000000000004 0.07770833333333334
0 0.3945546875 0.29688888888888887 0.0263671875 0.08391666666666667
0 0.4671484375 0.2224583333333333 0.0249296875 0.06205555555555556
0 0.1661328125 0.3927222222222222 0.028210937499999998 0.0796388888888889
1 0.15075 0.955138888888889 0.026492187499999997 0.08443055555555555
0 0.44407031249999995 0.21005555555555558 0.0316015625 0.06827777777777777
0 0.306875 0.6431944444444445 0.047078125 0.092
0 0.5628437500000001 0.20543055555555556 0.0233984375 0.08229166666666667
0 0.4444375 0.8782500000000001 0.03178125 0.09959722222222221
0 0.43009375 0.8951250000000001 0.0408359375 0.10291666666666666
0 0.5484921875000001 0.19973611111111111 0.0231484375 0.07681944444444445
0 0.180828125 0.3143333333333333 0.0233125 0.08018055555555555
0 0.3201953125 0.4255694444444445 0.0268828125 0.08213888888888889
1 0.5200546875 0.033430555555555554 0.024234375 0.06684722222222222
0 0.19159375 0.39170833333333327 0.034984375 0.07855555555555556