0 0.16327568134171908 0.5499302788844621 0.04198637316561845 0.1205577689243028
0 0.29404088050314464 0.3586454183266932 0.049606918238993714 0.112300796812749
0 0.41526205450733755 0.4428386454183267 0.03639937106918239 0.1203585657370518
0 0.3694287211740042 0.36510956175298803 0.033998951781970654 0.08938247011952191
0 0.24290356394129978 0.7692828685258964 0.056284067085953876 0.1404780876494024
0 0.40199685534591195 0.2992828685258964 0.03281970649895178 0.13098605577689243
0 0.29681865828092246 0.6123406374501992 0.04937631027253669 0.10717131474103585
0 0.07935010482180294 0.4984462151394422 0.045749475890985325 0.12637450199203187
0 0.4472641509433962 0.5507768924302789 0.032935010482180296 0.1396414342629482
0 0.2958123689727463 0.5711553784860558 0.04828092243186583 0.10438247011952191
0 0.4310062893081761 0.7245019920318725 0.031037735849056603 0.14584661354581674
0 0.3813993710691824 0.5478685258964143 0.06314989517819707 0.09702191235059761
0 0.31928721174004193 0.4939342629482072 0.046200209643605876 0.09624501992031873
0 0.39531446540880505 0.636304780876494 0.03140461215932914 0.13425298804780875
0 0.9761792452830188 0.4588545816733068 0.03404088050314465 0.1414442231075697
0 0.37674528301886795 0.4261254980079681 0.05210691823899371 0.060159362549800796
0 0.2830922431865828 0.463496015936255 0.03520440251572327 0.10279880478087648
0 0.2998794549266247 0.4029980079681275 0.044585953878406706 0.052739043824701196
0 0.2961635220125786 0.5095318725099601 0.044103773584905664 0.058496015936254975
0 0.30591719077568136 0.43425298804780876 0.03691299790356394 0.04825697211155379
0 0.3719968553459119 0.509402390438247 0.047961215932914046 0.08535856573705179
0 0.3761215932914046 0.46138446215139445 0.05017295597484277 0.0650996015936255