0 0.5626484375 0.24488888888888888 0.043171875 0.10373611111111111
0 0.5145078125 0.10134722222222223 0.040984375 0.09559722222222222
0 0.810359375 0.8638888888888889 0.052671875 0.11851388888888889
0 0.532671875 0.36719444444444443 0.0473046875 0.07743055555555556
0 0.44253125000000004 0.3905833333333334 0.0361796875 0.11438888888888889
0 0.54571875 0.417625 0.0465078125 0.07320833333333333
0 0.47418750000000004 0.46826388888888887 0.0315234375 0.10483333333333333
0 0.5034921875 0.28356944444444443 0.034749999999999996 0.11115277777777778
0 0.56828125 0.4722777777777778 0.046765625 0.0777361111111111
0 0.439140625 0.13244444444444445 0.0279296875 0.08080555555555556
1 0.33768750000000003 0.4270833333333333 0.023320312500000002 0.11683333333333334
0 0.5940859374999999 0.4090555555555555 0.0402265625 0.07376388888888889
0 0.6422421875000001 0.4621944444444444 0.0377578125 0.08554166666666667
0 0.25109375 0.2831111111111111 0.025742187500000003 0.12115277777777779
0 0.23714062500000002 0.5808333333333333 0.030609375 0.11972222222222223
0 0.49762500000000004 0.6846805555555556 0.0282890625 0.13056944444444446
0 0.6282734375000001 0.4377638888888889 0.0354609375 0.07363888888888889
0 0.7195234375 0.9058611111111111 0.0383828125 0.10659722222222222
0 0.6120234375 0.3723194444444444 0.0352109375 0.06220833333333333
0 0.7299609375 0.36570833333333336 0.0237265625 0.12251388888888888
0 0.6072734375 0.32952777777777775 0.03646875 0.05531944444444444
0 0.7442421875 0.5822916666666667 0.033773437499999996 0.13705555555555557
1 0.89309375 0.13081944444444443 0.0180859375 0.10404166666666666
0 0.71590625 0.3267777777777778 0.021640625 0.10494444444444445
1 0.43489843749999996 0.043763888888888894 0.027734375 0.08719444444444445