1 0.8070964360587002 0.04892430278884462 0.03162473794549266 0.09064741035856574
0 0.7539255765199161 0.2169820717131474 0.035948637316561845 0.10026892430278884
0 0.7060167714884695 0.21389442231075698 0.02669287211740042 0.08989043824701196
0 0.7814570230607967 0.4868625498007968 0.031100628930817612 0.10078685258964143
0 0.5116457023060796 0.4754581673306773 0.027421383647798742 0.10048804780876494
0 0.4946069182389937 0.6328187250996016 0.02878406708595388 0.10175298804780876
0 0.7680555555555556 0.5554282868525896 0.02600104821802935 0.0874800796812749
0 0.2992243186582809 0.6804681274900399 0.027783018867924527 0.08924302788844621
0 0.609706498951782 0.5830478087649402 0.04151991614255765 0.08714143426294821
0 0.712646750524109 0.32277888446215136 0.03859538784067086 0.06660358565737053
0 0.3034067085953878 0.393804780876494 0.02490041928721174 0.1022211155378486
0 0.5842505241090147 0.6595717131474104 0.032295597484276725 0.10677290836653387
0 0.6189675052410901 0.4862051792828685 0.05370545073375262 0.08905378486055776
0 0.705880503144654 0.4286254980079681 0.034088050314465414 0.10204183266932271
0 0.610335429769392 0.3429382470119522 0.02641509433962264 0.09816733067729085
0 0.733527253668763 0.40471115537848606 0.036441299790356395 0.09502988047808765
0 0.6621331236897274 0.5408067729083665 0.03238469601677149 0.10438247011952191
0 0.6764832285115304 0.44683266932270915 0.026341719077568132 0.08587649402390438
0 0.552730607966457 0.6933964143426294 0.04674004192872118 0.09447211155378485
0 0.710041928721174 0.36213147410358565 0.03178197064989518 0.0674800796812749
0 0.5912526205450733 0.4388745019920319 0.041095387840670856 0.08108565737051793
0 0.6764150943396225 0.39675298804780873 0.02832809224318658 0.0699203187250996
0 0.6606027253668764 0.4753187250996016 0.028632075471698114 0.08167330677290836