0 0.7687368972746331 0.2201792828685259 0.03816561844863731 0.09822709163346614
0 0.7271750524109015 0.37612549800796813 0.03791928721174004 0.08828685258964143
0 0.7081341719077567 0.21402390438247013 0.027447589098532493 0.08575697211155378
0 0.31990041928721175 0.6891733067729083 0.030471698113207546 0.1024800796812749
0 0.6926572327044025 0.4310458167330677 0.03070230607966457 0.09447211155378485
0 0.652059748427673 0.3979780876494024 0.03940775681341719 0.06898406374501992
1 0.8032023060796646 0.046215139442231074 0.029905660377358492 0.08671314741035857
0 0.7187526205450734 0.40243027888446214 0.043128930817610066 0.07579681274900398
0 0.5061163522012578 0.4684760956175299 0.028018867924528304 0.10442231075697211
0 0.6043658280922433 0.3457370517928287 0.028406708595387842 0.10284860557768925
0 0.6888417190775681 0.3109760956175299 0.043039832285115306 0.06493027888446215
0 0.5605398322851153 0.6918426294820718 0.039302935010482175 0.10097609561752988
0 0.49571278825995807 0.6506175298804782 0.03136268343815514 0.10669322709163347
0 0.6055607966457024 0.4404482071713147 0.03731656184486373 0.08509960159362549
0 0.594643605870021 0.5090537848605577 0.05359538784067086 0.08904382470119522
0 0.7788364779874214 0.4884561752988048 0.03262578616352201 0.10658366533864543
0 0.3056236897274633 0.3945418326693227 0.026373165618448637 0.10153386454183266
0 0.7640146750524109 0.5455179282868526 0.022636268343815512 0.10307768924302789
0 0.6542190775681341 0.5274501992031871 0.030387840670859537 0.1126792828685259
0 0.5977620545073375 0.6841533864541832 0.0359643605870021 0.10981075697211155
0 0.662458071278826 0.4456972111553785 0.030791404612159328 0.08392430278884462
0 0.5756079664570231 0.5882768924302789 0.05277253668763102 0.0826195219123506
0 0.6565932914046122 0.47549800796812747 0.030419287211740042 0.06130478087649402