0 0.7599895178197065 0.2013645418326693 0.038207547169811326 0.1046812749003984
0 0.5004874213836478 0.45039840637450196 0.02563417190775681 0.10646414342629482
0 0.5914412997903564 0.332898406374502 0.02570230607966457 0.09891434262948208
0 0.7019549266247379 0.39417330677290835 0.03531446540880503 0.08731075697211155
0 0.7207023060796646 0.3639541832669323 0.03069706498951782 0.08532868525896414
0 0.7660953878406709 0.4723505976095618 0.03187106918238994 0.11229083665338645
0 0.5512945492662473 0.5891135458167331 0.048747379454926625 0.06896414342629481
0 0.4958490566037736 0.6555677290836653 0.030854297693920334 0.09807768924302789
0 0.6024737945492662 0.4310358565737052 0.04269916142557652 0.08012948207171315
0 0.6671226415094339 0.30753984063745016 0.04034591194968554 0.07933266932270917
0 0.6993081761006289 0.19794820717131476 0.026687631027253668 0.090199203187251
0 0.37268343815513627 0.75550796812749 0.035136268343815516 0.12172310756972111
0 0.7541247379454926 0.5323406374501992 0.023354297693920337 0.10370517928286853
0 0.680482180293501 0.4337250996015936 0.033328092243186586 0.0745816733067729
0 0.6478878406708596 0.44238047808764935 0.03298218029350105 0.052529880478087654
0 0.5765670859538784 0.5039442231075697 0.055676100628930816 0.0676792828685259
0 0.6282075471698113 0.3863545816733068 0.038212788259958066 0.06611553784860558
0 0.6431341719077568 0.5103784860557768 0.030922431865828093 0.10713147410358566
1 0.797269392033543 0.03775896414342629 0.03226415094339623 0.0752589641434263
0 0.5626729559748427 0.7447709163346613 0.024213836477987423 0.11669322709163346
0 0.5572327044025157 0.6707470119521912 0.02412997903563941 0.10904382470119522
0 0.6469811320754717 0.4646314741035857 0.03229035639412998 0.04854581673306773
0 0.29868972746331235 0.380597609561753 0.02710167714884696 0.10233067729083666