0 0.7633909853249475 0.21169322709163346 0.03820230607966457 0.10177290836653387
0 0.7037473794549266 0.39964143426294824 0.03569182389937107 0.08391434262948207
0 0.4909014675052411 0.6577589641434263 0.03232180293501048 0.10005976095617529
0 0.5754297693920336 0.5120816733067729 0.04827568134171908 0.06812749003984064
0 0.6644811320754717 0.32000996015936256 0.04138364779874214 0.07750996015936254
0 0.5545230607966457 0.5957868525896414 0.044208595387840666 0.06779880478087649
0 0.5589046121593292 0.6854482071713148 0.03754716981132075 0.11310756972111553
0 0.3016404612159329 0.3925796812749004 0.026635220125786164 0.09966135458167331
0 0.3408385744234801 0.7112649402390439 0.029035639412997902 0.11095617529880479
0 0.7027777777777778 0.21035856573705178 0.028805031446540882 0.08914342629482072
0 0.5983280922431865 0.3387848605577689 0.025062893081761007 0.10406374501992033
0 0.627772536687631 0.3973705179282868 0.0375104821802935 0.06322709163346613
0 0.7718658280922432 0.48354581673306773 0.02859014675052411 0.11641434262948207
0 0.7572012578616353 0.5418725099601593 0.024659329140461213 0.10540836653386454
0 0.6038626834381552 0.4419422310756972 0.03611635220125786 0.07813745019920319
0 0.6776729559748428 0.43925298804780877 0.03481132075471698 0.07412350597609561
0 0.7220964360587002 0.3744123505976096 0.030487421383647798 0.08806772908366534
1 0.7971698113207547 0.043286852589641434 0.03111635220125786 0.08594621513944224
0 0.500041928721174 0.463296812749004 0.02808700209643606 0.10247011952191235
0 0.6409748427672957 0.5235059760956176 0.03172955974842767 0.10636454183266933
0 0.6483909853249477 0.4522709163346613 0.031121593291404615 0.051822709163346616
0 0.5838941299790356 0.704800796812749 0.028160377358490564 0.12196215139442232
0 0.646954926624738 0.4816932270916335 0.032924528301886795 0.05178286852589642