0 0.523859375 0.18866666666666668 0.03846875 0.10725
0 0.6132500000000001 0.08374999999999999 0.041999999999999996 0.10116666666666667
0 0.577515625 0.2961111111111111 0.0471875 0.06769444444444445
0 0.490140625 0.4542777777777778 0.053093749999999995 0.07108333333333333
0 0.673453125 0.10619444444444444 0.029640624999999997 0.09530555555555556
0 0.28371875 0.8089444444444445 0.036359375 0.12166666666666666
0 0.350421875 0.3195555555555556 0.02634375 0.11822222222222223
0 0.2758125 0.6016111111111111 0.045109375 0.12358333333333334
0 0.584515625 0.6165277777777778 0.026890625 0.1401111111111111
1 0.707796875 0.3723333333333333 0.026890625 0.11558333333333333
0 0.8452968750000001 0.33405555555555555 0.031578125 0.12280555555555556
0 0.51934375 0.40208333333333335 0.031359375 0.10611111111111111
0 0.743328125 0.22430555555555556 0.023171875 0.12411111111111112
0 0.19465625 0.7898333333333333 0.047328125 0.11941666666666667
1 0.22721874999999997 0.16869444444444442 0.023640625000000002 0.10797222222222222
0 0.427578125 0.41591666666666666 0.044187500000000005 0.09627777777777777
0 0.45373437499999997 0.3887777777777778 0.0356875 0.081
0 0.478921875 0.36580555555555555 0.03696875 0.07566666666666666
0 0.49829687500000003 0.2837777777777778 0.03259375 0.058583333333333334
0 0.48743749999999997 0.32175 0.037578125000000004 0.04663888888888889
1 0.699984375 0.022472222222222223 0.0263125 0.044972222222222226
0 0.486015625 0.5364444444444445 0.028796875 0.13155555555555556
0 0.301875 0.5223055555555556 0.03546875 0.10330555555555555
0 0.554203125 0.3609722222222222 0.034749999999999996 0.11922222222222223
0 0.550890625 0.32994444444444443 0.04153125 0.06686111111111111