0 0.778140625 0.7205 0.03996875 0.17891666666666667
0 0.133578125 0.3130277777777778 0.052375000000000005 0.13158333333333333
0 0.507046875 0.3159722222222222 0.049062499999999995 0.09316666666666666
0 0.48034375 0.28350000000000003 0.061203125000000004 0.09261111111111112
1 0.25690625 0.3080833333333333 0.0419375 0.12708333333333333
0 0.413765625 0.3151388888888889 0.039921875 0.12402777777777778
0 0.506296875 0.18150000000000002 0.045875 0.12808333333333333
0 0.86946875 0.6993888888888888 0.06135937500000001 0.17844444444444443
0 0.29609375 0.4468611111111111 0.044890625 0.16175
0 0.6249687500000001 0.34730555555555553 0.048453125 0.11666666666666667
0 0.3873125 0.18152777777777776 0.03715625 0.14272222222222222
0 0.517046875 0.5362222222222222 0.046296875 0.15944444444444444
0 0.7717968749999999 0.4877222222222223 0.06029687500000001 0.15719444444444444
0 0.51621875 0.3883888888888889 0.044609375 0.14980555555555555
0 0.56528125 0.305 0.042359375 0.09308333333333332
1 0.88146875 0.10111111111111111 0.026484374999999998 0.14094444444444446
0 0.46525 0.2308333333333333 0.04903125 0.09694444444444444
0 0.568953125 0.22902777777777777 0.03871875 0.05747222222222222
0 0.70396875 0.24983333333333332 0.031796875 0.12097222222222222
0 0.590328125 0.32833333333333337 0.037140625 0.09266666666666666
0 0.741234375 0.2688611111111111 0.03534375 0.1488611111111111
0 0.6971406250000001 0.39144444444444443 0.052515624999999996 0.15638888888888888
0 0.532625 0.3555833333333333 0.044953125 0.08122222222222222
0 0.571015625 0.2662777777777778 0.044984375 0.044222222222222225