0 0.579109375 0.5543333333333333 0.056281250000000005 0.08761111111111111
0 0.6834374999999999 0.6348333333333334 0.04725 0.12119444444444445
0 0.61834375 0.27252777777777776 0.033515625 0.08363888888888889
0 0.6288750000000001 0.18072222222222223 0.03525 0.1016388888888889
0 0.47239062499999995 0.21608333333333335 0.034 0.12222222222222222
1 0.37990625 0.5346666666666666 0.03775 0.11875
0 0.68084375 0.4901666666666667 0.038890625 0.09805555555555555
0 0.7663593750000001 0.1844722222222222 0.04746875 0.12575
0 0.5682343750000001 0.46891666666666665 0.0478125 0.11769444444444443
0 0.8623749999999999 0.49886111111111114 0.035171875000000005 0.12436111111111112
0 0.105375 0.42927777777777776 0.030156250000000002 0.15583333333333332
0 0.5996718750000001 0.4162222222222222 0.04940625 0.06294444444444444
0 0.614 0.3461111111111111 0.029046875 0.09225
0 0.759578125 0.2957777777777778 0.041749999999999995 0.12047222222222222
0 0.643421875 0.84725 0.031093749999999996 0.09583333333333334
0 0.651546875 0.5556111111111112 0.050812500000000003 0.09058333333333334
0 0.8374375000000001 0.5391666666666667 0.030515625 0.15072222222222223
0 0.671609375 0.57525 0.04375 0.07811111111111112
0 0.6960468750000001 0.44169444444444445 0.0405625 0.12397222222222223
0 0.698171875 0.21544444444444444 0.0480625 0.12216666666666666
0 0.563671875 0.6779722222222222 0.053984374999999994 0.1325
0 0.5722343750000001 0.71375 0.042125 0.14288888888888887
0 0.57253125 0.8456111111111112 0.029281249999999998 0.10641666666666667