0 0.489171875 0.19041666666666665 0.0395625 0.10802777777777778
0 0.5475 0.30394444444444446 0.04221875 0.07777777777777778
1 0.6991562499999999 0.37958333333333333 0.034640625 0.10730555555555556
0 0.516859375 0.37150000000000005 0.036843749999999995 0.10480555555555554
0 0.616984375 0.364 0.030515625 0.1262222222222222
0 0.716328125 0.6203888888888889 0.033296875 0.12738888888888888
0 0.585953125 0.22316666666666668 0.027828125 0.10536111111111111
0 0.81840625 0.26069444444444445 0.029656250000000002 0.12097222222222222
0 0.5547500000000001 0.5686666666666667 0.03125 0.12463888888888888
0 0.79009375 0.38675 0.02790625 0.1366111111111111
1 0.617328125 0.03422222222222222 0.0233125 0.06847222222222221
0 0.64915625 0.14052777777777778 0.026703125 0.12050000000000001
0 0.305046875 0.572861111111111 0.033078125 0.13
0 0.49184374999999997 0.47241666666666665 0.048984375000000004 0.08744444444444445
1 0.152546875 0.1833611111111111 0.018875 0.10880555555555556
0 0.35590625 0.3318055555555556 0.029421874999999997 0.12013888888888889
0 0.41159375000000004 0.4152222222222222 0.041203125 0.12819444444444444
0 0.54875 0.1348611111111111 0.037078125 0.10097222222222223
0 0.43553125000000004 0.4002777777777778 0.039421875 0.08816666666666666
0 0.47104687500000003 0.2822222222222222 0.034421875000000005 0.06738888888888889
0 0.240140625 0.8386944444444444 0.040515625 0.12180555555555556
0 0.45890624999999996 0.3725277777777778 0.035453125 0.08863888888888889
0 0.45865625000000004 0.32208333333333333 0.034171875000000004 0.06208333333333334
0 0.279921875 0.38055555555555554 0.029359375 0.11808333333333333
0 0.31796875 0.8436944444444445 0.034171875000000004 0.11602777777777779