1 0.0734296875 0.4006388888888889 0.0222734375 0.08990277777777779
0 0.500578125 0.48381944444444447 0.0240234375 0.08356944444444445
1 0.820265625 0.28108333333333335 0.02071875 0.07076388888888889
0 0.43092968750000005 0.5409999999999999 0.022468750000000003 0.09493055555555555
0 0.6996953125 0.45195833333333335 0.032070312499999996 0.082875
0 0.600296875 0.4161388888888889 0.021562500000000002 0.08369444444444445
0 0.534734375 0.3571944444444445 0.019015625 0.07338888888888889
0 0.7930703125 0.4537361111111111 0.019414062500000002 0.08745833333333333
0 0.5440859375 0.44081944444444443 0.02034375 0.08959722222222223
0 0.23975 0.5605555555555556 0.0242421875 0.08965277777777778
0 0.6228281250000001 0.519986111111111 0.033046874999999996 0.08945833333333333
1 0.9708984375 0.6065277777777778 0.027875 0.10843055555555554
0 0.1861015625 0.7186111111111111 0.03546875 0.10029166666666665
0 0.7564140625 0.3622638888888889 0.022546875 0.07281944444444445
0 0.3488984375 0.7147638888888889 0.0448828125 0.09880555555555556
0 0.74065625 0.4220277777777778 0.0261796875 0.08109722222222222
0 0.725265625 0.3506111111111111 0.0204921875 0.059861111111111115
0 0.6567265625 0.45545833333333335 0.022453124999999997 0.08026388888888888
0 0.6696875 0.4742222222222222 0.0219609375 0.06345833333333332
1 0.52140625 0.42394444444444446 0.020453125 0.081375
0 0.5391953125 0.59675 0.032390625 0.0925
0 0.7065703125 0.39311111111111113 0.026921875 0.0555
0 0.6653203125 0.5194861111111111 0.02865625 0.08968055555555554
0 0.76778125 0.47780555555555554 0.021484375 0.092125
0 0.7576953125 0.5132777777777778 0.022421875 0.08441666666666667
0 0.6773828125 0.4677638888888889 0.0236875 0.08818055555555555
1 0.1031484375 0.9486805555555555 0.035359375 0.10265277777777777