1 0.0962265625 0.3354722222222222 0.022015625 0.08848611111111111
0 0.5744765625 0.4084583333333333 0.0272890625 0.08927777777777778
0 0.4573828125 0.5589722222222222 0.0280859375 0.10602777777777778
0 0.3961953125 0.6313194444444444 0.028476562500000004 0.10497222222222222
0 0.2674375 0.6673888888888888 0.029890624999999997 0.10391666666666666
1 0.22084375 0.9344166666666667 0.0394765625 0.12872222222222224
0 0.69090625 0.33205555555555555 0.0201875 0.07198611111111111
0 0.5378046875 0.5018333333333334 0.029921874999999997 0.08868055555555555
0 0.4788125 0.3432222222222222 0.01828125 0.08726388888888889
1 0.9043515624999999 0.22634722222222223 0.02078125 0.07358333333333333
0 0.7441015625 0.574861111111111 0.026453125 0.09724999999999999
0 0.47034374999999995 0.7188472222222223 0.0424453125 0.11854166666666666
0 0.4829296875 0.634875 0.0406640625 0.07308333333333333
0 0.7347421875 0.431 0.03278125 0.09468055555555556
0 0.6155234375 0.5094444444444445 0.036453124999999996 0.05963888888888889
0 0.5534140625 0.5706388888888889 0.0445234375 0.06527777777777778
0 0.5943906250000001 0.6064027777777778 0.029875000000000002 0.08813888888888889
0 0.682578125 0.6344444444444445 0.0280625 0.10395833333333332
0 0.7069765625 0.6019027777777778 0.027492187499999998 0.11081944444444446
0 0.641953125 0.5551388888888888 0.0385625 0.08261111111111111
0 0.567125 0.6321527777777778 0.032984374999999996 0.09694444444444444
0 0.8346640624999999 0.3472222222222222 0.0319765625 0.08513888888888889
0 0.23796875 0.47025 0.0288046875 0.10669444444444444
1 0.9704218750000001 0.7620833333333334 0.028265625 0.13083333333333333
1 0.447234375 0.5340416666666666 0.0285703125 0.0922361111111111
0 0.597703125 0.5739166666666667 0.03415625 0.06505555555555556
0 0.667265625 0.5362083333333333 0.035671875 0.08202777777777778