0 0.5801171875 0.5370138888888889 0.045875 0.06475
0 0.776265625 0.6743055555555556 0.032375 0.10616666666666666
0 0.292015625 0.36763888888888885 0.025703125 0.07945833333333334
1 0.226859375 0.20551388888888888 0.019859375000000002 0.07105555555555555
0 0.4870234375 0.5179722222222222 0.0284921875 0.11236111111111112
0 0.7281328125 0.47294444444444445 0.03125 0.09601388888888888
0 0.4783046875 0.38895833333333335 0.0356328125 0.07980555555555556
0 0.6265546875 0.5665555555555556 0.043390625 0.07147222222222223
0 0.37482812499999996 0.41281944444444446 0.028023437499999998 0.08963888888888889
0 0.3442265625 0.5680972222222221 0.027687499999999997 0.10834722222222223
1 0.45978125 0.5678472222222223 0.0294609375 0.09347222222222222
0 0.57859375 0.5880555555555556 0.028484375 0.10509722222222223
0 0.6989296875 0.5505138888888889 0.03846875 0.08329166666666667
0 0.17876562499999998 0.4381805555555556 0.026203125 0.08902777777777778
0 0.5131249999999999 0.47102777777777777 0.03653125 0.06688888888888889
0 0.8191875 0.6491666666666667 0.0356875 0.11108333333333334
0 0.46294531250000004 0.7013055555555555 0.030296875 0.10598611111111111
0 0.4293671875 0.3271527777777778 0.033328125 0.0905
0 0.5957734375 0.46302777777777776 0.028671875000000003 0.0765
0 0.67015625 0.5257083333333333 0.028335937500000002 0.07993055555555555
0 0.7679921875 0.5057777777777778 0.026242187500000003 0.09495833333333334
0 0.67740625 0.47816666666666663 0.021812500000000002 0.08098611111111112
0 0.6181953124999999 0.48930555555555555 0.025710937499999996 0.08172222222222222
1 0.7625390624999999 0.3201527777777778 0.03265625 0.07305555555555555
0 0.6303124999999999 0.5201805555555555 0.0321484375 0.06593055555555555