0 0.4122833723653396 0.11435416666666667 0.04159250585480094 0.10077083333333332
0 0.39891100702576116 0.5958541666666667 0.048641686182669785 0.08497916666666666
0 0.43195550351288053 0.3937916666666667 0.03571428571428571 0.10797916666666667
0 0.4980796252927401 0.1156875 0.02740046838407494 0.09714583333333333
0 0.40468384074941455 0.5342083333333334 0.05121779859484778 0.0734375
0 0.42920374707259956 0.475625 0.045925058548009365 0.0796875
0 0.2544496487119438 0.8760833333333333 0.045456674473067914 0.1234375
0 0.3671545667447307 0.4883125 0.04039812646370024 0.08275
0 0.32599531615925054 0.5485416666666667 0.04296252927400468 0.09158333333333334
0 0.6594847775175644 0.29791666666666666 0.027189695550351285 0.103875
0 0.23368852459016393 0.4596666666666666 0.02661592505854801 0.11695833333333333
0 0.7080679156908666 0.5585416666666667 0.027014051522248245 0.12225
0 0.352271662763466 0.4381875 0.032985948477751756 0.06779166666666667
0 0.3437939110070258 0.8867291666666667 0.033618266978922715 0.138125
0 0.34117096018735366 0.5149583333333333 0.036885245901639344 0.07162500000000001
0 0.4773887587822014 0.45289583333333333 0.03375878220140515 0.1036875
0 0.35283372365339577 0.39627083333333335 0.03446135831381733 0.07200000000000001
0 0.3248126463700234 0.3231041666666667 0.026311475409836065 0.10035416666666667
0 0.2532669789227166 0.41322916666666665 0.028337236533957845 0.10145833333333334
0 0.48637002341920377 0.34760416666666666 0.0296135831381733 0.11722916666666668
0 0.4546135831381733 0.6008125 0.026580796252927398 0.12716666666666668
0 0.33188524590163937 0.5870625 0.03892271662763466 0.12702083333333333