0 0.5586885245901639 0.5988333333333333 0.04585480093676814 0.09060416666666667
0 0.32340749414519904 0.14681249999999998 0.03234192037470726 0.121375
0 0.3935948477751756 0.47875 0.04663934426229508 0.10504166666666667
0 0.6800234192037471 0.6649375000000001 0.04449648711943794 0.14229166666666665
0 0.469847775175644 0.4200416666666667 0.044355971896955504 0.103375
0 0.616896955503513 0.6619166666666667 0.0418384074941452 0.126125
0 0.5171077283372365 0.5298333333333333 0.04594847775175644 0.08325
0 0.22497658079625293 0.16689583333333333 0.05031615925058548 0.12847916666666667
0 0.7750819672131147 0.7107500000000001 0.03631147540983607 0.15372916666666667
0 0.5711826697892272 0.34718750000000004 0.03288056206088993 0.14377083333333335
0 0.6754332552693209 0.5481874999999999 0.033302107728337235 0.12816666666666668
0 0.5121077283372365 0.7538750000000001 0.03953161592505854 0.11295833333333333
0 0.6601405152224824 0.5019375 0.03234192037470726 0.12493749999999999
0 0.7625644028103045 0.5309583333333333 0.03338407494145199 0.12716666666666668
0 0.4963700234192037 0.6784166666666667 0.04765807962529274 0.11185416666666666
0 0.47350117096018735 0.5451041666666666 0.04120608899297424 0.06216666666666667
0 0.4363466042154567 0.5250416666666667 0.04718969555035128 0.07933333333333333
0 0.48290398126463696 0.5889583333333334 0.03947306791569087 0.06735416666666666
0 0.44199063231850116 0.5517916666666667 0.034449648711943795 0.11604166666666667
0 0.4990983606557377 0.6183125 0.042704918032786886 0.05535416666666667
0 0.5374707259953162 0.6737708333333334 0.03351288056206089 0.12445833333333334
0 0.22469555035128805 0.6088749999999999 0.03637002341920374 0.14589583333333334