0 0.68634375 0.6064166666666667 0.031093749999999996 0.10308333333333333
0 0.32959375 0.6493333333333333 0.031703125 0.10583333333333333
0 0.58009375 0.11733333333333335 0.022390625 0.07777777777777778
0 0.755765625 0.2711111111111111 0.028765625 0.09572222222222222
0 0.541125 0.4780277777777778 0.02515625 0.11411111111111111
0 0.547765625 0.36041666666666666 0.026921875 0.10188888888888889
0 0.37021875 0.857361111111111 0.043640625 0.10883333333333334
0 0.43840625 0.4768888888888889 0.03253125 0.07186111111111111
0 0.43821875 0.32819444444444446 0.028578125 0.08502777777777777
0 0.440734375 0.40402777777777776 0.028984375 0.07269444444444445
0 0.453890625 0.6425555555555555 0.032140625 0.11061111111111112
0 0.389171875 0.11341666666666667 0.032734374999999996 0.0816111111111111
0 0.577046875 0.8771666666666665 0.028984375 0.1071388888888889
0 0.395203125 0.3715833333333334 0.033218750000000005 0.05025
0 0.37459375 0.3013611111111111 0.033703125 0.04427777777777778
0 0.373921875 0.43724999999999997 0.034046875 0.06238888888888889
0 0.3746875 0.3463333333333333 0.034640625 0.062
0 0.43323437499999995 0.2728611111111111 0.032 0.06058333333333333
0 0.377578125 0.4109166666666667 0.03634375 0.04413888888888889
0 0.34973437500000004 0.49141666666666667 0.022515625 0.11438888888888889
0 0.340671875 0.34488888888888886 0.017734375 0.08555555555555555
0 0.356484375 0.3665555555555556 0.021453125 0.09175