0 0.5061709601873536 0.4733541666666667 0.044180327868852454 0.06210416666666666
0 0.5652927400468384 0.6468958333333333 0.04277517564402811 0.07400000000000001
0 0.6224473067915691 0.8598333333333333 0.02981264637002342 0.1044375
0 0.4176580796252927 0.15202083333333333 0.023149882903981265 0.08675000000000001
0 0.6150702576112412 0.5685416666666666 0.04225995316159251 0.07435416666666667
0 0.6861358313817331 0.8414583333333333 0.04331381733021077 0.1189375
0 0.5230093676814987 0.25775 0.038161592505854804 0.079625
0 0.5452459016393443 0.5794791666666667 0.041686182669789226 0.06485416666666667
0 0.5340515222482436 0.33941666666666664 0.040433255269320845 0.08189583333333333
0 0.5700936768149883 0.441625 0.028430913348946138 0.05835416666666667
0 0.49175644028103044 0.13089583333333332 0.035081967213114754 0.09391666666666666
0 0.4801990632318501 0.353375 0.022892271662763468 0.09341666666666668
0 0.5608548009367682 0.5015833333333333 0.03524590163934426 0.07166666666666667
0 0.21101873536299767 0.5316458333333334 0.027552693208430915 0.11129166666666666
0 0.49235362997658083 0.40685416666666663 0.03358313817330211 0.08583333333333334
0 0.4786885245901639 0.5318541666666666 0.025374707259953163 0.080375
0 0.3773887587822014 0.2640416666666667 0.021405152224824357 0.09754166666666667
0 0.5938524590163934 0.5259166666666667 0.030655737704918033 0.06116666666666667
0 0.5631967213114755 0.4015416666666667 0.02907494145199063 0.06875
1 0.8703629976580796 0.19497916666666668 0.02775175644028103 0.10629166666666667
0 0.48403981264637 0.38695833333333335 0.03305620608899298 0.0660625
0 0.6810655737704918 0.4540625 0.022377049180327867 0.11179166666666666
0 0.6310187353629977 0.471375 0.0347423887587822 0.06179166666666667