0 0.7372365339578455 0.5808541666666667 0.035655737704918034 0.139375
0 0.5107728337236533 0.6968125000000001 0.05847775175644028 0.08202083333333333
0 0.6071896955503513 0.6070833333333333 0.0423536299765808 0.11339583333333333
0 0.5919906323185011 0.69875 0.056451990632318504 0.14545833333333333
0 0.45865339578454334 0.7076458333333334 0.030409836065573768 0.1345208333333333
0 0.5050117096018735 0.5873541666666667 0.03618266978922716 0.11160416666666667
0 0.4089695550351288 0.4856875 0.02747072599531616 0.13410416666666666
0 0.6084777517564403 0.27114583333333336 0.039672131147540986 0.11704166666666667
0 0.6068852459016393 0.44225 0.045210772833723656 0.08537499999999999
0 0.44348946135831385 0.62425 0.02813817330210773 0.14045833333333332
0 0.44002341920374705 0.3266041666666667 0.028290398126463702 0.1198125
0 0.5730210772833724 0.531 0.05408665105386416 0.09447916666666667
0 0.7713348946135832 0.50075 0.032704918032786884 0.15835416666666668
0 0.4346370023419204 0.25195833333333334 0.025140515222482434 0.08735416666666666
0 0.5970608899297424 0.4748958333333333 0.03676814988290398 0.09064583333333333
0 0.5669789227166276 0.28910416666666666 0.04039812646370024 0.1160625
0 0.6072833723653396 0.33160416666666664 0.03687353629976581 0.11860416666666666
0 0.5961241217798594 0.5411458333333333 0.039098360655737706 0.0761875
0 0.5159718969555035 0.2940833333333333 0.0347423887587822 0.12047916666666666
0 0.5190046838407494 0.38227083333333334 0.04971896955503513 0.06404166666666666
0 0.5018384074941452 0.4704375 0.03731850117096019 0.1385
0 0.257576112412178 0.45383333333333337 0.024449648711943793 0.1316875