0 0.48895784543325527 0.4155 0.02878220140515222 0.08895833333333333
0 0.536744730679157 0.36335416666666664 0.043981264637002346 0.06620833333333334
0 0.5508899297423887 0.451625 0.040796252927400474 0.0680625
0 0.7001288056206089 0.44075000000000003 0.03395784543325527 0.099625
0 0.49806791569086656 0.2765833333333333 0.02529274004683841 0.08810416666666666
0 0.5530327868852459 0.6648125 0.02983606557377049 0.09245833333333334
0 0.6079625292740047 0.4298541666666667 0.033114754098360656 0.06129166666666667
0 0.6812060889929742 0.6665833333333333 0.04394613583138173 0.09016666666666667
0 0.44717798594847774 0.7589791666666666 0.029730679156908666 0.10064583333333334
0 0.5723302107728337 0.27260416666666665 0.0402576112412178 0.087375
0 0.49744730679156907 0.5900833333333334 0.028430913348946138 0.10089583333333334
0 0.4957845433255269 0.4952916666666667 0.03113583138173302 0.08933333333333333
0 0.5655620608899298 0.5271250000000001 0.04836065573770491 0.06983333333333334
0 0.6402224824355972 0.5886666666666667 0.04332552693208431 0.10108333333333334
0 0.5704332552693209 0.5864375000000001 0.04817330210772834 0.06533333333333333
1 0.5003161592505855 0.03154166666666667 0.028840749414519907 0.06310416666666667
0 0.5952927400468384 0.4674375 0.034683840749414524 0.06752083333333332
0 0.26320843091334895 0.43370833333333336 0.027365339578454332 0.100125
0 0.6399297423887588 0.5265625 0.037014051522248244 0.06345833333333334
0 0.6009016393442622 0.3835 0.03125292740046839 0.054125
0 0.6272950819672132 0.4921041666666667 0.03372365339578454 0.06047916666666667
1 0.9414519906323185 0.23256249999999998 0.021978922716627634 0.077625
0 0.667423887587822 0.5692291666666667 0.03211943793911007 0.08295833333333333
0 0.802423887587822 0.4359375 0.031475409836065574 0.09891666666666667