0 0.668231850117096 0.43777083333333333 0.05115925058548009 0.07883333333333334
0 0.7189110070257612 0.46760416666666665 0.044953161592505855 0.07985416666666666
0 0.7648126463700234 0.5461458333333333 0.04439110070257611 0.09497916666666667
0 0.6703161592505855 0.5273749999999999 0.058805620608899295 0.076125
0 0.6655269320843091 0.3407708333333333 0.04310304449648712 0.0949375
0 0.736135831381733 0.43475 0.037412177985948473 0.07560416666666667
0 0.11304449648711945 0.35460416666666666 0.0267096018735363 0.11641666666666667
0 0.7393559718969555 0.658625 0.048430913348946135 0.12004166666666666
0 0.7219437939110069 0.149125 0.043079625292740044 0.09239583333333333
0 0.8594028103044495 0.4360625 0.03414519906323185 0.1294375
0 0.750327868852459 0.503625 0.038758782201405155 0.08022916666666666
0 0.6167798594847775 0.8079375 0.032576112412177984 0.14391666666666666
0 0.6500936768149882 0.23364583333333336 0.025503512880562063 0.1019375
0 0.32666276346604217 0.6345416666666667 0.03159250585480094 0.135375
0 0.7137236533957845 0.22837500000000002 0.03800936768149883 0.10258333333333333
0 0.7458196721311475 0.38477083333333334 0.037037470725995315 0.07120833333333333
0 0.574871194379391 0.41752083333333334 0.03197892271662763 0.11441666666666667
0 0.8220960187353631 0.8497916666666666 0.032833723653395784 0.15895833333333334
0 0.8597189695550351 0.390125 0.03618266978922716 0.11375
0 0.4763817330210773 0.1438125 0.02947306791569087 0.10827083333333333
0 0.6862529274004683 0.561875 0.03292740046838408 0.1070625
0 0.672423887587822 0.6528125 0.025702576112412178 0.13604166666666667