4 0.4807692307692308 0.18870192307692307 0.03125 0.1045673076923077
4 0.11298076923076923 0.4338942307692308 0.05048076923076923 0.08413461538461539
3 0.05048076923076923 0.43509615384615385 0.03485576923076923 0.14423076923076922
0 0.22235576923076922 0.4891826923076923 0.03485576923076923 0.0829326923076923
2 0.4110576923076923 0.49278846153846156 0.038461538461538464 0.10576923076923077
2 0.35697115384615385 0.5252403846153846 0.040865384615384616 0.040865384615384616
2 0.24158653846153846 0.5228365384615384 0.040865384615384616 0.04567307692307692
4 0.7560096153846154 0.109375 0.04567307692307692 0.10697115384615384
0 0.6814903846153846 0.21995192307692307 0.026442307692307692 0.055288461538461536
3 0.7079326923076923 0.22235576923076922 0.037259615384615384 0.10697115384615384
4 0.9110576923076923 0.2536057692307692 0.03125 0.10697115384615384
4 0.7127403846153846 0.3545673076923077 0.03485576923076923 0.10336538461538461
4 0.6826923076923077 0.41586538461538464 0.028846153846153848 0.10576923076923077
1 0.5853365384615384 0.703125 0.01201923076923077 0.046875
4 0.6502403846153846 0.7091346153846154 0.016826923076923076 0.051682692307692304
1 0.4170673076923077 0.7752403846153846 0.018028846153846152 0.054086538461538464
2 0.5841346153846154 0.7776442307692307 0.015625 0.04927884615384615
2 0.5168269230769231 0.8365384615384616 0.014423076923076924 0.051682692307692304
0 0.6141826923076923 0.8725961538461539 0.015625 0.046875
2 0.5372596153846154 0.8954326923076923 0.016826923076923076 0.056490384615384616
1 0.3858173076923077 0.9375 0.015625 0.04447115384615385
2 0.5036057692307693 0.9711538461538461 0.016826923076923076 0.052884615384615384
4 0.6141826923076923 0.9723557692307693 0.026442307692307692 0.05048076923076923
3 0.7944711538461539 0.5661057692307693 0.026442307692307692 0.036057692307692304
0 0.9290865384615384 0.5733173076923077 0.028846153846153848 0.037259615384615384
2 0.984375 0.765625 0.027644230769230768 0.07932692307692307
4 0.7512019230769231 0.8870192307692307 0.015625 0.07692307692307693
4 0.8004807692307693 0.9038461538461539 0.02283653846153846 0.08173076923076923
1 0.8701923076923077 0.9290865384615384 0.019230769230769232 0.078125