2 0.04447115384615385 0.06850961538461539 0.037259615384615384 0.11658653846153846
2 0.018028846153846152 0.19591346153846154 0.036057692307692304 0.10336538461538461
1 0.09014423076923077 0.42908653846153844 0.03365384615384615 0.11057692307692307
1 0.8461538461538461 0.013221153846153846 0.02403846153846154 0.026442307692307692
4 0.5456730769230769 0.04807692307692308 0.027644230769230768 0.038461538461538464
2 0.6694711538461539 0.10576923076923077 0.025240384615384616 0.07091346153846154
3 0.40625 0.1201923076923077 0.019230769230769232 0.09254807692307693
0 0.5216346153846154 0.14903846153846154 0.027644230769230768 0.06009615384615385
2 0.6033653846153846 0.33052884615384615 0.020432692307692308 0.0829326923076923
4 0.4639423076923077 0.33653846153846156 0.03125 0.07932692307692307
1 0.9026442307692307 0.35096153846153844 0.030048076923076924 0.08774038461538461
4 0.3942307692307692 0.5144230769230769 0.03125 0.09134615384615384
1 0.6322115384615384 0.5168269230769231 0.03125 0.08653846153846154
4 0.28125 0.6394230769230769 0.04326923076923077 0.0625
2 0.328125 0.7836538461538461 0.036057692307692304 0.09134615384615384
3 0.07091346153846154 0.8786057692307693 0.039663461538461536 0.13581730769230768
0 0.23076923076923078 0.9050480769230769 0.027644230769230768 0.0625
4 0.021634615384615384 0.9495192307692307 0.03365384615384615 0.09615384615384616
4 0.171875 0.9831730769230769 0.036057692307692304 0.028846153846153848
1 0.7764423076923077 0.6346153846153846 0.02403846153846154 0.052884615384615384
1 0.8088942307692307 0.9290865384615384 0.018028846153846152 0.0829326923076923
4 0.5745192307692307 0.9423076923076923 0.027644230769230768 0.04326923076923077
4 0.4362980769230769 0.9735576923076923 0.026442307692307692 0.038461538461538464
2 0.7055288461538461 0.9771634615384616 0.026442307692307692 0.040865384615384616
4 0.7019230769230769 0.6177884615384616 0.019230769230769232 0.019230769230769232