4 0.19831730769230768 0.2956730769230769 0.021634615384615384 0.078125
3 0.22596153846153846 0.33052884615384615 0.021634615384615384 0.09254807692307693
0 0.3449519230769231 0.3401442307692308 0.02403846153846154 0.06850961538461539
4 0.3449519230769231 0.45913461538461536 0.03125 0.03365384615384615
4 0.30649038461538464 0.030048076923076924 0.040865384615384616 0.06009615384615385
1 0.36658653846153844 0.030048076923076924 0.026442307692307692 0.06009615384615385
4 0.5588942307692307 0.009615384615384616 0.021634615384615384 0.019230769230769232
2 0.6502403846153846 0.04326923076923077 0.036057692307692304 0.08653846153846154
2 0.7079326923076923 0.09495192307692307 0.03485576923076923 0.12259615384615384
0 0.5168269230769231 0.14302884615384615 0.030048076923076924 0.06009615384615385
3 0.47475961538461536 0.15865384615384615 0.03485576923076923 0.15865384615384615
2 0.6550480769230769 0.2608173076923077 0.030048076923076924 0.15865384615384615
1 0.8341346153846154 0.4182692307692308 0.03365384615384615 0.11538461538461539
4 0.7235576923076923 0.45913461538461536 0.04326923076923077 0.03365384615384615
1 0.025240384615384616 0.49759615384615385 0.03125 0.038461538461538464
1 0.16105769230769232 0.5552884615384616 0.020432692307692308 0.12379807692307693
2 0.2247596153846154 0.8221153846153846 0.036057692307692304 0.0829326923076923
1 0.26802884615384615 0.9290865384615384 0.03365384615384615 0.1346153846153846
2 0.1201923076923077 0.9639423076923077 0.04326923076923077 0.0673076923076923
2 0.9723557692307693 0.49158653846153844 0.016826923076923076 0.026442307692307692
1 0.7644230769230769 0.5 0.02403846153846154 0.04326923076923077
2 0.9038461538461539 0.5120192307692307 0.01201923076923077 0.06009615384615385
2 0.90625 0.5889423076923077 0.019230769230769232 0.0889423076923077
1 0.7151442307692307 0.6514423076923077 0.016826923076923076 0.0829326923076923
2 0.9807692307692307 0.6766826923076923 0.019230769230769232 0.078125
1 0.84375 0.8329326923076923 0.02283653846153846 0.1045673076923077