1 0.24759615384615385 0.14423076923076922 0.02403846153846154 0.08413461538461539
2 0.010817307692307692 0.22716346153846154 0.021634615384615384 0.09375
2 0.03125 0.3641826923076923 0.025240384615384616 0.0889423076923077
4 0.6177884615384616 0.057692307692307696 0.02283653846153846 0.06490384615384616
1 0.5144230769230769 0.05889423076923077 0.019230769230769232 0.07211538461538461
4 0.6021634615384616 0.20793269230769232 0.03245192307692308 0.040865384615384616
3 0.7175480769230769 0.3016826923076923 0.014423076923076924 0.07211538461538461
0 0.5961538461538461 0.32091346153846156 0.026442307692307692 0.055288461538461536
4 0.7379807692307693 0.36658653846153844 0.02403846153846154 0.078125
1 0.008413461538461538 0.59375 0.016826923076923076 0.07211538461538461
1 0.30649038461538464 0.8004807692307693 0.02403846153846154 0.09134615384615384
2 0.025240384615384616 0.8016826923076923 0.02403846153846154 0.06850961538461539
1 0.1935096153846154 0.9879807692307693 0.026442307692307692 0.019230769230769232
1 0.9194711538461539 0.4723557692307692 0.026442307692307692 0.10817307692307693
2 0.5180288461538461 0.5048076923076923 0.036057692307692304 0.09134615384615384
2 0.6129807692307693 0.6081730769230769 0.03245192307692308 0.12139423076923077
2 0.5985576923076923 0.7019230769230769 0.028846153846153848 0.15745192307692307
1 0.6706730769230769 0.9146634615384616 0.025240384615384616 0.14543269230769232