1 0.0889423076923077 0.009615384615384616 0.02403846153846154 0.019230769230769232
4 0.32572115384615385 0.07211538461538461 0.025240384615384616 0.08052884615384616
1 0.16706730769230768 0.09735576923076923 0.020432692307692308 0.0829326923076923
4 0.3557692307692308 0.21875 0.028846153846153848 0.08052884615384616
2 0.21634615384615385 0.2824519230769231 0.018028846153846152 0.09615384615384616
0 0.33653846153846156 0.3918269230769231 0.028846153846153848 0.0625
2 0.15384615384615385 0.4495192307692308 0.021634615384615384 0.11538461538461539
1 0.2980769230769231 0.5324519230769231 0.027644230769230768 0.11177884615384616
4 0.3641826923076923 0.5372596153846154 0.038461538461538464 0.08774038461538461
4 0.7644230769230769 0.1466346153846154 0.030048076923076924 0.07692307692307693
1 0.6274038461538461 0.1935096153846154 0.02403846153846154 0.06971153846153846
4 0.8161057692307693 0.21514423076923078 0.030048076923076924 0.07932692307692307
2 0.7079326923076923 0.234375 0.027644230769230768 0.07091346153846154
1 0.5120192307692307 0.26802884615384615 0.025240384615384616 0.08052884615384616
2 0.8221153846153846 0.3449519230769231 0.027644230769230768 0.10817307692307693
0 0.9591346153846154 0.3449519230769231 0.028846153846153848 0.06490384615384616
1 0.6814903846153846 0.390625 0.030048076923076924 0.09254807692307693
2 0.9158653846153846 0.41586538461538464 0.021634615384615384 0.0889423076923077
1 0.8028846153846154 0.5180288461538461 0.03245192307692308 0.09014423076923077
1 0.18269230769230768 0.6502403846153846 0.018028846153846152 0.09975961538461539
4 0.11538461538461539 0.9747596153846154 0.028846153846153848 0.04567307692307692
1 0.20552884615384615 0.9723557692307693 0.026442307692307692 0.05048076923076923
3 0.8617788461538461 0.6153846153846154 0.03125 0.052884615384615384
1 0.49759615384615385 0.6754807692307693 0.021634615384615384 0.10817307692307693
4 0.6069711538461539 0.7379807692307693 0.014423076923076924 0.1045673076923077
4 0.625 0.7668269230769231 0.018028846153846152 0.11899038461538461