3 0.026442307692307692 0.03245192307692308 0.02403846153846154 0.06490384615384616
0 0.15865384615384615 0.03125 0.03365384615384615 0.0625
2 0.3004807692307692 0.078125 0.027644230769230768 0.09975961538461539
4 0.09975961538461539 0.13221153846153846 0.02283653846153846 0.08653846153846154
4 0.13701923076923078 0.1778846153846154 0.03125 0.09495192307692307
2 0.3088942307692308 0.203125 0.03485576923076923 0.09735576923076923
4 0.09735576923076923 0.28966346153846156 0.036057692307692304 0.09375
1 0.203125 0.30408653846153844 0.03125 0.09254807692307693
2 0.9122596153846154 0.41346153846153844 0.026442307692307692 0.09615384615384616
0 0.78125 0.4326923076923077 0.03365384615384615 0.0625
3 0.6454326923076923 0.4411057692307692 0.020432692307692308 0.09014423076923077
2 0.9411057692307693 0.4723557692307692 0.021634615384615384 0.09375
4 0.6598557692307693 0.5012019230769231 0.026442307692307692 0.05048076923076923
1 0.7572115384615384 0.03485576923076923 0.03365384615384615 0.06971153846153846
4 0.6947115384615384 0.03485576923076923 0.03365384615384615 0.06971153846153846
4 0.49158653846153844 0.6814903846153846 0.019230769230769232 0.06129807692307692
1 0.43149038461538464 0.6899038461538461 0.019230769230769232 0.055288461538461536
1 0.23317307692307693 0.7427884615384616 0.016826923076923076 0.0829326923076923
2 0.3701923076923077 0.8088942307692307 0.019230769230769232 0.0673076923076923
3 0.5769230769230769 0.8389423076923077 0.015625 0.0829326923076923
0 0.47115384615384615 0.8569711538461539 0.02283653846153846 0.046875
2 0.36658653846153844 0.9230769230769231 0.019230769230769232 0.07451923076923077
1 0.17548076923076922 0.9543269230769231 0.019230769230769232 0.08653846153846154
4 0.5348557692307693 0.9591346153846154 0.016826923076923076 0.07692307692307693
4 0.6286057692307693 0.5733173076923077 0.03125 0.0889423076923077
3 0.7175480769230769 0.5817307692307693 0.026442307692307692 0.10576923076923077
0 0.8822115384615384 0.6586538461538461 0.046875 0.09735576923076923
4 0.7127403846153846 0.6730769230769231 0.04326923076923077 0.06490384615384616
4 0.7800480769230769 0.75 0.04326923076923077 0.056490384615384616
4 0.7163461538461539 0.7632211538461539 0.03365384615384615 0.1045673076923077
2 0.8100961538461539 0.8269230769230769 0.03485576923076923 0.16947115384615385
1 0.9591346153846154 0.9350961538461539 0.038461538461538464 0.125