2 0.2608173076923077 0.04447115384615385 0.036057692307692304 0.0889423076923077
2 0.23557692307692307 0.15384615384615385 0.036057692307692304 0.14182692307692307
1 0.14903846153846154 0.2608173076923077 0.027644230769230768 0.12379807692307693
2 0.35336538461538464 0.2920673076923077 0.04326923076923077 0.1310096153846154
1 0.17548076923076922 0.39663461538461536 0.038461538461538464 0.08173076923076923
4 0.6105769230769231 0.02403846153846154 0.03365384615384615 0.04807692307692308
1 0.8317307692307693 0.036057692307692304 0.028846153846153848 0.07211538461538461
4 0.5829326923076923 0.0829326923076923 0.025240384615384616 0.08413461538461539
2 0.7572115384615384 0.20673076923076922 0.02283653846153846 0.09254807692307693
3 0.42908653846153844 0.28125 0.020432692307692308 0.09495192307692307
2 0.7139423076923077 0.2932692307692308 0.021634615384615384 0.09134615384615384
0 0.5564903846153846 0.3173076923076923 0.03125 0.05889423076923077
1 0.8846153846153846 0.40024038461538464 0.019230769230769232 0.07451923076923077
4 0.5036057692307693 0.4206730769230769 0.026442307692307692 0.03365384615384615
4 0.40024038461538464 0.49038461538461536 0.03485576923076923 0.09014423076923077
4 0.31850961538461536 0.6069711538461539 0.042067307692307696 0.042067307692307696
4 0.2127403846153846 0.6201923076923077 0.027644230769230768 0.06009615384615385
3 0.21153846153846154 0.6995192307692307 0.025240384615384616 0.09735576923076923
0 0.3389423076923077 0.7427884615384616 0.03365384615384615 0.0733173076923077
4 0.23076923076923078 0.9855769230769231 0.03365384615384615 0.02403846153846154
1 0.7548076923076923 0.6899038461538461 0.026442307692307692 0.08173076923076923
2 0.9735576923076923 0.7079326923076923 0.02403846153846154 0.08173076923076923
2 0.9002403846153846 0.8425480769230769 0.027644230769230768 0.08052884615384616
1 0.5973557692307693 0.9182692307692307 0.021634615384615384 0.11057692307692307
2 0.9411057692307693 0.9735576923076923 0.026442307692307692 0.04807692307692308