1 0.09254807692307693 0.22115384615384615 0.018028846153846152 0.0829326923076923
4 0.2764423076923077 0.25961538461538464 0.018028846153846152 0.09495192307692307
4 0.24759615384615385 0.3125 0.03485576923076923 0.030048076923076924
2 0.09495192307692307 0.3425480769230769 0.02403846153846154 0.06971153846153846
0 0.21634615384615385 0.38822115384615385 0.03125 0.051682692307692304
3 0.24759615384615385 0.3918269230769231 0.028846153846153848 0.0625
4 0.39663461538461536 0.3954326923076923 0.02283653846153846 0.07692307692307693
2 0.07091346153846154 0.4074519230769231 0.025240384615384616 0.07451923076923077
1 0.07211538461538461 0.5060096153846154 0.028846153846153848 0.040865384615384616
4 0.7403846153846154 0.09254807692307693 0.027644230769230768 0.08653846153846154
1 0.4855769230769231 0.12740384615384615 0.03245192307692308 0.08653846153846154
2 0.6694711538461539 0.35336538461538464 0.019230769230769232 0.09975961538461539
3 0.8870192307692307 0.39302884615384615 0.026442307692307692 0.055288461538461536
0 0.8629807692307693 0.4170673076923077 0.03485576923076923 0.05889423076923077
2 0.7043269230769231 0.4675480769230769 0.025240384615384616 0.10817307692307693
4 0.921875 0.5144230769230769 0.036057692307692304 0.02403846153846154
2 0.7355769230769231 0.5108173076923077 0.028846153846153848 0.03125
1 0.3245192307692308 0.6045673076923077 0.018028846153846152 0.08653846153846154
1 0.3545673076923077 0.8100961538461539 0.027644230769230768 0.07451923076923077
4 0.5168269230769231 0.5949519230769231 0.019230769230769232 0.08653846153846154
4 0.578125 0.6274038461538461 0.027644230769230768 0.078125
1 0.921875 0.6610576923076923 0.020432692307692308 0.09495192307692307
2 0.7259615384615384 0.703125 0.030048076923076924 0.08533653846153846
2 0.7944711538461539 0.8076923076923077 0.027644230769230768 0.09495192307692307
3 0.484375 0.8942307692307693 0.013221153846153846 0.09975961538461539
0 0.6394230769230769 0.8978365384615384 0.03245192307692308 0.054086538461538464
2 0.8125 0.90625 0.019230769230769232 0.11177884615384616
4 0.5132211538461539 0.9663461538461539 0.026442307692307692 0.0625
4 0.6370192307692307 0.9831730769230769 0.04326923076923077 0.028846153846153848
2 0.7043269230769231 0.9795673076923077 0.03365384615384615 0.036057692307692304
1 0.6694711538461539 0.5697115384615384 0.021634615384615384 0.08173076923076923