3 0.12620192307692307 0.052884615384615384 0.026442307692307692 0.10576923076923077
2 0.4963942307692308 0.0625 0.03245192307692308 0.1045673076923077
4 0.09134615384615384 0.078125 0.03125 0.11538461538461539
0 0.27884615384615385 0.08774038461538461 0.028846153846153848 0.0673076923076923
2 0.4639423076923077 0.12980769230769232 0.040865384615384616 0.1045673076923077
1 0.35697115384615385 0.3004807692307692 0.028846153846153848 0.12740384615384615
1 0.7319711538461539 0.35336538461538464 0.007211538461538462 0.1346153846153846
4 0.08052884615384616 0.38221153846153844 0.046875 0.14903846153846154
1 0.3016826923076923 0.46274038461538464 0.04326923076923077 0.12620192307692307
2 0.9338942307692307 0.027644230769230768 0.03125 0.055288461538461536
2 0.90625 0.1045673076923077 0.03125 0.0889423076923077
1 0.8185096153846154 0.24759615384615385 0.027644230769230768 0.09495192307692307
4 0.9867788461538461 0.2668269230769231 0.02403846153846154 0.09495192307692307
1 0.7716346153846154 0.49399038461538464 0.028846153846153848 0.08413461538461539
4 0.8762019230769231 0.5024038461538461 0.036057692307692304 0.0673076923076923
2 0.5504807692307693 0.5516826923076923 0.038461538461538464 0.026442307692307692
3 0.3173076923076923 0.546875 0.038461538461538464 0.016826923076923076
0 0.27524038461538464 0.5516826923076923 0.036057692307692304 0.026442307692307692
2 0.11538461538461539 0.5709134615384616 0.028846153846153848 0.06490384615384616
2 0.23677884615384615 0.6959134615384616 0.036057692307692304 0.125
4 0.359375 0.9795673076923077 0.06009615384615385 0.036057692307692304
1 0.27403846153846156 0.984375 0.04326923076923077 0.026442307692307692
2 0.7788461538461539 0.65625 0.021634615384615384 0.0625
1 0.9867788461538461 0.7019230769230769 0.016826923076923076 0.08774038461538461
2 0.7728365384615384 0.7223557692307693 0.02283653846153846 0.07451923076923077
1 0.7415865384615384 0.9266826923076923 0.007211538461538462 0.09375