1 0.14302884615384615 0.014423076923076924 0.026442307692307692 0.028846153846153848
2 0.390625 0.16826923076923078 0.03125 0.11057692307692307
1 0.16947115384615385 0.2283653846153846 0.02403846153846154 0.1502403846153846
1 0.21875 0.4182692307692308 0.03485576923076923 0.15384615384615385
3 0.6850961538461539 0.03245192307692308 0.03365384615384615 0.06490384615384616
0 0.4879807692307692 0.039663461538461536 0.04807692307692308 0.07932692307692307
2 0.4735576923076923 0.18870192307692307 0.03245192307692308 0.14302884615384615
4 0.6129807692307693 0.3605769230769231 0.06370192307692307 0.1622596153846154
4 0.7067307692307693 0.46875 0.0625 0.11538461538461539
1 0.5348557692307693 0.484375 0.05048076923076923 0.08413461538461539
1 0.14903846153846154 0.5769230769230769 0.028846153846153848 0.09615384615384616
2 0.328125 0.5997596153846154 0.020432692307692308 0.09735576923076923
1 0.13581730769230768 0.7596153846153846 0.025240384615384616 0.10576923076923077
1 0.37740384615384615 0.9723557692307693 0.028846153846153848 0.05048076923076923
1 0.703125 0.5528846153846154 0.021634615384615384 0.04807692307692308
4 0.9026442307692307 0.6153846153846154 0.014423076923076924 0.09375
1 0.7163461538461539 0.6237980769230769 0.02403846153846154 0.07932692307692307
2 0.8112980769230769 0.6790865384615384 0.025240384615384616 0.051682692307692304
4 0.8653846153846154 0.6935096153846154 0.030048076923076924 0.039663461538461536
2 0.7127403846153846 0.7391826923076923 0.02283653846153846 0.0733173076923077
4 0.96875 0.7548076923076923 0.02403846153846154 0.06850961538461539
0 0.8197115384615384 0.7680288461538461 0.025240384615384616 0.038461538461538464
3 0.9387019230769231 0.7752403846153846 0.021634615384615384 0.08052884615384616
2 0.6694711538461539 0.8076923076923077 0.021634615384615384 0.08653846153846154
1 0.6237980769230769 0.9507211538461539 0.020432692307692308 0.09254807692307693