4 0.27884615384615385 0.05048076923076923 0.03365384615384615 0.06971153846153846
3 0.11778846153846154 0.2091346153846154 0.021634615384615384 0.11538461538461539
0 0.265625 0.2512019230769231 0.038461538461538464 0.07091346153846154
2 0.35216346153846156 0.2776442307692308 0.025240384615384616 0.1141826923076923
4 0.09975961538461539 0.2956730769230769 0.019230769230769232 0.10817307692307693
4 0.7427884615384616 0.015625 0.028846153846153848 0.03125
1 0.5817307692307693 0.02283653846153846 0.028846153846153848 0.04567307692307692
4 0.7127403846153846 0.054086538461538464 0.030048076923076924 0.03485576923076923
2 0.5685096153846154 0.09014423076923077 0.025240384615384616 0.06971153846153846
4 0.8088942307692307 0.12740384615384615 0.026442307692307692 0.0673076923076923
3 0.7211538461538461 0.15144230769230768 0.028846153846153848 0.056490384615384616
2 0.578125 0.16466346153846154 0.020432692307692308 0.0829326923076923
4 0.890625 0.1658653846153846 0.02283653846153846 0.09375
0 0.6935096153846154 0.1658653846153846 0.027644230769230768 0.0625
2 0.6538461538461539 0.2956730769230769 0.03365384615384615 0.09014423076923077
4 0.4387019230769231 0.5300480769230769 0.016826923076923076 0.13221153846153846
1 0.25961538461538464 0.5661057692307693 0.030048076923076924 0.13581730769230768
4 0.40625 0.5985576923076923 0.04807692307692308 0.12379807692307693
4 0.3629807692307692 0.6334134615384616 0.04927884615384615 0.13942307692307693
1 0.057692307692307696 0.6490384615384616 0.025240384615384616 0.15144230769230768
1 0.021634615384615384 0.7536057692307693 0.04326923076923077 0.15144230769230768
2 0.27163461538461536 0.78125 0.038461538461538464 0.08653846153846154
2 0.14903846153846154 0.7932692307692307 0.027644230769230768 0.15504807692307693
2 0.27403846153846156 0.8725961538461539 0.04326923076923077 0.10576923076923077
0 0.3233173076923077 0.8798076923076923 0.039663461538461536 0.09495192307692307
1 0.24759615384615385 0.9170673076923077 0.026442307692307692 0.09134615384615384
4 0.8497596153846154 0.42788461538461536 0.026442307692307692 0.057692307692307696
2 0.7584134615384616 0.42788461538461536 0.016826923076923076 0.057692307692307696
4 0.8990384615384616 0.42788461538461536 0.037259615384615384 0.042067307692307696
2 0.7091346153846154 0.44711538461538464 0.02403846153846154 0.09014423076923077
0 0.8882211538461539 0.5360576923076923 0.03245192307692308 0.06370192307692307
2 0.8305288461538461 0.5961538461538461 0.026442307692307692 0.08413461538461539
2 0.8786057692307693 0.6237980769230769 0.036057692307692304 0.09975961538461539
4 0.9867788461538461 0.7692307692307693 0.021634615384615384 0.10096153846153846
1 0.9290865384615384 0.7704326923076923 0.030048076923076924 0.10336538461538461