2 0.15985576923076922 0.019230769230769232 0.026442307692307692 0.038461538461538464
4 0.07091346153846154 0.014423076923076924 0.026442307692307692 0.028846153846153848
1 0.42788461538461536 0.030048076923076924 0.028846153846153848 0.06009615384615385
0 0.0889423076923077 0.125 0.03485576923076923 0.05889423076923077
2 0.109375 0.21634615384615385 0.03125 0.10336538461538461
1 0.5108173076923077 0.2536057692307692 0.01201923076923077 0.08413461538461539
4 0.028846153846153848 0.2932692307692308 0.02283653846153846 0.09615384615384616
1 0.08173076923076923 0.3233173076923077 0.027644230769230768 0.08653846153846154
2 0.20673076923076922 0.4795673076923077 0.028846153846153848 0.07451923076923077
1 0.5300480769230769 0.028846153846153848 0.021634615384615384 0.057692307692307696
2 0.5276442307692307 0.08653846153846154 0.016826923076923076 0.057692307692307696
1 0.9639423076923077 0.1658653846153846 0.018028846153846152 0.09975961538461539
1 0.5805288461538461 0.33774038461538464 0.02403846153846154 0.0889423076923077
4 0.5360576923076923 0.4495192307692308 0.030048076923076924 0.0829326923076923
1 0.6165865384615384 0.4579326923076923 0.020432692307692308 0.08653846153846154
1 0.46033653846153844 0.5324519230769231 0.036057692307692304 0.026442307692307692
4 0.2704326923076923 0.5853365384615384 0.03485576923076923 0.05889423076923077
4 0.19951923076923078 0.6033653846153846 0.04326923076923077 0.036057692307692304
2 0.3918269230769231 0.6766826923076923 0.026442307692307692 0.10336538461538461
3 0.19591346153846154 0.6887019230769231 0.03125 0.07091346153846154
0 0.24278846153846154 0.7163461538461539 0.02403846153846154 0.07572115384615384
2 0.42908653846153844 0.7463942307692307 0.036057692307692304 0.11538461538461539
4 0.20793269230769232 0.8341346153846154 0.04927884615384615 0.07572115384615384
4 0.29447115384615385 0.8521634615384616 0.040865384615384616 0.11177884615384616
3 0.7956730769230769 0.5637019230769231 0.019230769230769232 0.0889423076923077
0 0.9278846153846154 0.5997596153846154 0.025240384615384616 0.06370192307692307
2 0.9939903846153846 0.609375 0.007211538461538462 0.0889423076923077
2 0.9627403846153846 0.6466346153846154 0.03245192307692308 0.09735576923076923
4 0.7427884615384616 0.7620192307692307 0.021634615384615384 0.09495192307692307
1 0.9362980769230769 0.7620192307692307 0.020432692307692308 0.10576923076923077
4 0.7235576923076923 0.8401442307692307 0.030048076923076924 0.11057692307692307
4 0.6490384615384616 0.984375 0.04326923076923077 0.026442307692307692