4 0.47475961538461536 0.015625 0.03125 0.03125
2 0.25240384615384615 0.07211538461538461 0.025240384615384616 0.08413461538461539
2 0.2644230769230769 0.21394230769230768 0.019230769230769232 0.07451923076923077
0 0.47596153846153844 0.25961538461538464 0.030048076923076924 0.05889423076923077
2 0.33413461538461536 0.3329326923076923 0.019230769230769232 0.09495192307692307
4 0.5841346153846154 0.33533653846153844 0.025240384615384616 0.07932692307692307
2 0.46153846153846156 0.36177884615384615 0.019230769230769232 0.08413461538461539
1 0.20072115384615385 0.4182692307692308 0.02403846153846154 0.10216346153846154
4 0.5516826923076923 0.4855769230769231 0.03125 0.08173076923076923
1 0.48197115384615385 0.5024038461538461 0.02403846153846154 0.078125
2 0.8918269230769231 0.10216346153846154 0.03365384615384615 0.09375
2 0.8401442307692307 0.13822115384615385 0.04567307692307692 0.0829326923076923
4 0.6105769230769231 0.14302884615384615 0.02403846153846154 0.09375
0 0.7788461538461539 0.1658653846153846 0.03245192307692308 0.054086538461538464
3 0.6478365384615384 0.1814903846153846 0.02403846153846154 0.11057692307692307
1 0.9747596153846154 0.30649038461538464 0.028846153846153848 0.12259615384615384
4 0.8425480769230769 0.33052884615384615 0.046875 0.09975961538461539
4 0.8810096153846154 0.4495192307692308 0.03365384615384615 0.1045673076923077
4 0.9507211538461539 0.5637019230769231 0.04567307692307692 0.026442307692307692
4 0.4795673076923077 0.7019230769230769 0.014423076923076924 0.05048076923076923
1 0.3798076923076923 0.7560096153846154 0.013221153846153846 0.037259615384615384
4 0.47716346153846156 0.7884615384615384 0.025240384615384616 0.04326923076923077
1 0.21634615384615385 0.8461538461538461 0.015625 0.039663461538461536
1 0.328125 0.8461538461538461 0.013221153846153846 0.04807692307692308
4 0.47836538461538464 0.8545673076923077 0.020432692307692308 0.054086538461538464
2 0.38100961538461536 0.8954326923076923 0.01201923076923077 0.04567307692307692
3 0.5697115384615384 0.9627403846153846 0.02283653846153846 0.054086538461538464
2 0.3942307692307692 0.96875 0.014423076923076924 0.057692307692307696
0 0.4795673076923077 0.9771634615384616 0.026442307692307692 0.040865384615384616
4 0.8377403846153846 0.6021634615384616 0.040865384615384616 0.04567307692307692
4 0.8545673076923077 0.6502403846153846 0.027644230769230768 0.11538461538461539
2 0.9795673076923077 0.6658653846153846 0.02403846153846154 0.09134615384615384
4 0.765625 0.6875 0.038461538461538464 0.09134615384615384