4 0.25721153846153844 0.015625 0.028846153846153848 0.03125
2 0.2403846153846154 0.06610576923076923 0.03125 0.08173076923076923
4 0.4639423076923077 0.08533653846153846 0.019230769230769232 0.08173076923076923
2 0.1310096153846154 0.1045673076923077 0.02403846153846154 0.056490384615384616
0 0.33774038461538464 0.15865384615384615 0.027644230769230768 0.054086538461538464
2 0.18269230769230768 0.2127403846153846 0.027644230769230768 0.08653846153846154
4 0.6033653846153846 0.03245192307692308 0.02403846153846154 0.054086538461538464
1 0.5516826923076923 0.040865384615384616 0.020432692307692308 0.06610576923076923
2 0.5733173076923077 0.11538461538461539 0.025240384615384616 0.05889423076923077
4 0.75 0.13341346153846154 0.019230769230769232 0.039663461538461536
3 0.7524038461538461 0.18509615384615385 0.020432692307692308 0.08413461538461539
0 0.6526442307692307 0.2127403846153846 0.025240384615384616 0.05048076923076923
2 0.5060096153846154 0.21875 0.02403846153846154 0.08413461538461539
2 0.5348557692307693 0.35096153846153844 0.026442307692307692 0.07211538461538461
4 0.7295673076923077 0.3701923076923077 0.03125 0.03365384615384615
1 0.1201923076923077 0.4110576923076923 0.019230769230769232 0.04326923076923077
2 0.34375 0.42427884615384615 0.02403846153846154 0.06971153846153846
4 0.47115384615384615 0.4387019230769231 0.009615384615384616 0.08413461538461539
2 0.28725961538461536 0.5072115384615384 0.014423076923076924 0.08052884615384616
0 0.4230769230769231 0.5793269230769231 0.037259615384615384 0.05889423076923077
1 0.3137019230769231 0.7512019230769231 0.021634615384615384 0.07451923076923077
4 0.4254807692307692 0.7884615384615384 0.03245192307692308 0.0889423076923077
1 0.12980769230769232 0.8605769230769231 0.021634615384615384 0.0889423076923077
4 0.32211538461538464 0.9399038461538461 0.030048076923076924 0.09735576923076923
2 0.6586538461538461 0.4170673076923077 0.014423076923076924 0.055288461538461536
1 0.8317307692307693 0.4170673076923077 0.014423076923076924 0.055288461538461536
0 0.5552884615384616 0.4387019230769231 0.021634615384615384 0.037259615384615384
2 0.6983173076923077 0.4951923076923077 0.02283653846153846 0.06610576923076923
4 0.5204326923076923 0.5108173076923077 0.025240384615384616 0.0733173076923077
1 0.8834134615384616 0.5649038461538461 0.018028846153846152 0.07091346153846154
4 0.5757211538461539 0.671875 0.021634615384615384 0.06009615384615385
1 0.7608173076923077 0.7427884615384616 0.014423076923076924 0.0625
4 0.6370192307692307 0.765625 0.027644230769230768 0.07451923076923077
1 0.7584134615384616 0.8581730769230769 0.019230769230769232 0.07451923076923077
4 0.6634615384615384 0.875 0.03125 0.05889423076923077