2 0.23197115384615385 0.140625 0.028846153846153848 0.0625
1 0.13701923076923078 0.14903846153846154 0.025240384615384616 0.0985576923076923
4 0.3161057692307692 0.18990384615384615 0.03365384615384615 0.07091346153846154
2 0.125 0.25 0.02403846153846154 0.06850961538461539
3 0.2932692307692308 0.2956730769230769 0.027644230769230768 0.07091346153846154
0 0.25841346153846156 0.3088942307692308 0.027644230769230768 0.05889423076923077
4 0.4879807692307692 0.3125 0.030048076923076924 0.09495192307692307
2 0.109375 0.35096153846153844 0.02403846153846154 0.10697115384615384
2 0.21153846153846154 0.4206730769230769 0.03245192307692308 0.07932692307692307
1 0.7355769230769231 0.19230769230769232 0.025240384615384616 0.11899038461538461
4 0.9771634615384616 0.41346153846153844 0.03485576923076923 0.11899038461538461
1 0.25841346153846156 0.5853365384615384 0.03125 0.05048076923076923
4 0.01201923076923077 0.6141826923076923 0.02403846153846154 0.14182692307692307
2 0.2776442307692308 0.6682692307692307 0.040865384615384616 0.125
2 0.3329326923076923 0.6995192307692307 0.02403846153846154 0.14423076923076922
0 0.14182692307692307 0.7235576923076923 0.040865384615384616 0.07451923076923077
1 0.5048076923076923 0.7524038461538461 0.03245192307692308 0.171875
2 0.36177884615384615 0.765625 0.037259615384615384 0.15264423076923078
4 0.24759615384615385 0.7980769230769231 0.014423076923076924 0.15264423076923078
4 0.20793269230769232 0.8161057692307693 0.020432692307692308 0.171875
1 0.4326923076923077 0.8257211538461539 0.055288461538461536 0.18629807692307693
1 0.09134615384615384 0.5600961538461539 0.03365384615384615 0.04326923076923077
3 0.6730769230769231 0.6574519230769231 0.020432692307692308 0.08653846153846154
4 0.7139423076923077 0.6959134615384616 0.02403846153846154 0.08413461538461539