4 0.02283653846153846 0.12740384615384615 0.03485576923076923 0.0829326923076923
1 0.31490384615384615 0.12740384615384615 0.02283653846153846 0.10697115384615384
1 0.24278846153846154 0.15144230769230768 0.015625 0.0985576923076923
4 0.04326923076923077 0.16466346153846154 0.036057692307692304 0.08774038461538461
2 0.11057692307692307 0.18269230769230768 0.018028846153846152 0.10697115384615384
1 0.4579326923076923 0.21995192307692307 0.019230769230769232 0.10817307692307693
2 0.21514423076923078 0.29447115384615385 0.021634615384615384 0.06490384615384616
1 0.7019230769230769 0.27524038461538464 0.038461538461538464 0.10336538461538461
1 0.07211538461538461 0.4050480769230769 0.02283653846153846 0.11298076923076923
1 0.23317307692307693 0.5588942307692307 0.026442307692307692 0.1201923076923077
4 0.014423076923076924 0.5673076923076923 0.028846153846153848 0.11538461538461539
1 0.28725961538461536 0.6550480769230769 0.03485576923076923 0.1141826923076923
2 0.31009615384615385 0.7644230769230769 0.03365384615384615 0.08173076923076923
4 0.06490384615384616 0.7872596153846154 0.036057692307692304 0.109375
2 0.33413461538461536 0.8341346153846154 0.03125 0.11177884615384616
0 0.171875 0.8701923076923077 0.037259615384615384 0.055288461538461536
3 0.010817307692307692 0.8978365384615384 0.021634615384615384 0.15625
1 0.9759615384615384 0.4387019230769231 0.021634615384615384 0.0829326923076923
1 0.9266826923076923 0.6105769230769231 0.016826923076923076 0.0829326923076923