4 0.1466346153846154 0.02403846153846154 0.028846153846153848 0.04807692307692308
4 0.1658653846153846 0.028846153846153848 0.03365384615384615 0.057692307692307696
1 0.25721153846153844 0.038461538461538464 0.020432692307692308 0.07692307692307693
1 0.40625 0.055288461538461536 0.026442307692307692 0.10096153846153846
2 0.18269230769230768 0.13341346153846154 0.028846153846153848 0.09615384615384616
1 0.6165865384615384 0.2283653846153846 0.026442307692307692 0.12980769230769232
2 0.25 0.25841346153846156 0.027644230769230768 0.09375
0 0.06850961538461539 0.27524038461538464 0.030048076923076924 0.078125
2 0.1935096153846154 0.41225961538461536 0.025240384615384616 0.11538461538461539
1 0.5 0.46875 0.028846153846153848 0.03365384615384615
1 0.7668269230769231 0.11057692307692307 0.015625 0.06850961538461539
1 0.9795673076923077 0.3293269230769231 0.020432692307692308 0.0829326923076923
2 0.7367788461538461 0.3473557692307692 0.02403846153846154 0.06971153846153846
2 0.7103365384615384 0.4375 0.03245192307692308 0.07692307692307693
4 0.13581730769230768 0.5721153846153846 0.030048076923076924 0.07932692307692307
1 0.24879807692307693 0.5757211538461539 0.021634615384615384 0.09495192307692307
4 0.04807692307692308 0.7728365384615384 0.028846153846153848 0.046875
2 0.14543269230769232 0.8088942307692307 0.030048076923076924 0.08052884615384616
4 0.051682692307692304 0.8209134615384616 0.04326923076923077 0.03365384615384615
1 0.2776442307692308 0.8341346153846154 0.016826923076923076 0.11177884615384616
4 0.08653846153846154 0.8557692307692307 0.02403846153846154 0.06971153846153846
1 0.6298076923076923 0.859375 0.015625 0.09975961538461539
2 0.23798076923076922 0.8870192307692307 0.02283653846153846 0.09134615384615384
3 0.039663461538461536 0.9158653846153846 0.021634615384615384 0.08173076923076923
0 0.07211538461538461 0.9483173076923077 0.027644230769230768 0.06971153846153846
2 0.25721153846153844 0.9675480769230769 0.028846153846153848 0.06009615384615385
1 0.8533653846153846 0.6430288461538461 0.02403846153846154 0.08052884615384616
4 0.7439903846153846 0.5024038461538461 0.03125 0.028846153846153848
1 0.8629807692307693 0.5168269230769231 0.03365384615384615 0.057692307692307696
4 0.6923076923076923 0.5841346153846154 0.004807692307692308 0.07692307692307693