2 0.29447115384615385 0.1466346153846154 0.021634615384615384 0.06850961538461539
1 0.020432692307692308 0.15384615384615385 0.02403846153846154 0.0829326923076923
4 0.35216346153846156 0.18028846153846154 0.03125 0.055288461538461536
2 0.16706730769230768 0.20793269230769232 0.02403846153846154 0.0733173076923077
2 0.4519230769230769 0.21634615384615385 0.02403846153846154 0.057692307692307696
0 0.3088942307692308 0.25721153846153844 0.030048076923076924 0.052884615384615384
3 0.44591346153846156 0.265625 0.015625 0.11298076923076923
2 0.14783653846153846 0.27884615384615385 0.020432692307692308 0.1045673076923077
4 0.30528846153846156 0.41346153846153844 0.03125 0.0985576923076923
1 0.12740384615384615 0.43149038461538464 0.015625 0.09615384615384616
4 0.24879807692307693 0.4495192307692308 0.027644230769230768 0.09615384615384616
4 0.27884615384615385 0.4963942307692308 0.028846153846153848 0.0985576923076923
1 0.057692307692307696 0.49759615384615385 0.02403846153846154 0.09615384615384616
1 0.7367788461538461 0.03125 0.021634615384615384 0.0625
1 0.5252403846153846 0.038461538461538464 0.026442307692307692 0.07692307692307693
1 0.7247596153846154 0.31009615384615385 0.02403846153846154 0.10697115384615384
2 0.578125 0.32091346153846156 0.015625 0.08653846153846154
1 0.2800480769230769 0.59375 0.03125 0.09134615384615384
2 0.37740384615384615 0.5877403846153846 0.0625 0.07932692307692307
2 0.27163461538461536 0.7151442307692307 0.028846153846153848 0.1310096153846154
0 0.4639423076923077 0.7596153846153846 0.02403846153846154 0.10096153846153846
2 0.28725961538461536 0.7788461538461539 0.03485576923076923 0.12379807692307693
1 0.9675480769230769 0.7391826923076923 0.026442307692307692 0.07211538461538461
1 0.6730769230769231 0.8245192307692307 0.026442307692307692 0.08173076923076923
2 0.8918269230769231 0.8425480769230769 0.02403846153846154 0.08173076923076923
2 0.8185096153846154 0.9663461538461539 0.03125 0.0625