2 0.3161057692307692 0.02283653846153846 0.03125 0.04567307692307692
2 0.3125 0.10697115384615384 0.03125 0.09495192307692307
4 0.4639423076923077 0.21754807692307693 0.02403846153846154 0.09375
1 0.2439903846153846 0.24759615384615385 0.03125 0.1310096153846154
1 0.3701923076923077 0.2536057692307692 0.027644230769230768 0.11177884615384616
4 0.875 0.007211538461538462 0.03365384615384615 0.014423076923076924
4 0.8966346153846154 0.03485576923076923 0.019230769230769232 0.06971153846153846
4 0.6346153846153846 0.06009615384615385 0.026442307692307692 0.06129807692307692
3 0.8473557692307693 0.07932692307692307 0.025240384615384616 0.054086538461538464
0 0.8725961538461539 0.11177884615384616 0.02403846153846154 0.06850961538461539
2 0.7800480769230769 0.14182692307692307 0.028846153846153848 0.109375
2 0.984375 0.19591346153846154 0.019230769230769232 0.10336538461538461
4 0.7391826923076923 0.38221153846153844 0.037259615384615384 0.1045673076923077
1 0.875 0.4110576923076923 0.028846153846153848 0.11057692307692307
1 0.036057692307692304 0.49158653846153844 0.02403846153846154 0.04567307692307692
1 0.39783653846153844 0.5396634615384616 0.021634615384615384 0.10817307692307693
2 0.24519230769230768 0.5925480769230769 0.026442307692307692 0.12620192307692307
2 0.30408653846153844 0.7139423076923077 0.028846153846153848 0.07572115384615384
0 0.1814903846153846 0.7487980769230769 0.038461538461538464 0.057692307692307696
3 0.010817307692307692 0.7932692307692307 0.021634615384615384 0.125
2 0.32091346153846156 0.8173076923076923 0.036057692307692304 0.1141826923076923
4 0.042067307692307696 0.8641826923076923 0.03485576923076923 0.11538461538461539
1 0.46153846153846156 0.9411057692307693 0.03125 0.11177884615384616
4 0.3870192307692308 0.953125 0.03365384615384615 0.0889423076923077
3 0.5324519230769231 0.4831730769230769 0.026442307692307692 0.028846153846153848
0 0.6598557692307693 0.4855769230769231 0.03125 0.03365384615384615
2 0.8112980769230769 0.5024038461538461 0.021634615384615384 0.0673076923076923
1 0.7427884615384616 0.6490384615384616 0.019230769230769232 0.1045673076923077
4 0.578125 0.6850961538461539 0.025240384615384616 0.10336538461538461
4 0.5697115384615384 0.9266826923076923 0.040865384615384616 0.09975961538461539
1 0.7403846153846154 0.9615384615384616 0.028846153846153848 0.07211538461538461