2 0.11778846153846154 0.040865384615384616 0.038461538461538464 0.08173076923076923
4 0.30649038461538464 0.10336538461538461 0.06971153846153846 0.12980769230769232
1 0.036057692307692304 0.25961538461538464 0.052884615384615384 0.24519230769230768
4 0.19831730769230768 0.2692307692307692 0.040865384615384616 0.22115384615384615
1 0.6129807692307693 0.11778846153846154 0.027644230769230768 0.09134615384615384
4 0.5288461538461539 0.11899038461538461 0.03365384615384615 0.0889423076923077
2 0.5685096153846154 0.35697115384615385 0.036057692307692304 0.09495192307692307
0 0.5096153846153846 0.40865384615384615 0.038461538461538464 0.057692307692307696
4 0.34615384615384615 0.4795673076923077 0.03365384615384615 0.07932692307692307
1 0.28966346153846156 0.4891826923076923 0.03125 0.0985576923076923
4 0.4050480769230769 0.6454326923076923 0.021634615384615384 0.08413461538461539
1 0.328125 0.6490384615384616 0.028846153846153848 0.08413461538461539
2 0.2620192307692308 0.8978365384615384 0.02283653846153846 0.11177884615384616
2 0.28725961538461536 0.9807692307692307 0.03125 0.03365384615384615
1 0.44471153846153844 0.45072115384615385 0.02403846153846154 0.021634615384615384
0 0.8737980769230769 0.5084134615384616 0.030048076923076924 0.04447115384615385
2 0.7235576923076923 0.5300480769230769 0.02403846153846154 0.0829326923076923
2 0.7908653846153846 0.6550480769230769 0.038461538461538464 0.09134615384615384
1 0.7055288461538461 0.6574519230769231 0.016826923076923076 0.09254807692307693
4 0.8449519230769231 0.7139423076923077 0.03125 0.09254807692307693
4 0.8882211538461539 0.7668269230769231 0.025240384615384616 0.11057692307692307
1 0.7223557692307693 0.7872596153846154 0.02403846153846154 0.09495192307692307