4 0.08653846153846154 0.171875 0.028846153846153848 0.06490384615384616
1 0.28725961538461536 0.19230769230769232 0.018028846153846152 0.07451923076923077
1 0.13341346153846154 0.23798076923076922 0.025240384615384616 0.0673076923076923
2 0.12620192307692307 0.2439903846153846 0.027644230769230768 0.06971153846153846
4 0.01201923076923077 0.27163461538461536 0.02403846153846154 0.056490384615384616
0 0.03485576923076923 0.3942307692307692 0.03365384615384615 0.0673076923076923
2 0.1778846153846154 0.47716346153846156 0.020432692307692308 0.09134615384615384
4 0.002403846153846154 0.48677884615384615 0.004807692307692308 0.0889423076923077
1 0.42788461538461536 0.5829326923076923 0.020432692307692308 0.11057692307692307
1 0.9831730769230769 0.11778846153846154 0.019230769230769232 0.0829326923076923
2 0.9699519230769231 0.23317307692307693 0.021634615384615384 0.09134615384615384
1 0.7379807692307693 0.2824519230769231 0.016826923076923076 0.09495192307692307
2 0.9915865384615384 0.33052884615384615 0.01201923076923077 0.10336538461538461
1 0.9459134615384616 0.5396634615384616 0.020432692307692308 0.11177884615384616
1 0.5360576923076923 0.7127403846153846 0.019230769230769232 0.13221153846153846
3 0.07211538461538461 0.7259615384615384 0.027644230769230768 0.14903846153846154
2 0.3894230769230769 0.7475961538461539 0.039663461538461536 0.11057692307692307
0 0.25841346153846156 0.765625 0.04807692307692308 0.09975961538461539
2 0.3629807692307692 0.7680288461538461 0.030048076923076924 0.10336538461538461
4 0.046875 0.78125 0.02283653846153846 0.1141826923076923
1 0.4855769230769231 0.8137019230769231 0.03125 0.13942307692307693
4 0.15144230769230768 0.8401442307692307 0.03485576923076923 0.10216346153846154
2 0.36538461538461536 0.8954326923076923 0.038461538461538464 0.14783653846153846
4 0.09375 0.9639423076923077 0.057692307692307696 0.0673076923076923
1 0.4230769230769231 0.9759615384615384 0.04326923076923077 0.04326923076923077
2 0.96875 0.6959134615384616 0.02403846153846154 0.09735576923076923
1 0.7427884615384616 0.7223557692307693 0.020432692307692308 0.0829326923076923
1 0.8834134615384616 0.9543269230769231 0.026442307692307692 0.08653846153846154