3 0.2692307692307692 0.1201923076923077 0.02283653846153846 0.09254807692307693
2 0.5360576923076923 0.12259615384615384 0.014423076923076924 0.09014423076923077
0 0.3798076923076923 0.15144230769230768 0.028846153846153848 0.05889423076923077
4 0.3317307692307692 0.24639423076923078 0.026442307692307692 0.057692307692307696
2 0.5120192307692307 0.24759615384615385 0.016826923076923076 0.09375
2 0.37740384615384615 0.27403846153846156 0.026442307692307692 0.07932692307692307
4 0.3088942307692308 0.2764423076923077 0.026442307692307692 0.06850961538461539
4 0.2403846153846154 0.375 0.038461538461538464 0.08173076923076923
2 0.6634615384615384 0.04326923076923077 0.02403846153846154 0.08653846153846154
1 0.9074519230769231 0.32091346153846156 0.020432692307692308 0.11177884615384616
4 0.24158653846153846 0.44471153846153844 0.021634615384615384 0.052884615384615384
1 0.4855769230769231 0.4735576923076923 0.027644230769230768 0.08413461538461539
4 0.1814903846153846 0.5096153846153846 0.028846153846153848 0.08173076923076923
2 0.30408653846153844 0.53125 0.028846153846153848 0.0829326923076923
1 0.6081730769230769 0.5889423076923077 0.03125 0.11057692307692307
2 0.3329326923076923 0.6490384615384616 0.03245192307692308 0.1045673076923077
0 0.11538461538461539 0.6742788461538461 0.028846153846153848 0.0673076923076923
2 0.3004807692307692 0.7163461538461539 0.040865384615384616 0.1045673076923077
1 0.1935096153846154 0.8870192307692307 0.028846153846153848 0.12740384615384615
1 0.5829326923076923 0.9350961538461539 0.036057692307692304 0.125
3 0.8617788461538461 0.44350961538461536 0.03125 0.05048076923076923
0 0.9915865384615384 0.453125 0.01201923076923077 0.06009615384615385
4 0.9146634615384616 0.5348557692307693 0.025240384615384616 0.10096153846153846
2 0.9915865384615384 0.5564903846153846 0.01201923076923077 0.09375
4 0.9314903846153846 0.6586538461538461 0.026442307692307692 0.10216346153846154
1 0.9867788461538461 0.6862980769230769 0.021634615384615384 0.09375
4 0.8774038461538461 0.734375 0.039663461538461536 0.09375