0 0.036057692307692304 0.01201923076923077 0.03365384615384615 0.02403846153846154
3 0.17307692307692307 0.037259615384615384 0.03365384615384615 0.07451923076923077
4 0.04927884615384615 0.10336538461538461 0.028846153846153848 0.09134615384615384
1 0.8846153846153846 0.036057692307692304 0.028846153846153848 0.07211538461538461
2 0.8713942307692307 0.11658653846153846 0.025240384615384616 0.06971153846153846
2 0.8810096153846154 0.19110576923076922 0.020432692307692308 0.0829326923076923
0 0.9891826923076923 0.1935096153846154 0.016826923076923076 0.06490384615384616
1 0.4326923076923077 0.23076923076923078 0.02403846153846154 0.1045673076923077
2 0.9567307692307693 0.32211538461538464 0.03365384615384615 0.09014423076923077
1 0.13581730769230768 0.40384615384615385 0.021634615384615384 0.04807692307692308
2 0.32572115384615385 0.4831730769230769 0.021634615384615384 0.07692307692307693
1 0.010817307692307692 0.5805288461538461 0.021634615384615384 0.09375
1 0.32572115384615385 0.6129807692307693 0.021634615384615384 0.10576923076923077
1 0.31009615384615385 0.8425480769230769 0.026442307692307692 0.0985576923076923
4 0.9735576923076923 0.4206730769230769 0.025240384615384616 0.07572115384615384
1 0.7451923076923077 0.4266826923076923 0.015625 0.0733173076923077
2 0.7271634615384616 0.5012019230769231 0.021634615384615384 0.0673076923076923
1 0.65625 0.5528846153846154 0.025240384615384616 0.06971153846153846
4 0.9314903846153846 0.5637019230769231 0.02403846153846154 0.08052884615384616
1 0.6177884615384616 0.5925480769230769 0.015625 0.0829326923076923
4 0.9026442307692307 0.6610576923076923 0.027644230769230768 0.078125
0 0.8569711538461539 0.8497596153846154 0.03125 0.042067307692307696
3 0.9867788461538461 0.8653846153846154 0.016826923076923076 0.09615384615384616
1 0.4074519230769231 0.9026442307692307 0.016826923076923076 0.0829326923076923
4 0.8822115384615384 0.953125 0.020432692307692308 0.0673076923076923