1 0.5853365384615384 0.09134615384615384 0.018028846153846152 0.12379807692307693
2 0.41586538461538464 0.16826923076923078 0.02403846153846154 0.10697115384615384
3 0.17067307692307693 0.1935096153846154 0.03125 0.08774038461538461
0 0.21153846153846154 0.22235576923076922 0.027644230769230768 0.0829326923076923
2 0.40384615384615385 0.3076923076923077 0.020432692307692308 0.13581730769230768
4 0.10576923076923077 0.3605769230769231 0.036057692307692304 0.11177884615384616
2 0.33052884615384615 0.36899038461538464 0.025240384615384616 0.12980769230769232
1 0.6694711538461539 0.3918269230769231 0.01201923076923077 0.12980769230769232
4 0.06129807692307692 0.5 0.042067307692307696 0.13221153846153846
1 0.36177884615384615 0.5300480769230769 0.03125 0.11298076923076923
1 0.6911057692307693 0.0829326923076923 0.026442307692307692 0.12740384615384615
1 0.9807692307692307 0.2403846153846154 0.026442307692307692 0.11538461538461539
2 0.7379807692307693 0.3233173076923077 0.026442307692307692 0.109375
2 0.7355769230769231 0.4543269230769231 0.026442307692307692 0.1466346153846154
1 0.890625 0.5504807692307693 0.040865384615384616 0.07211538461538461
1 0.015625 0.6814903846153846 0.03125 0.10817307692307693
1 0.9651442307692307 0.7403846153846154 0.021634615384615384 0.09134615384615384
4 0.890625 0.7704326923076923 0.027644230769230768 0.09254807692307693