4 0.28846153846153844 0.020432692307692308 0.028846153846153848 0.040865384615384616
1 0.09014423076923077 0.027644230769230768 0.016826923076923076 0.055288461538461536
4 0.3088942307692308 0.09735576923076923 0.03365384615384615 0.08774038461538461
1 0.17668269230769232 0.13341346153846154 0.020432692307692308 0.09134615384615384
1 0.018028846153846152 0.16346153846153846 0.027644230769230768 0.0829326923076923
4 0.3798076923076923 0.23197115384615385 0.026442307692307692 0.0625
4 0.36538461538461536 0.24278846153846154 0.030048076923076924 0.04807692307692308
2 0.24278846153846154 0.26802884615384615 0.02403846153846154 0.0829326923076923
0 0.36538461538461536 0.3557692307692308 0.030048076923076924 0.05889423076923077
2 0.2704326923076923 0.40625 0.02403846153846154 0.08052884615384616
1 0.12860576923076922 0.5012019230769231 0.026442307692307692 0.09735576923076923
4 0.42427884615384615 0.5360576923076923 0.026442307692307692 0.08173076923076923
1 0.34134615384615385 0.5456730769230769 0.028846153846153848 0.0625
1 0.8497596153846154 0.014423076923076924 0.021634615384615384 0.028846153846153848
1 0.5721153846153846 0.04927884615384615 0.019230769230769232 0.0985576923076923
2 0.8990384615384616 0.171875 0.018028846153846152 0.09615384615384616
2 0.8365384615384616 0.3389423076923077 0.021634615384615384 0.11538461538461539
1 0.5600961538461539 0.3858173076923077 0.018028846153846152 0.09254807692307693
1 0.9807692307692307 0.421875 0.027644230769230768 0.11177884615384616
1 0.9819711538461539 0.5552884615384616 0.026442307692307692 0.04326923076923077
1 0.22235576923076922 0.6237980769230769 0.03125 0.0889423076923077
2 0.27403846153846156 0.7319711538461539 0.02403846153846154 0.12860576923076922
2 0.3858173076923077 0.8173076923076923 0.042067307692307696 0.12379807692307693
2 0.29447115384615385 0.8894230769230769 0.025240384615384616 0.13221153846153846
4 0.3870192307692308 0.9447115384615384 0.04807692307692308 0.10576923076923077
1 0.014423076923076924 0.9783653846153846 0.028846153846153848 0.038461538461538464
2 0.7524038461538461 0.6069711538461539 0.028846153846153848 0.055288461538461536
1 0.6141826923076923 0.6322115384615384 0.026442307692307692 0.10576923076923077
4 0.9903846153846154 0.7872596153846154 0.014423076923076924 0.10336538461538461
1 0.9338942307692307 0.7980769230769231 0.037259615384615384 0.12139423076923077