1 0.2692307692307692 0.06971153846153846 0.015625 0.09975961538461539
2 0.3173076923076923 0.21754807692307693 0.016826923076923076 0.11658653846153846
2 0.3004807692307692 0.2776442307692308 0.019230769230769232 0.036057692307692304
1 0.051682692307692304 0.2848557692307692 0.03125 0.021634615384615384
2 0.5625 0.014423076923076924 0.02403846153846154 0.028846153846153848
4 0.9182692307692307 0.025240384615384616 0.03365384615384615 0.05048076923076923
4 0.8701923076923077 0.025240384615384616 0.038461538461538464 0.05048076923076923
4 0.7355769230769231 0.06370192307692307 0.028846153846153848 0.09975961538461539
1 0.5144230769230769 0.09014423076923077 0.018028846153846152 0.11177884615384616
4 0.7560096153846154 0.26322115384615385 0.04567307692307692 0.06490384615384616
1 0.6189903846153846 0.2692307692307692 0.036057692307692304 0.052884615384615384
1 0.12740384615384615 0.328125 0.02403846153846154 0.06009615384615385
4 0.2704326923076923 0.3629807692307692 0.027644230769230768 0.0985576923076923
4 0.3125 0.3641826923076923 0.018028846153846152 0.08413461538461539
2 0.09975961538461539 0.4338942307692308 0.027644230769230768 0.055288461538461536
2 0.036057692307692304 0.5661057692307693 0.03365384615384615 0.06009615384615385
0 0.19831730769230768 0.6141826923076923 0.03125 0.038461538461538464
3 0.34615384615384615 0.6153846153846154 0.019230769230769232 0.11057692307692307
2 0.036057692307692304 0.6502403846153846 0.03245192307692308 0.09495192307692307
2 0.02283653846153846 0.7800480769230769 0.025240384615384616 0.12379807692307693
1 0.040865384615384616 0.953125 0.03365384615384615 0.0889423076923077
4 0.12740384615384615 0.9519230769230769 0.028846153846153848 0.09134615384615384
4 0.203125 0.9591346153846154 0.026442307692307692 0.07692307692307693
4 0.703125 0.3389423076923077 0.05048076923076923 0.08173076923076923
1 0.8209134615384616 0.3401442307692308 0.036057692307692304 0.08413461538461539
2 0.7139423076923077 0.5108173076923077 0.04447115384615385 0.10697115384615384
1 0.8473557692307693 0.6009615384615384 0.027644230769230768 0.14783653846153846
3 0.5685096153846154 0.6021634615384616 0.027644230769230768 0.06370192307692307
0 0.609375 0.6394230769230769 0.03485576923076923 0.08653846153846154
2 0.8173076923076923 0.7199519230769231 0.036057692307692304 0.15264423076923078
4 0.5492788461538461 0.7439903846153846 0.04927884615384615 0.09254807692307693
4 0.49278846153846156 0.7572115384615384 0.046875 0.0625
2 0.8485576923076923 0.7836538461538461 0.03125 0.13701923076923078
2 0.6033653846153846 0.7944711538461539 0.03485576923076923 0.1310096153846154
4 0.484375 0.8305288461538461 0.03365384615384615 0.09495192307692307
1 0.8725961538461539 0.9014423076923077 0.03485576923076923 0.140625