2 0.2704326923076923 0.02403846153846154 0.021634615384615384 0.04807692307692308
1 0.10697115384615384 0.10336538461538461 0.028846153846153848 0.109375
2 0.3401442307692308 0.14423076923076922 0.019230769230769232 0.10096153846153846
4 0.39903846153846156 0.2091346153846154 0.025240384615384616 0.08653846153846154
4 0.4375 0.24158653846153846 0.028846153846153848 0.06971153846153846
1 0.2403846153846154 0.23918269230769232 0.02403846153846154 0.07451923076923077
3 0.8701923076923077 0.08052884615384616 0.018028846153846152 0.08653846153846154
0 0.7367788461538461 0.08774038461538461 0.030048076923076924 0.04447115384615385
4 0.8810096153846154 0.1622596153846154 0.02403846153846154 0.0829326923076923
2 0.6550480769230769 0.23197115384615385 0.040865384615384616 0.0889423076923077
4 0.7091346153846154 0.2608173076923077 0.03365384615384615 0.03125
1 0.2692307692307692 0.3858173076923077 0.016826923076923076 0.08173076923076923
4 0.1310096153846154 0.44591346153846156 0.028846153846153848 0.055288461538461536
2 0.28365384615384615 0.4735576923076923 0.018028846153846152 0.0985576923076923
3 0.10336538461538461 0.5120192307692307 0.02283653846153846 0.06009615384615385
0 0.12860576923076922 0.5372596153846154 0.02403846153846154 0.05889423076923077
2 0.24759615384615385 0.546875 0.021634615384615384 0.06490384615384616
2 0.24879807692307693 0.6189903846153846 0.020432692307692308 0.08533653846153846
4 0.051682692307692304 0.6286057692307693 0.02283653846153846 0.08052884615384616
4 0.021634615384615384 0.7536057692307693 0.030048076923076924 0.08533653846153846
1 0.20673076923076922 0.7836538461538461 0.021634615384615384 0.10576923076923077
4 0.036057692307692304 0.9663461538461539 0.03365384615384615 0.0625
1 0.20192307692307693 0.9759615384615384 0.028846153846153848 0.04326923076923077
1 0.8894230769230769 0.3269230769230769 0.02403846153846154 0.09615384615384616
4 0.7043269230769231 0.36538461538461536 0.042067307692307696 0.10216346153846154
4 0.8173076923076923 0.4567307692307692 0.03125 0.10697115384615384
3 0.8605769230769231 0.6538461538461539 0.025240384615384616 0.12379807692307693
4 0.8954326923076923 0.7247596153846154 0.03485576923076923 0.11538461538461539