1 0.5733173076923077 0.04326923076923077 0.007211538461538462 0.08653846153846154
1 0.38822115384615385 0.19831730769230768 0.03125 0.0985576923076923
2 0.5697115384615384 0.2620192307692308 0.014423076923076924 0.0625
1 0.03365384615384615 0.38822115384615385 0.021634615384615384 0.11899038461538461
2 0.40865384615384615 0.39663461538461536 0.02403846153846154 0.109375
2 0.4951923076923077 0.39903846153846156 0.026442307692307692 0.10336538461538461
2 0.5540865384615384 0.4230769230769231 0.04567307692307692 0.09134615384615384
2 0.796875 0.04807692307692308 0.026442307692307692 0.09615384615384616
4 0.6694711538461539 0.1658653846153846 0.051682692307692304 0.16346153846153846
2 0.9879807692307693 0.19471153846153846 0.019230769230769232 0.1778846153846154
4 0.7139423076923077 0.22596153846153846 0.05889423076923077 0.17548076923076922
4 0.796875 0.3112980769230769 0.056490384615384616 0.171875
1 0.8798076923076923 0.3137019230769231 0.04326923076923077 0.16105769230769232
2 0.23317307692307693 0.5528846153846154 0.028846153846153848 0.04807692307692308
3 0.07572115384615384 0.5673076923076923 0.016826923076923076 0.07692307692307693
0 0.10216346153846154 0.5853365384615384 0.03365384615384615 0.0673076923076923
2 0.2548076923076923 0.6033653846153846 0.027644230769230768 0.09735576923076923
1 0.3076923076923077 0.8149038461538461 0.019230769230769232 0.09134615384615384
4 0.109375 0.828125 0.03245192307692308 0.08774038461538461
1 0.3245192307692308 0.9302884615384616 0.021634615384615384 0.09254807692307693
4 0.10817307692307693 0.9615384615384616 0.03365384615384615 0.07211538461538461
1 0.6262019230769231 0.5997596153846154 0.03125 0.13581730769230768
1 0.9387019230769231 0.6598557692307693 0.03125 0.13341346153846154
1 0.7247596153846154 0.8713942307692307 0.046875 0.12740384615384615