1 0.2776442307692308 0.07932692307692307 0.030048076923076924 0.1045673076923077
1 0.051682692307692304 0.18629807692307693 0.027644230769230768 0.10336538461538461
4 0.46033653846153844 0.21394230769230768 0.01201923076923077 0.125
4 0.45552884615384615 0.34134615384615385 0.021634615384615384 0.09134615384615384
2 0.15865384615384615 0.36538461538461536 0.027644230769230768 0.1201923076923077
0 0.32572115384615385 0.4495192307692308 0.03485576923076923 0.04927884615384615
2 0.11177884615384616 0.45913461538461536 0.03125 0.10697115384615384
3 0.36778846153846156 0.4891826923076923 0.02403846153846154 0.10336538461538461
2 0.06610576923076923 0.5721153846153846 0.028846153846153848 0.10576923076923077
4 0.31009615384615385 0.6105769230769231 0.04326923076923077 0.052884615384615384
2 0.5420673076923077 0.046875 0.021634615384615384 0.0673076923076923
1 0.47716346153846156 0.0985576923076923 0.016826923076923076 0.07211538461538461
4 0.7463942307692307 0.109375 0.02403846153846154 0.08052884615384616
4 0.7175480769230769 0.20673076923076922 0.027644230769230768 0.078125
0 0.671875 0.3954326923076923 0.03125 0.042067307692307696
3 0.8016826923076923 0.4110576923076923 0.016826923076923076 0.09615384615384616
4 0.6971153846153846 0.4987980769230769 0.020432692307692308 0.0673076923076923
4 0.6442307692307693 0.6057692307692307 0.028846153846153848 0.0625
2 0.5997596153846154 0.6141826923076923 0.021634615384615384 0.04567307692307692
2 0.20673076923076922 0.6935096153846154 0.026442307692307692 0.10817307692307693
0 0.4170673076923077 0.7283653846153846 0.03485576923076923 0.09254807692307693
1 0.08052884615384616 0.890625 0.03485576923076923 0.12860576923076922
2 0.40384615384615385 0.9098557692307693 0.028846153846153848 0.140625
1 0.5637019230769231 0.65625 0.03125 0.03365384615384615
1 0.8185096153846154 0.6622596153846154 0.026442307692307692 0.04567307692307692