1 0.1778846153846154 0.06370192307692307 0.015625 0.07451923076923077
4 0.34615384615384615 0.10576923076923077 0.025240384615384616 0.0829326923076923
1 0.14423076923076922 0.12980769230769232 0.015625 0.078125
2 0.15985576923076922 0.19471153846153846 0.019230769230769232 0.07572115384615384
4 0.29927884615384615 0.1971153846153846 0.030048076923076924 0.07451923076923077
0 0.22115384615384615 0.328125 0.03365384615384615 0.042067307692307696
3 0.33533653846153844 0.35697115384615385 0.014423076923076924 0.07932692307692307
2 0.04567307692307692 0.4254807692307692 0.015625 0.09014423076923077
4 0.171875 0.47115384615384615 0.027644230769230768 0.08533653846153846
1 0.7295673076923077 0.12139423076923077 0.027644230769230768 0.10697115384615384
4 0.46033653846153844 0.13822115384615385 0.037259615384615384 0.09495192307692307
2 0.5456730769230769 0.23197115384615385 0.027644230769230768 0.11538461538461539
4 0.4543269230769231 0.2848557692307692 0.037259615384615384 0.07572115384615384
3 0.4170673076923077 0.375 0.027644230769230768 0.0829326923076923
2 0.6838942307692307 0.38100961538461536 0.020432692307692308 0.13701923076923078
0 0.45552884615384615 0.42788461538461536 0.03485576923076923 0.09735576923076923
2 0.6466346153846154 0.5024038461538461 0.02283653846153846 0.11658653846153846
4 0.3954326923076923 0.5612980769230769 0.02403846153846154 0.09375
4 0.33413461538461536 0.6370192307692307 0.028846153846153848 0.014423076923076924
3 0.21634615384615385 0.7259615384615384 0.02403846153846154 0.0829326923076923
0 0.3317307692307692 0.7560096153846154 0.027644230769230768 0.052884615384615384
4 0.25721153846153844 0.8257211538461539 0.030048076923076924 0.0829326923076923
2 0.35096153846153844 0.8413461538461539 0.02283653846153846 0.07932692307692307
4 0.2644230769230769 0.9194711538461539 0.027644230769230768 0.078125
1 0.3269230769230769 0.9375 0.02403846153846154 0.07932692307692307
4 0.8100961538461539 0.7680288461538461 0.03125 0.1045673076923077
4 0.4423076923076923 0.984375 0.052884615384615384 0.026442307692307692
3 0.38341346153846156 0.9699519230769231 0.03125 0.055288461538461536