1 0.4579326923076923 0.055288461538461536 0.016826923076923076 0.10096153846153846
4 0.25240384615384615 0.08653846153846154 0.027644230769230768 0.07692307692307693
4 0.1935096153846154 0.17307692307692307 0.02403846153846154 0.04807692307692308
1 0.5552884615384616 0.18870192307692307 0.015625 0.09975961538461539
2 0.39783653846153844 0.25600961538461536 0.019230769230769232 0.09975961538461539
4 0.009615384615384616 0.25721153846153844 0.019230769230769232 0.09134615384615384
3 0.18389423076923078 0.27403846153846156 0.02403846153846154 0.05889423076923077
2 0.36899038461538464 0.28725961538461536 0.020432692307692308 0.09735576923076923
0 0.21875 0.296875 0.03125 0.06971153846153846
4 0.18509615384615385 0.36899038461538464 0.02403846153846154 0.057692307692307696
2 0.3317307692307692 0.38341346153846156 0.019230769230769232 0.0673076923076923
4 0.13581730769230768 0.38341346153846156 0.026442307692307692 0.07451923076923077
4 0.16346153846153846 0.46274038461538464 0.026442307692307692 0.09975961538461539
1 0.23677884615384615 0.5 0.018028846153846152 0.10216346153846154
0 0.8954326923076923 0.004807692307692308 0.026442307692307692 0.009615384615384616
2 0.7319711538461539 0.04567307692307692 0.026442307692307692 0.078125
4 0.9423076923076923 0.08653846153846154 0.025240384615384616 0.0829326923076923
1 0.7271634615384616 0.16466346153846154 0.03485576923076923 0.08774038461538461
4 0.8149038461538461 0.2644230769230769 0.037259615384615384 0.08774038461538461
4 0.6778846153846154 0.44711538461538464 0.03365384615384615 0.09975961538461539
4 0.41586538461538464 0.65625 0.02403846153846154 0.1201923076923077
2 0.3125 0.7668269230769231 0.03125 0.1045673076923077
4 0.421875 0.7704326923076923 0.052884615384615384 0.046875
1 0.11298076923076923 0.7740384615384616 0.027644230769230768 0.13341346153846154
2 0.28966346153846156 0.7896634615384616 0.036057692307692304 0.11298076923076923
4 0.4170673076923077 0.8100961538461539 0.04567307692307692 0.042067307692307696
3 0.4579326923076923 0.9194711538461539 0.03485576923076923 0.07692307692307693
2 0.21995192307692307 0.9302884615384616 0.026442307692307692 0.1346153846153846
0 0.41346153846153844 0.9471153846153846 0.04326923076923077 0.10096153846153846
1 0.7067307692307693 0.7824519230769231 0.019230769230769232 0.07451923076923077
2 0.9399038461538461 0.8377403846153846 0.027644230769230768 0.08173076923076923
2 0.8918269230769231 0.9423076923076923 0.020432692307692308 0.07451923076923077