4 0.5108173076923077 0.018028846153846152 0.03125 0.036057692307692304
1 0.38221153846153844 0.013221153846153846 0.03365384615384615 0.026442307692307692
1 0.40024038461538464 0.042067307692307696 0.037259615384615384 0.07451923076923077
1 0.11057692307692307 0.078125 0.026442307692307692 0.10697115384615384
4 0.515625 0.09134615384615384 0.021634615384615384 0.09615384615384616
2 0.3076923076923077 0.10096153846153846 0.03365384615384615 0.10216346153846154
2 0.4170673076923077 0.10576923076923077 0.03365384615384615 0.08413461538461539
3 0.5132211538461539 0.22115384615384615 0.026442307692307692 0.08173076923076923
0 0.47716346153846156 0.234375 0.03485576923076923 0.07211538461538461
2 0.3173076923076923 0.24278846153846154 0.027644230769230768 0.1310096153846154
2 0.4387019230769231 0.4026442307692308 0.036057692307692304 0.125
4 0.9519230769230769 0.1141826923076923 0.028846153846153848 0.06490384615384616
1 0.9915865384615384 0.1814903846153846 0.01201923076923077 0.06971153846153846
2 0.9867788461538461 0.1875 0.021634615384615384 0.07211538461538461
4 0.8774038461538461 0.21394230769230768 0.02403846153846154 0.056490384615384616
3 0.7788461538461539 0.29447115384615385 0.01201923076923077 0.08533653846153846
0 0.9002403846153846 0.33653846153846156 0.03365384615384615 0.0673076923076923
4 0.8581730769230769 0.42788461538461536 0.02283653846153846 0.08653846153846154
4 0.8016826923076923 0.5504807692307693 0.030048076923076924 0.07451923076923077
4 0.203125 0.7680288461538461 0.026442307692307692 0.0829326923076923
1 0.4254807692307692 0.7908653846153846 0.027644230769230768 0.09495192307692307
4 0.15865384615384615 0.8846153846153846 0.02403846153846154 0.07451923076923077
2 0.3641826923076923 0.9807692307692307 0.036057692307692304 0.03365384615384615
3 0.6887019230769231 0.6778846153846154 0.040865384615384616 0.07692307692307693
0 0.8485576923076923 0.6742788461538461 0.027644230769230768 0.0625
4 0.6382211538461539 0.7283653846153846 0.03125 0.11177884615384616
4 0.7884615384615384 0.8088942307692307 0.03365384615384615 0.140625
4 0.7151442307692307 0.8774038461538461 0.03245192307692308 0.1310096153846154
1 0.8689903846153846 0.8810096153846154 0.027644230769230768 0.15384615384615385