1 0.3173076923076923 0.042067307692307696 0.019230769230769232 0.08413461538461539
4 0.4411057692307692 0.037259615384615384 0.040865384615384616 0.07451923076923077
1 0.07451923076923077 0.052884615384615384 0.019230769230769232 0.10576923076923077
4 0.39783653846153844 0.056490384615384616 0.03245192307692308 0.0673076923076923
4 0.45913461538461536 0.13221153846153846 0.027644230769230768 0.09375
2 0.18629807692307693 0.15985576923076922 0.03125 0.10336538461538461
3 0.5396634615384616 0.22956730769230768 0.025240384615384616 0.1141826923076923
0 0.37740384615384615 0.24639423076923078 0.03485576923076923 0.07692307692307693
2 0.1875 0.2920673076923077 0.030048076923076924 0.11177884615384616
4 0.5552884615384616 0.32211538461538464 0.02403846153846154 0.11057692307692307
4 0.38822115384615385 0.4375 0.038461538461538464 0.11538461538461539
1 0.10336538461538461 0.4375 0.03245192307692308 0.10817307692307693
1 0.59375 0.19110576923076922 0.026442307692307692 0.08653846153846154
4 0.7115384615384616 0.1935096153846154 0.036057692307692304 0.1045673076923077
4 0.7680288461538461 0.2824519230769231 0.030048076923076924 0.040865384615384616
2 0.5829326923076923 0.2920673076923077 0.019230769230769232 0.109375
4 0.7536057692307693 0.30649038461538464 0.03485576923076923 0.03245192307692308
3 0.8064903846153846 0.38221153846153844 0.025240384615384616 0.05889423076923077
2 0.6213942307692307 0.4050480769230769 0.03125 0.10096153846153846
0 0.7716346153846154 0.41586538461538464 0.03365384615384615 0.05889423076923077
2 0.6538461538461539 0.4795673076923077 0.028846153846153848 0.11298076923076923
2 0.7596153846153846 0.5300480769230769 0.025240384615384616 0.11538461538461539
4 0.8713942307692307 0.6129807692307693 0.03365384615384615 0.09975961538461539
1 0.7872596153846154 0.6370192307692307 0.036057692307692304 0.10096153846153846
1 0.15625 0.8149038461538461 0.018028846153846152 0.078125
2 0.003605769230769231 0.8341346153846154 0.007211538461538462 0.07692307692307693
2 0.020432692307692308 0.8846153846153846 0.019230769230769232 0.07451923076923077
4 0.03485576923076923 0.9639423076923077 0.036057692307692304 0.0673076923076923
4 0.5841346153846154 0.7067307692307693 0.02403846153846154 0.03365384615384615
2 0.8509615384615384 0.7247596153846154 0.03365384615384615 0.06971153846153846
3 0.5769230769230769 0.7632211538461539 0.014423076923076924 0.11298076923076923
0 0.7043269230769231 0.7992788461538461 0.036057692307692304 0.06009615384615385
2 0.7403846153846154 0.8473557692307693 0.036057692307692304 0.07932692307692307
4 0.65625 0.9026442307692307 0.028846153846153848 0.10336538461538461
1 0.7512019230769231 0.9350961538461539 0.03125 0.09495192307692307