4 0.203125 0.014423076923076924 0.036057692307692304 0.028846153846153848
2 0.4423076923076923 0.05048076923076923 0.03365384615384615 0.10096153846153846
4 0.21875 0.051682692307692304 0.03125 0.07692307692307693
2 0.46033653846153844 0.17548076923076922 0.03365384615384615 0.09254807692307693
3 0.24639423076923078 0.19110576923076922 0.030048076923076924 0.07451923076923077
0 0.28725961538461536 0.21033653846153846 0.03485576923076923 0.07692307692307693
4 0.016826923076923076 0.21634615384615385 0.03365384615384615 0.12980769230769232
2 0.4735576923076923 0.2644230769230769 0.03485576923076923 0.12740384615384615
4 0.3485576923076923 0.33774038461538464 0.042067307692307696 0.09495192307692307
2 0.8701923076923077 0.013221153846153846 0.028846153846153848 0.026442307692307692
4 0.6610576923076923 0.042067307692307696 0.03365384615384615 0.08413461538461539
2 0.828125 0.09615384615384616 0.02283653846153846 0.10336538461538461
4 0.7067307692307693 0.10576923076923077 0.03125 0.09134615384615384
4 0.7391826923076923 0.3641826923076923 0.03245192307692308 0.10697115384615384
1 0.4375 0.453125 0.02403846153846154 0.026442307692307692
2 0.4266826923076923 0.5661057692307693 0.030048076923076924 0.07451923076923077
1 0.19831730769230768 0.5829326923076923 0.025240384615384616 0.08774038461538461
2 0.4326923076923077 0.6454326923076923 0.025240384615384616 0.06610576923076923
2 0.4326923076923077 0.7427884615384616 0.025240384615384616 0.09014423076923077
1 0.49038461538461536 0.8173076923076923 0.02403846153846154 0.08173076923076923
1 0.3870192307692308 0.9110576923076923 0.030048076923076924 0.09014423076923077
1 0.9543269230769231 0.515625 0.026442307692307692 0.09975961538461539
4 0.7355769230769231 0.6141826923076923 0.03245192307692308 0.10817307692307693
4 0.59375 0.6454326923076923 0.027644230769230768 0.10336538461538461
3 0.6694711538461539 0.6923076923076923 0.027644230769230768 0.125
0 0.8341346153846154 0.6923076923076923 0.052884615384615384 0.06370192307692307
4 0.8329326923076923 0.9723557692307693 0.05048076923076923 0.05048076923076923
1 0.9206730769230769 0.9795673076923077 0.038461538461538464 0.036057692307692304