4 0.02403846153846154 0.008413461538461538 0.028846153846153848 0.016826923076923076
3 0.11538461538461539 0.0985576923076923 0.019230769230769232 0.08052884615384616
4 0.125 0.16105769230769232 0.02403846153846154 0.09134615384615384
4 0.007211538461538462 0.30288461538461536 0.014423076923076924 0.08173076923076923
4 0.009615384615384616 0.6129807692307693 0.019230769230769232 0.10576923076923077
4 0.421875 0.052884615384615384 0.026442307692307692 0.08774038461538461
1 0.8978365384615384 0.12259615384615384 0.019230769230769232 0.09375
2 0.5853365384615384 0.171875 0.020432692307692308 0.054086538461538464
2 0.6334134615384616 0.23197115384615385 0.02283653846153846 0.042067307692307696
3 0.4026442307692308 0.24278846153846154 0.015625 0.09735576923076923
0 0.5432692307692307 0.25961538461538464 0.036057692307692304 0.04807692307692308
4 0.41346153846153844 0.30288461538461536 0.02403846153846154 0.1045673076923077
1 0.8966346153846154 0.35096153846153844 0.02283653846153846 0.1045673076923077
4 0.5685096153846154 0.3894230769230769 0.02403846153846154 0.09014423076923077
1 0.8149038461538461 0.4735576923076923 0.021634615384615384 0.09615384615384616
4 0.6514423076923077 0.515625 0.030048076923076924 0.1045673076923077
4 0.734375 0.6177884615384616 0.036057692307692304 0.09615384615384616
1 0.6382211538461539 0.021634615384615384 0.021634615384615384 0.04326923076923077
1 0.04567307692307692 0.6790865384615384 0.02403846153846154 0.021634615384615384
2 0.3137019230769231 0.7151442307692307 0.03125 0.09375
2 0.3545673076923077 0.78125 0.021634615384615384 0.08173076923076923
1 0.2091346153846154 0.8473557692307693 0.019230769230769232 0.1141826923076923
1 0.1658653846153846 0.9098557692307693 0.02283653846153846 0.11057692307692307
4 0.8954326923076923 0.6826923076923077 0.021634615384615384 0.028846153846153848
2 0.8185096153846154 0.71875 0.025240384615384616 0.07451923076923077
1 0.5528846153846154 0.7307692307692307 0.016826923076923076 0.07451923076923077
2 0.7728365384615384 0.8377403846153846 0.020432692307692308 0.07211538461538461
0 0.921875 0.8762019230769231 0.030048076923076924 0.05889423076923077
2 0.7992788461538461 0.9879807692307693 0.021634615384615384 0.019230769230769232