2 0.3173076923076923 0.10336538461538461 0.027644230769230768 0.1310096153846154
2 0.5877403846153846 0.009615384615384616 0.016826923076923076 0.019230769230769232
0 0.4411057692307692 0.027644230769230768 0.026442307692307692 0.055288461538461536
2 0.5637019230769231 0.042067307692307696 0.015625 0.07932692307692307
2 0.5276442307692307 0.1875 0.014423076923076924 0.07451923076923077
4 0.3954326923076923 0.19471153846153846 0.01201923076923077 0.07692307692307693
1 0.5901442307692307 0.20793269230769232 0.019230769230769232 0.06490384615384616
1 0.5612980769230769 0.4855769230769231 0.015625 0.078125
1 0.3545673076923077 0.7271634615384616 0.01201923076923077 0.046875
1 0.18629807692307693 0.7992788461538461 0.018028846153846152 0.054086538461538464
2 0.35336538461538464 0.8016826923076923 0.015625 0.04927884615384615
2 0.2860576923076923 0.8605769230769231 0.014423076923076924 0.051682692307692304
0 0.38100961538461536 0.8966346153846154 0.01201923076923077 0.04807692307692308
2 0.30649038461538464 0.9194711538461539 0.016826923076923076 0.056490384615384616
1 0.15504807692307693 0.9615384615384616 0.015625 0.04447115384615385
2 0.27283653846153844 0.9831730769230769 0.016826923076923076 0.028846153846153848
4 0.3786057692307692 0.984375 0.016826923076923076 0.026442307692307692
0 0.24759615384615385 0.5540865384615384 0.019230769230769232 0.01201923076923077
1 0.9627403846153846 0.6526442307692307 0.019230769230769232 0.09254807692307693
3 0.4879807692307692 0.6778846153846154 0.02283653846153846 0.09254807692307693
2 0.7548076923076923 0.6802884615384616 0.014423076923076924 0.09014423076923077
0 0.5985576923076923 0.7091346153846154 0.028846153846153848 0.05889423076923077
4 0.5504807692307693 0.8040865384615384 0.026442307692307692 0.057692307692307696
2 0.7307692307692307 0.8052884615384616 0.016826923076923076 0.09375
2 0.5961538461538461 0.8317307692307693 0.026442307692307692 0.07932692307692307
4 0.5276442307692307 0.8341346153846154 0.026442307692307692 0.06850961538461539
4 0.45913461538461536 0.9350961538461539 0.03485576923076923 0.08653846153846154
1 0.9242788461538461 0.9639423076923077 0.021634615384615384 0.0673076923076923