4 0.2548076923076923 0.04447115384615385 0.03365384615384615 0.0733173076923077
2 0.10576923076923077 0.08413461538461539 0.025240384615384616 0.09495192307692307
4 0.39783653846153844 0.15985576923076922 0.019230769230769232 0.0829326923076923
3 0.4543269230769231 0.17427884615384615 0.019230769230769232 0.09134615384615384
2 0.15985576923076922 0.19831730769230768 0.03125 0.0733173076923077
0 0.32211538461538464 0.21634615384615385 0.028846153846153848 0.05048076923076923
4 0.4879807692307692 0.22956730769230768 0.026442307692307692 0.09495192307692307
2 0.22115384615384615 0.2764423076923077 0.02403846153846154 0.08774038461538461
1 0.020432692307692308 0.3401442307692308 0.02403846153846154 0.09254807692307693
4 0.4266826923076923 0.39903846153846156 0.040865384615384616 0.052884615384615384
1 0.9675480769230769 0.027644230769230768 0.026442307692307692 0.055288461538461536
4 0.8209134615384616 0.020432692307692308 0.036057692307692304 0.040865384615384616
2 0.8966346153846154 0.0625 0.03245192307692308 0.0889423076923077
4 0.5793269230769231 0.11177884615384616 0.02403846153846154 0.09495192307692307
3 0.7415865384615384 0.14423076923076922 0.025240384615384616 0.06971153846153846
2 0.9543269230769231 0.15144230769230768 0.026442307692307692 0.12740384615384615
0 0.7716346153846154 0.19110576923076922 0.04326923076923077 0.06971153846153846
2 0.8990384615384616 0.2704326923076923 0.03485576923076923 0.11057692307692307
4 0.6838942307692307 0.2980769230769231 0.038461538461538464 0.0829326923076923
2 0.8605769230769231 0.3641826923076923 0.027644230769230768 0.125
4 0.2644230769230769 0.5060096153846154 0.020432692307692308 0.08533653846153846
1 0.35216346153846156 0.5276442307692307 0.02283653846153846 0.09254807692307693
3 0.078125 0.7139423076923077 0.025240384615384616 0.1201923076923077
2 0.37740384615384615 0.7307692307692307 0.025240384615384616 0.09134615384615384
0 0.21754807692307693 0.7463942307692307 0.027644230769230768 0.07451923076923077
2 0.3473557692307692 0.8149038461538461 0.026442307692307692 0.09495192307692307
1 0.12379807692307693 0.9074519230769231 0.02283653846153846 0.0985576923076923
1 0.30649038461538464 0.9519230769230769 0.021634615384615384 0.09134615384615384
4 0.640625 0.4891826923076923 0.026442307692307692 0.05889423076923077
1 0.7175480769230769 0.49158653846153844 0.018028846153846152 0.06009615384615385
2 0.7043269230769231 0.5432692307692307 0.016826923076923076 0.057692307692307696
4 0.5384615384615384 0.5745192307692307 0.014423076923076924 0.0829326923076923
0 0.6033653846153846 0.6117788461538461 0.025240384615384616 0.054086538461538464
2 0.7223557692307693 0.6141826923076923 0.02403846153846154 0.07692307692307693
2 0.6081730769230769 0.6850961538461539 0.028846153846153848 0.09735576923076923
1 0.5492788461538461 0.8016826923076923 0.019230769230769232 0.09134615384615384