2 0.35216346153846156 0.02403846153846154 0.026442307692307692 0.04807692307692308
4 0.04567307692307692 0.04807692307692308 0.025240384615384616 0.09254807692307693
0 0.19951923076923078 0.06610576923076923 0.03125 0.040865384615384616
3 0.07451923076923077 0.08052884615384616 0.027644230769230768 0.09975961538461539
2 0.4026442307692308 0.14182692307692307 0.026442307692307692 0.09254807692307693
4 0.19471153846153846 0.19831730769230768 0.030048076923076924 0.09495192307692307
2 0.36177884615384615 0.25961538461538464 0.02283653846153846 0.10336538461538461
4 0.2403846153846154 0.2692307692307692 0.03125 0.09134615384615384
0 0.9891826923076923 0.018028846153846152 0.016826923076923076 0.036057692307692304
2 0.8557692307692307 0.06009615384615385 0.020432692307692308 0.07692307692307693
1 0.546875 0.10096153846153846 0.016826923076923076 0.08774038461538461
1 0.7776442307692307 0.3485576923076923 0.027644230769230768 0.09735576923076923
2 0.26802884615384615 0.4579326923076923 0.026442307692307692 0.06009615384615385
3 0.046875 0.4699519230769231 0.026442307692307692 0.08413461538461539
0 0.1622596153846154 0.49278846153846156 0.027644230769230768 0.05048076923076923
4 0.02283653846153846 0.5012019230769231 0.02283653846153846 0.0829326923076923
2 0.18870192307692307 0.5504807692307693 0.019230769230769232 0.0829326923076923
1 0.26802884615384615 0.5576923076923077 0.019230769230769232 0.10697115384615384
4 0.07211538461538461 0.6310096153846154 0.03125 0.0829326923076923
1 0.1502403846153846 0.6478365384615384 0.019230769230769232 0.10697115384615384
1 0.7704326923076923 0.5709134615384616 0.026442307692307692 0.11057692307692307
4 0.8665865384615384 0.5721153846153846 0.046875 0.1045673076923077
1 0.65625 0.6346153846153846 0.018028846153846152 0.11658653846153846
4 0.8918269230769231 0.6923076923076923 0.028846153846153848 0.13701923076923078
1 0.7403846153846154 0.8930288461538461 0.020432692307692308 0.13701923076923078
4 0.8834134615384616 0.9158653846153846 0.06850961538461539 0.13701923076923078