1 0.421875 0.16466346153846154 0.021634615384615384 0.07211538461538461
1 0.47596153846153844 0.2247596153846154 0.02403846153846154 0.08533653846153846
4 0.5480769230769231 0.25721153846153844 0.02403846153846154 0.07451923076923077
2 0.5048076923076923 0.2704326923076923 0.03125 0.07451923076923077
4 0.5949519230769231 0.2932692307692308 0.03125 0.04807692307692308
2 0.359375 0.2980769230769231 0.03125 0.038461538461538464
4 0.6514423076923077 0.13221153846153846 0.03365384615384615 0.07692307692307693
1 0.7259615384615384 0.14423076923076922 0.02403846153846154 0.078125
2 0.4567307692307692 0.3473557692307692 0.03365384615384615 0.055288461538461536
0 0.3425480769230769 0.4074519230769231 0.038461538461538464 0.052884615384615384
3 0.18389423076923078 0.4254807692307692 0.020432692307692308 0.125
2 0.5168269230769231 0.4266826923076923 0.03125 0.09134615384615384
4 0.0889423076923077 0.4495192307692308 0.030048076923076924 0.09975961538461539
4 0.40625 0.6983173076923077 0.028846153846153848 0.10817307692307693
1 0.5889423076923077 0.8341346153846154 0.03125 0.10336538461538461
4 0.5048076923076923 0.859375 0.04326923076923077 0.10697115384615384
1 0.8966346153846154 0.3401442307692308 0.03365384615384615 0.040865384615384616
1 0.9459134615384616 0.46274038461538464 0.025240384615384616 0.10216346153846154
2 0.9891826923076923 0.5288461538461539 0.016826923076923076 0.08173076923076923
2 0.9230769230769231 0.6634615384615384 0.027644230769230768 0.13221153846153846