1 0.0625 0.040865384615384616 0.020432692307692308 0.06370192307692307
1 0.03125 0.10576923076923077 0.020432692307692308 0.0733173076923077
1 0.26802884615384615 0.17548076923076922 0.015625 0.07211538461538461
2 0.08653846153846154 0.19110576923076922 0.019230769230769232 0.07692307692307693
2 0.10817307692307693 0.265625 0.021634615384615384 0.07091346153846154
1 0.3701923076923077 0.4170673076923077 0.020432692307692308 0.0889423076923077
1 0.07091346153846154 0.4675480769230769 0.026442307692307692 0.08653846153846154
4 0.6971153846153846 0.021634615384615384 0.019230769230769232 0.04326923076923077
3 0.5889423076923077 0.12620192307692307 0.020432692307692308 0.09975961538461539
2 0.7740384615384616 0.13942307692307693 0.03365384615384615 0.0829326923076923
0 0.7175480769230769 0.14543269230769232 0.027644230769230768 0.06610576923076923
2 0.7620192307692307 0.1814903846153846 0.037259615384615384 0.09375
4 0.5625 0.1875 0.026442307692307692 0.0829326923076923
1 0.7271634615384616 0.3329326923076923 0.025240384615384616 0.10817307692307693
4 0.6069711538461539 0.5024038461538461 0.040865384615384616 0.08653846153846154
1 0.7860576923076923 0.5228365384615384 0.028846153846153848 0.04567307692307692
1 0.33413461538461536 0.5961538461538461 0.020432692307692308 0.06490384615384616
2 0.38822115384615385 0.6586538461538461 0.014423076923076924 0.0733173076923077
2 0.3798076923076923 0.6766826923076923 0.021634615384615384 0.046875
1 0.25 0.7752403846153846 0.027644230769230768 0.07211538461538461
1 0.052884615384615384 0.7944711538461539 0.019230769230769232 0.08052884615384616
4 0.3485576923076923 0.8545673076923077 0.030048076923076924 0.09134615384615384
1 0.014423076923076924 0.9362980769230769 0.028846153846153848 0.10336538461538461
4 0.19110576923076922 0.9675480769230769 0.040865384615384616 0.06009615384615385
2 0.6826923076923077 0.6045673076923077 0.03125 0.08173076923076923
4 0.7908653846153846 0.6153846153846154 0.037259615384615384 0.04447115384615385
4 0.7704326923076923 0.6466346153846154 0.021634615384615384 0.04927884615384615
2 0.5973557692307693 0.6935096153846154 0.030048076923076924 0.08653846153846154
3 0.9567307692307693 0.7103365384615384 0.028846153846153848 0.11298076923076923
0 0.8185096153846154 0.7463942307692307 0.03365384615384615 0.06490384615384616
2 0.6141826923076923 0.7608173076923077 0.03245192307692308 0.10096153846153846
2 0.8257211538461539 0.8305288461538461 0.025240384615384616 0.09615384615384616
1 0.47836538461538464 0.9146634615384616 0.03485576923076923 0.13221153846153846