2 0.13221153846153846 0.013221153846153846 0.03365384615384615 0.026442307692307692
0 0.03485576923076923 0.042067307692307696 0.038461538461538464 0.0625
2 0.12259615384615384 0.05889423076923077 0.030048076923076924 0.09134615384615384
1 0.4026442307692308 0.12379807692307693 0.007211538461538462 0.09375
2 0.13701923076923078 0.1622596153846154 0.027644230769230768 0.11538461538461539
4 0.03125 0.2800480769230769 0.04326923076923077 0.10576923076923077
2 0.6887019230769231 0.009615384615384616 0.026442307692307692 0.019230769230769232
4 0.9182692307692307 0.015625 0.019230769230769232 0.03125
3 0.9447115384615384 0.039663461538461536 0.028846153846153848 0.07932692307692307
2 0.5925480769230769 0.04807692307692308 0.021634615384615384 0.09615384615384616
0 0.7908653846153846 0.07572115384615384 0.03125 0.06129807692307692
2 0.6418269230769231 0.1141826923076923 0.020432692307692308 0.08774038461538461
4 0.9699519230769231 0.3173076923076923 0.04326923076923077 0.09134615384615384
1 0.6322115384615384 0.35697115384615385 0.028846153846153848 0.06009615384615385
1 0.8197115384615384 0.3641826923076923 0.02403846153846154 0.04567307692307692
2 0.026442307692307692 0.46033653846153844 0.018028846153846152 0.10336538461538461
4 0.3076923076923077 0.5324519230769231 0.021634615384615384 0.055288461538461536
2 0.03365384615384615 0.5793269230769231 0.027644230769230768 0.08173076923076923
3 0.31971153846153844 0.6129807692307693 0.03125 0.0889423076923077
0 0.18389423076923078 0.6358173076923077 0.03245192307692308 0.06490384615384616
2 0.07692307692307693 0.7211538461538461 0.025240384615384616 0.09134615384615384
4 0.2668269230769231 0.8762019230769231 0.03125 0.09495192307692307
1 0.10336538461538461 0.9555288461538461 0.02403846153846154 0.08413461538461539
4 0.27403846153846156 0.9627403846153846 0.038461538461538464 0.06971153846153846
1 0.578125 0.4050480769230769 0.026442307692307692 0.03125
2 0.42908653846153844 0.5036057692307693 0.040865384615384616 0.06971153846153846
1 0.9519230769230769 0.5456730769230769 0.027644230769230768 0.09254807692307693
2 0.5216346153846154 0.5697115384615384 0.028846153846153848 0.09615384615384616
2 0.53125 0.6826923076923077 0.030048076923076924 0.09615384615384616
2 0.4266826923076923 0.7824519230769231 0.026442307692307692 0.1045673076923077
1 0.5649038461538461 0.8918269230769231 0.03125 0.1141826923076923