2 0.1778846153846154 0.016826923076923076 0.028846153846153848 0.03365384615384615
2 0.23677884615384615 0.0889423076923077 0.03245192307692308 0.08413461538461539
0 0.046875 0.09975961538461539 0.042067307692307696 0.0673076923076923
2 0.26322115384615385 0.17668269230769232 0.03245192307692308 0.08533653846153846
4 0.02403846153846154 0.25240384615384615 0.042067307692307696 0.08774038461538461
1 0.6225961538461539 0.28365384615384615 0.009615384615384616 0.11538461538461539
4 0.1045673076923077 0.38461538461538464 0.038461538461538464 0.11538461538461539
1 0.27524038461538464 0.39302884615384615 0.028846153846153848 0.1141826923076923
1 0.8641826923076923 0.328125 0.020432692307692308 0.08653846153846154
2 0.265625 0.4807692307692308 0.036057692307692304 0.04326923076923077
0 0.07451923076923077 0.4891826923076923 0.03365384615384615 0.06009615384615385
3 0.03245192307692308 0.5216346153846154 0.036057692307692304 0.125
2 0.2127403846153846 0.6045673076923077 0.030048076923076924 0.15865384615384615
1 0.3918269230769231 0.7824519230769231 0.03245192307692308 0.15264423076923078
4 0.2800480769230769 0.8629807692307693 0.040865384615384616 0.1502403846153846
1 0.703125 0.484375 0.03125 0.05048076923076923
1 0.9891826923076923 0.8245192307692307 0.016826923076923076 0.12980769230769232