2 0.53125 0.03245192307692308 0.02403846153846154 0.06490384615384616
1 0.25600961538461536 0.039663461538461536 0.026442307692307692 0.07932692307692307
4 0.5877403846153846 0.0625 0.03125 0.055288461538461536
2 0.4026442307692308 0.09014423076923077 0.02403846153846154 0.0733173076923077
0 0.5444711538461539 0.13942307692307693 0.030048076923076924 0.052884615384615384
2 0.38341346153846156 0.16105769230769232 0.020432692307692308 0.1045673076923077
1 0.07692307692307693 0.2439903846153846 0.018028846153846152 0.0985576923076923
4 0.5408653846153846 0.2956730769230769 0.03125 0.0985576923076923
1 0.3629807692307692 0.3137019230769231 0.015625 0.09615384615384616
4 0.484375 0.3317307692307692 0.027644230769230768 0.09615384615384616
4 0.5144230769230769 0.38341346153846156 0.025240384615384616 0.10697115384615384
1 0.2920673076923077 0.38461538461538464 0.021634615384615384 0.1045673076923077
2 0.7319711538461539 0.05889423076923077 0.020432692307692308 0.054086538461538464
2 0.7800480769230769 0.11899038461538461 0.02283653846153846 0.042067307692307696
0 0.6899038461538461 0.1466346153846154 0.036057692307692304 0.04807692307692308
4 0.7151442307692307 0.2764423076923077 0.02403846153846154 0.09014423076923077
1 0.9615384615384616 0.3605769230769231 0.021634615384615384 0.09615384615384616
4 0.7980769230769231 0.4026442307692308 0.030048076923076924 0.1045673076923077
4 0.8798076923076923 0.5108173076923077 0.03365384615384615 0.1045673076923077
1 0.19230769230769232 0.5949519230769231 0.019230769230769232 0.05048076923076923
4 0.4483173076923077 0.6274038461538461 0.03125 0.09495192307692307
2 0.3173076923076923 0.6610576923076923 0.02283653846153846 0.08653846153846154
2 0.31009615384615385 0.7776442307692307 0.027644230769230768 0.0829326923076923
4 0.5817307692307693 0.7944711538461539 0.028846153846153848 0.09495192307692307
3 0.4795673076923077 0.8040865384615384 0.030048076923076924 0.051682692307692304
0 0.44591346153846156 0.8317307692307693 0.028846153846153848 0.0625
2 0.2980769230769231 0.8665865384615384 0.02403846153846154 0.09254807692307693
4 0.49759615384615385 0.9302884615384616 0.037259615384615384 0.08774038461538461
2 0.41466346153846156 0.9350961538461539 0.030048076923076924 0.0829326923076923
4 0.47716346153846156 0.9747596153846154 0.036057692307692304 0.04567307692307692
1 0.3798076923076923 0.9771634615384616 0.028846153846153848 0.040865384615384616
4 0.9447115384615384 0.6165865384615384 0.021634615384615384 0.08413461538461539
1 0.8461538461538461 0.6274038461538461 0.02283653846153846 0.07692307692307693
4 0.9483173076923077 0.7632211538461539 0.028846153846153848 0.08653846153846154
1 0.6442307692307693 0.765625 0.026442307692307692 0.08533653846153846
2 0.8088942307692307 0.9074519230769231 0.026442307692307692 0.09014423076923077
2 0.8197115384615384 0.9639423076923077 0.03365384615384615 0.0673076923076923
0 0.9831730769230769 0.9735576923076923 0.028846153846153848 0.04807692307692308