4 0.4411057692307692 0.16346153846153846 0.039663461538461536 0.12139423076923077
4 0.4699519230769231 0.2127403846153846 0.01201923076923077 0.0985576923076923
4 0.12139423076923077 0.30528846153846156 0.019230769230769232 0.13221153846153846
3 0.34975961538461536 0.3233173076923077 0.03365384615384615 0.0829326923076923
4 0.22716346153846154 0.34375 0.04326923076923077 0.07932692307692307
0 0.390625 0.3581730769230769 0.03125 0.07572115384615384
4 0.4050480769230769 0.47836538461538464 0.019230769230769232 0.12980769230769232
4 0.2980769230769231 0.53125 0.04807692307692308 0.12139423076923077
4 0.19951923076923078 0.6574519230769231 0.052884615384615384 0.0985576923076923
4 0.6225961538461539 0.021634615384615384 0.028846153846153848 0.04326923076923077
1 0.7728365384615384 0.051682692307692304 0.020432692307692308 0.0889423076923077
1 0.9579326923076923 0.20552884615384615 0.03245192307692308 0.09735576923076923
0 0.5432692307692307 0.21995192307692307 0.027644230769230768 0.046875
2 0.6754807692307693 0.23557692307692307 0.02403846153846154 0.09735576923076923
2 0.6274038461538461 0.32211538461538464 0.021634615384615384 0.10817307692307693
1 0.7740384615384616 0.3701923076923077 0.016826923076923076 0.0889423076923077
4 0.2548076923076923 0.7644230769230769 0.028846153846153848 0.11057692307692307
4 0.31490384615384615 0.7620192307692307 0.027644230769230768 0.09495192307692307
4 0.3329326923076923 0.9579326923076923 0.04567307692307692 0.07932692307692307
1 0.4423076923076923 0.9591346153846154 0.03365384615384615 0.07692307692307693
2 0.9074519230769231 0.8461538461538461 0.009615384615384616 0.09134615384615384
4 0.8509615384615384 0.8605769230769231 0.021634615384615384 0.08653846153846154
0 0.9350961538461539 0.9747596153846154 0.019230769230769232 0.04567307692307692
1 0.8966346153846154 0.7487980769230769 0.019230769230769232 0.07932692307692307
1 0.8774038461538461 0.7536057692307693 0.014423076923076924 0.0889423076923077
4 0.7307692307692307 0.7980769230769231 0.025240384615384616 0.0889423076923077