0 0.06850961538461539 0.008413461538461538 0.026442307692307692 0.016826923076923076
2 0.19110576923076922 0.02283653846153846 0.016826923076923076 0.04567307692307692
2 0.15504807692307693 0.14903846153846154 0.014423076923076924 0.07451923076923077
4 0.014423076923076924 0.15625 0.028846153846153848 0.07692307692307693
1 0.21754807692307693 0.16947115384615385 0.019230769230769232 0.06490384615384616
1 0.18870192307692307 0.44711538461538464 0.015625 0.078125
1 0.41466346153846156 0.6442307692307693 0.027644230769230768 0.09495192307692307
4 0.5829326923076923 0.6634615384615384 0.02403846153846154 0.09495192307692307
1 0.36778846153846156 0.8930288461538461 0.027644230769230768 0.08653846153846154
4 0.4723557692307692 0.9146634615384616 0.03365384615384615 0.09735576923076923
1 0.8942307692307693 0.6550480769230769 0.028846153846153848 0.1141826923076923
4 0.6033653846153846 0.6574519230769231 0.009615384615384616 0.10817307692307693
2 0.6454326923076923 0.6935096153846154 0.030048076923076924 0.1310096153846154
1 0.9206730769230769 0.8016826923076923 0.026442307692307692 0.12860576923076922
2 0.7475961538461539 0.9579326923076923 0.03365384615384615 0.07932692307692307