0 0.17307692307692307 0.02403846153846154 0.03365384615384615 0.04807692307692308
3 0.030048076923076924 0.042067307692307696 0.03125 0.08413461538461539
2 0.31490384615384615 0.08774038461538461 0.026442307692307692 0.08653846153846154
4 0.14302884615384615 0.15745192307692307 0.03245192307692308 0.08653846153846154
4 0.18990384615384615 0.18028846153846154 0.03365384615384615 0.09615384615384616
2 0.25721153846153844 0.18990384615384615 0.020432692307692308 0.09134615384615384
4 0.16346153846153846 0.2860576923076923 0.03365384615384615 0.09735576923076923
1 0.3401442307692308 0.296875 0.025240384615384616 0.10336538461538461
1 0.6201923076923077 0.21995192307692307 0.027644230769230768 0.10336538461538461
2 0.43990384615384615 0.6213942307692307 0.014423076923076924 0.09375
1 0.31490384615384615 0.6394230769230769 0.030048076923076924 0.11658653846153846
1 0.3485576923076923 0.7560096153846154 0.02403846153846154 0.12259615384615384
1 0.21394230769230768 0.8930288461538461 0.038461538461538464 0.125
1 0.4050480769230769 0.49399038461538464 0.036057692307692304 0.09735576923076923
1 0.8569711538461539 0.4014423076923077 0.026442307692307692 0.04326923076923077
2 0.5745192307692307 0.4014423076923077 0.03365384615384615 0.04326923076923077
2 0.5925480769230769 0.49399038461538464 0.030048076923076924 0.09495192307692307
1 0.8197115384615384 0.6514423076923077 0.030048076923076924 0.10697115384615384
1 0.5913461538461539 0.7644230769230769 0.020432692307692308 0.12379807692307693