4 0.2824519230769231 0.04567307692307692 0.028846153846153848 0.08173076923076923
2 0.4050480769230769 0.0673076923076923 0.028846153846153848 0.0829326923076923
3 0.06370192307692307 0.1622596153846154 0.02403846153846154 0.12980769230769232
2 0.4338942307692308 0.18509615384615385 0.03245192307692308 0.1045673076923077
4 0.028846153846153848 0.20072115384615385 0.03125 0.11538461538461539
0 0.21634615384615385 0.21033653846153846 0.028846153846153848 0.0673076923076923
2 0.4014423076923077 0.25240384615384615 0.040865384615384616 0.1045673076923077
1 0.29447115384615385 0.4230769230769231 0.028846153846153848 0.12740384615384615
4 0.021634615384615384 0.4639423076923077 0.04326923076923077 0.0673076923076923
4 0.6947115384615384 0.010817307692307692 0.03365384615384615 0.021634615384615384
4 0.6033653846153846 0.014423076923076924 0.02403846153846154 0.028846153846153848
2 0.9819711538461539 0.025240384615384616 0.026442307692307692 0.05048076923076923
4 0.8377403846153846 0.20552884615384615 0.03245192307692308 0.09615384615384616
4 0.9471153846153846 0.4362980769230769 0.03485576923076923 0.10576923076923077
3 0.13221153846153846 0.5168269230769231 0.038461538461538464 0.03365384615384615
2 0.37259615384615385 0.5336538461538461 0.03365384615384615 0.0673076923076923
0 0.1778846153846154 0.5252403846153846 0.038461538461538464 0.05048076923076923
4 0.18870192307692307 0.7295673076923077 0.04567307692307692 0.12139423076923077
2 0.2704326923076923 0.7896634615384616 0.028846153846153848 0.11177884615384616
4 0.12980769230769232 0.7980769230769231 0.03125 0.09615384615384616
1 0.47475961538461536 0.9014423076923077 0.026442307692307692 0.1201923076923077
4 0.5408653846153846 0.5961538461538461 0.02403846153846154 0.09134615384615384
1 0.7788461538461539 0.6009615384615384 0.02403846153846154 0.09014423076923077
2 0.5697115384615384 0.6634615384615384 0.038461538461538464 0.08413461538461539
2 0.6274038461538461 0.7355769230769231 0.02283653846153846 0.1141826923076923
1 0.9206730769230769 0.8185096153846154 0.02283653846153846 0.10336538461538461
2 0.6225961538461539 0.8774038461538461 0.026442307692307692 0.10096153846153846