1 0.27163461538461536 0.08413461538461539 0.03245192307692308 0.07932692307692307
1 0.037259615384615384 0.4807692307692308 0.02403846153846154 0.0829326923076923
1 0.49759615384615385 0.038461538461538464 0.028846153846153848 0.07692307692307693
4 0.7704326923076923 0.05048076923076923 0.04567307692307692 0.10096153846153846
2 0.5817307692307693 0.30528846153846156 0.020432692307692308 0.14423076923076922
0 0.8004807692307693 0.35216346153846156 0.04326923076923077 0.07451923076923077
2 0.5709134615384616 0.40625 0.025240384615384616 0.15745192307692307
4 0.9278846153846154 0.4651442307692308 0.03365384615384615 0.15625
2 0.5252403846153846 0.47115384615384615 0.027644230769230768 0.12620192307692307
4 0.859375 0.5144230769230769 0.03485576923076923 0.14423076923076922
4 0.9543269230769231 0.5276442307692307 0.038461538461538464 0.14423076923076922
1 0.5492788461538461 0.6045673076923077 0.030048076923076924 0.15144230769230768
3 0.05048076923076923 0.7175480769230769 0.019230769230769232 0.036057692307692304
0 0.17307692307692307 0.7199519230769231 0.028846153846153848 0.040865384615384616
2 0.30288461538461536 0.7524038461538461 0.021634615384615384 0.09495192307692307
1 0.24278846153846154 0.8533653846153846 0.026442307692307692 0.0829326923076923
4 0.06971153846153846 0.9519230769230769 0.03245192307692308 0.08653846153846154
4 0.8257211538461539 0.7139423076923077 0.04567307692307692 0.028846153846153848
2 0.6442307692307693 0.71875 0.02403846153846154 0.038461538461538464
1 0.4266826923076923 0.7487980769230769 0.026442307692307692 0.0985576923076923
4 0.9026442307692307 0.7764423076923077 0.055288461538461536 0.15384615384615385
1 0.6430288461538461 0.8149038461538461 0.02403846153846154 0.14182692307692307
4 0.9831730769230769 0.9495192307692307 0.028846153846153848 0.09615384615384616
1 0.9086538461538461 0.9591346153846154 0.04807692307692308 0.07692307692307693