2 0.29447115384615385 0.038461538461538464 0.026442307692307692 0.07692307692307693
0 0.125 0.10336538461538461 0.03485576923076923 0.06009615384615385
2 0.2608173076923077 0.14783653846153846 0.02283653846153846 0.11538461538461539
4 0.11298076923076923 0.3076923076923077 0.03365384615384615 0.09014423076923077
4 0.15865384615384615 0.36778846153846156 0.04447115384615385 0.0889423076923077
1 0.38461538461538464 0.41586538461538464 0.025240384615384616 0.11298076923076923
2 0.8737980769230769 0.025240384615384616 0.026442307692307692 0.05048076923076923
4 0.5516826923076923 0.015625 0.02283653846153846 0.025240384615384616
3 0.5396634615384616 0.052884615384615384 0.02403846153846154 0.03485576923076923
0 0.6766826923076923 0.09254807692307693 0.03365384615384615 0.06610576923076923
4 0.5324519230769231 0.12740384615384615 0.026442307692307692 0.09014423076923077
2 0.8990384615384616 0.13221153846153846 0.02283653846153846 0.10817307692307693
4 0.6442307692307693 0.43990384615384615 0.042067307692307696 0.10216346153846154
3 0.14302884615384615 0.5228365384615384 0.026442307692307692 0.007211538461538462
0 0.2800480769230769 0.5504807692307693 0.036057692307692304 0.0625
4 0.13581730769230768 0.5817307692307693 0.026442307692307692 0.09014423076923077
4 0.24759615384615385 0.8942307692307693 0.042067307692307696 0.10216346153846154
1 0.8221153846153846 0.5841346153846154 0.027644230769230768 0.125
4 0.6622596153846154 0.6117788461538461 0.038461538461538464 0.11298076923076923
2 0.734375 0.6790865384615384 0.04447115384615385 0.0829326923076923
2 0.8701923076923077 0.8257211538461539 0.026442307692307692 0.109375
3 0.6009615384615384 0.859375 0.04447115384615385 0.08774038461538461
4 0.4483173076923077 0.8617788461538461 0.040865384615384616 0.10817307692307693
0 0.6538461538461539 0.875 0.03485576923076923 0.06490384615384616
2 0.8677884615384616 0.9399038461538461 0.028846153846153848 0.11538461538461539