2 0.039663461538461536 0.036057692307692304 0.026442307692307692 0.07211538461538461
1 0.3112980769230769 0.04807692307692308 0.021634615384615384 0.09615384615384616
1 0.04807692307692308 0.33653846153846156 0.027644230769230768 0.09134615384615384
1 0.5661057692307693 0.013221153846153846 0.026442307692307692 0.026442307692307692
2 0.7175480769230769 0.03245192307692308 0.021634615384615384 0.06490384615384616
0 0.8725961538461539 0.052884615384615384 0.03125 0.0733173076923077
2 0.7463942307692307 0.14302884615384615 0.019230769230769232 0.11899038461538461
4 0.8966346153846154 0.21875 0.04807692307692308 0.11298076923076923
1 0.7668269230769231 0.22596153846153846 0.019230769230769232 0.11899038461538461
0 0.15865384615384615 0.546875 0.038461538461538464 0.036057692307692304
4 0.1310096153846154 0.6033653846153846 0.027644230769230768 0.10336538461538461
4 0.25600961538461536 0.625 0.03125 0.09495192307692307
4 0.15625 0.6646634615384616 0.03245192307692308 0.09735576923076923
4 0.2764423076923077 0.7283653846153846 0.039663461538461536 0.07932692307692307
1 0.10697115384615384 0.7620192307692307 0.02403846153846154 0.11177884615384616
4 0.3329326923076923 0.953125 0.040865384615384616 0.0889423076923077
1 0.2704326923076923 0.9543269230769231 0.021634615384615384 0.08653846153846154
1 0.7091346153846154 0.5865384615384616 0.018028846153846152 0.09735576923076923
2 0.5396634615384616 0.6334134615384616 0.02283653846153846 0.10216346153846154
2 0.5228365384615384 0.7295673076923077 0.02403846153846154 0.0829326923076923
1 0.7560096153846154 0.8401442307692307 0.028846153846153848 0.11658653846153846
2 0.5048076923076923 0.8762019230769231 0.020432692307692308 0.11057692307692307