4 0.41947115384615385 0.04447115384615385 0.03245192307692308 0.07572115384615384
4 0.4639423076923077 0.140625 0.025240384615384616 0.054086538461538464
2 0.35216346153846156 0.14543269230769232 0.025240384615384616 0.08653846153846154
2 0.30408653846153844 0.24759615384615385 0.02403846153846154 0.08653846153846154
3 0.5637019230769231 0.25240384615384615 0.02283653846153846 0.07932692307692307
0 0.43509615384615385 0.27283653846153844 0.026442307692307692 0.06610576923076923
4 0.5733173076923077 0.3317307692307692 0.007211538461538462 0.08653846153846154
2 0.3088942307692308 0.3449519230769231 0.02283653846153846 0.08533653846153846
1 0.38341346153846156 0.49038461538461536 0.019230769230769232 0.09134615384615384
4 0.5180288461538461 0.5360576923076923 0.03245192307692308 0.08653846153846154
1 0.18870192307692307 0.03125 0.016826923076923076 0.0625
1 0.22115384615384615 0.7896634615384616 0.028846153846153848 0.07451923076923077
4 0.5276442307692307 0.7992788461538461 0.040865384615384616 0.055288461538461536
1 0.9519230769230769 0.609375 0.025240384615384616 0.07451923076923077
1 0.9338942307692307 0.7295673076923077 0.021634615384615384 0.0829326923076923
1 0.7127403846153846 0.9362980769230769 0.02403846153846154 0.07451923076923077