1 0.375 0.037259615384615384 0.028846153846153848 0.07451923076923077
4 0.09014423076923077 0.11177884615384616 0.027644230769230768 0.03245192307692308
2 0.14783653846153846 0.11538461538461539 0.027644230769230768 0.042067307692307696
2 0.25240384615384615 0.1778846153846154 0.025240384615384616 0.0673076923076923
3 0.0625 0.20072115384615385 0.02283653846153846 0.05889423076923077
0 0.09615384615384616 0.23197115384615385 0.026442307692307692 0.0625
2 0.2536057692307692 0.24759615384615385 0.028846153846153848 0.08653846153846154
4 0.056490384615384616 0.33653846153846156 0.039663461538461536 0.06009615384615385
2 0.12980769230769232 0.375 0.02403846153846154 0.07572115384615384
1 0.3701923076923077 0.39903846153846156 0.028846153846153848 0.09615384615384616
4 0.8774038461538461 0.01201923076923077 0.038461538461538464 0.02403846153846154
1 0.6370192307692307 0.018028846153846152 0.03365384615384615 0.036057692307692304
4 0.9146634615384616 0.140625 0.03485576923076923 0.09375
2 0.7175480769230769 0.17548076923076922 0.03125 0.109375
2 0.71875 0.3737980769230769 0.021634615384615384 0.08653846153846154
3 0.9375 0.4050480769230769 0.037259615384615384 0.078125
0 0.8990384615384616 0.4170673076923077 0.038461538461538464 0.06009615384615385
4 0.3329326923076923 0.46634615384615385 0.026442307692307692 0.03365384615384615
1 0.17307692307692307 0.4855769230769231 0.019230769230769232 0.07211538461538461
4 0.35336538461538464 0.5408653846153846 0.03485576923076923 0.0733173076923077
1 0.19471153846153846 0.5745192307692307 0.025240384615384616 0.09495192307692307
1 0.026442307692307692 0.5829326923076923 0.016826923076923076 0.09735576923076923
2 0.26322115384615385 0.6346153846153846 0.02283653846153846 0.09014423076923077
0 0.4170673076923077 0.6730769230769231 0.03125 0.06129807692307692
2 0.2824519230769231 0.7247596153846154 0.03245192307692308 0.0985576923076923
1 0.30528846153846156 0.8064903846153846 0.028846153846153848 0.10336538461538461
1 0.2764423076923077 0.9543269230769231 0.03365384615384615 0.08653846153846154
1 0.7824519230769231 0.47716346153846156 0.03125 0.055288461538461536
2 0.9242788461538461 0.4951923076923077 0.026442307692307692 0.09134615384615384
2 0.8269230769230769 0.5697115384615384 0.026442307692307692 0.1045673076923077
1 0.65625 0.6153846153846154 0.030048076923076924 0.10817307692307693
0 0.9903846153846154 0.6225961538461539 0.014423076923076924 0.04326923076923077
1 0.7740384615384616 0.7403846153846154 0.021634615384615384 0.10817307692307693
4 0.8834134615384616 0.8028846153846154 0.014423076923076924 0.1045673076923077
4 0.9014423076923077 0.8317307692307693 0.018028846153846152 0.11899038461538461