2 0.17908653846153846 0.15504807692307693 0.056490384615384616 0.09254807692307693
1 0.2824519230769231 0.1622596153846154 0.040865384615384616 0.12139423076923077
0 0.037259615384615384 0.2644230769230769 0.036057692307692304 0.07091346153846154
2 0.23918269230769232 0.29927884615384615 0.037259615384615384 0.12740384615384615
2 0.1814903846153846 0.35096153846153844 0.04567307692307692 0.09134615384615384
1 0.6598557692307693 0.015625 0.021634615384615384 0.03125
4 0.8641826923076923 0.02283653846153846 0.021634615384615384 0.04567307692307692
4 0.8894230769230769 0.2512019230769231 0.03125 0.08653846153846154
2 0.7379807692307693 0.2800480769230769 0.026442307692307692 0.07692307692307693
4 0.8473557692307693 0.2800480769230769 0.027644230769230768 0.07451923076923077
4 0.8810096153846154 0.33413461538461536 0.030048076923076924 0.055288461538461536
2 0.7139423076923077 0.34975961538461536 0.025240384615384616 0.0829326923076923
1 0.4795673076923077 0.4387019230769231 0.040865384615384616 0.07932692307692307
1 0.359375 0.5216346153846154 0.016826923076923076 0.12860576923076922
2 0.4723557692307692 0.5540865384615384 0.018028846153846152 0.10576923076923077
0 0.5733173076923077 0.6502403846153846 0.028846153846153848 0.04807692307692308
2 0.41947115384615385 0.6694711538461539 0.028846153846153848 0.125
1 0.28125 0.6850961538461539 0.030048076923076924 0.12860576923076922
4 0.609375 0.7704326923076923 0.036057692307692304 0.11298076923076923
1 0.3425480769230769 0.8209134615384616 0.025240384615384616 0.12259615384615384
4 0.5180288461538461 0.8401442307692307 0.025240384615384616 0.11057692307692307
1 0.2512019230769231 0.8870192307692307 0.027644230769230768 0.11658653846153846
4 0.5637019230769231 0.9495192307692307 0.03125 0.09615384615384616
1 0.9350961538461539 0.4362980769230769 0.038461538461538464 0.07451923076923077
2 0.9519230769230769 0.6225961538461539 0.042067307692307696 0.109375
1 0.7992788461538461 0.7067307692307693 0.037259615384615384 0.13581730769230768
0 0.9891826923076923 0.7992788461538461 0.016826923076923076 0.08413461538461539
2 0.8052884615384616 0.8377403846153846 0.038461538461538464 0.0985576923076923
2 0.7884615384615384 0.9435096153846154 0.03365384615384615 0.10817307692307693