1 0.2403846153846154 0.14783653846153846 0.018028846153846152 0.06370192307692307
1 0.4170673076923077 0.15504807692307693 0.018028846153846152 0.05048076923076923
2 0.3317307692307692 0.25841346153846156 0.021634615384615384 0.07451923076923077
4 0.09495192307692307 0.3088942307692308 0.02283653846153846 0.037259615384615384
2 0.3269230769230769 0.3449519230769231 0.019230769230769232 0.06490384615384616
1 0.5084134615384616 0.34615384615384615 0.026442307692307692 0.0625
3 0.09495192307692307 0.35216346153846156 0.016826923076923076 0.05048076923076923
0 0.203125 0.37259615384615385 0.026442307692307692 0.009615384615384616
2 0.9747596153846154 0.33533653846153844 0.03125 0.08413461538461539
1 0.8882211538461539 0.33533653846153844 0.026442307692307692 0.08413461538461539
2 0.9362980769230769 0.36177884615384615 0.026442307692307692 0.03125
2 0.4074519230769231 0.46875 0.039663461538461536 0.08774038461538461
3 0.14783653846153846 0.5637019230769231 0.039663461538461536 0.13581730769230768
2 0.5048076923076923 0.5721153846153846 0.03245192307692308 0.12139423076923077
0 0.3076923076923077 0.5901442307692307 0.027644230769230768 0.0625
4 0.09735576923076923 0.6442307692307693 0.03125 0.11177884615384616
2 0.49038461538461536 0.6658653846153846 0.028846153846153848 0.15745192307692307
4 0.24759615384615385 0.7247596153846154 0.03365384615384615 0.140625
4 0.17427884615384615 0.7932692307692307 0.03245192307692308 0.1310096153846154
1 0.328125 0.796875 0.027644230769230768 0.15384615384615385
1 0.5625 0.8786057692307693 0.025240384615384616 0.14543269230769232
4 0.8713942307692307 0.4050480769230769 0.026442307692307692 0.05048076923076923
1 0.7223557692307693 0.43149038461538464 0.015625 0.07692307692307693
4 0.9771634615384616 0.5697115384615384 0.02283653846153846 0.05048076923076923
2 0.6947115384615384 0.6009615384615384 0.009615384615384616 0.0625
3 0.9699519230769231 0.6370192307692307 0.020432692307692308 0.10697115384615384
0 0.8305288461538461 0.6394230769230769 0.03245192307692308 0.0673076923076923
2 0.7115384615384616 0.7223557692307693 0.027644230769230768 0.06490384615384616
4 0.8209134615384616 0.8076923076923077 0.028846153846153848 0.09375
4 0.8533653846153846 0.9399038461538461 0.021634615384615384 0.09134615384615384