0 0.5961538461538461 0.1814903846153846 0.040865384615384616 0.09134615384615384
2 0.42788461538461536 0.18269230769230768 0.03125 0.1045673076923077
2 0.4651442307692308 0.30288461538461536 0.02403846153846154 0.10336538461538461
4 0.6466346153846154 0.328125 0.019230769230769232 0.06971153846153846
1 0.2439903846153846 0.3894230769230769 0.039663461538461536 0.0829326923076923
1 0.6045673076923077 0.4387019230769231 0.02403846153846154 0.10697115384615384
4 0.9555288461538461 0.052884615384615384 0.027644230769230768 0.07932692307692307
4 0.9543269230769231 0.14543269230769232 0.03125 0.0889423076923077
2 0.9014423076923077 0.1778846153846154 0.025240384615384616 0.0625
2 0.7896634615384616 0.18028846153846154 0.020432692307692308 0.0889423076923077
0 0.9519230769230769 0.31850961538461536 0.025240384615384616 0.054086538461538464
2 0.8088942307692307 0.3641826923076923 0.02403846153846154 0.09134615384615384
2 0.9266826923076923 0.43149038461538464 0.026442307692307692 0.09014423076923077
4 0.4807692307692308 0.6105769230769231 0.026442307692307692 0.07692307692307693
1 0.40625 0.6334134615384616 0.016826923076923076 0.0625
4 0.49158653846153844 0.7223557692307693 0.02283653846153846 0.06610576923076923
2 0.41466346153846156 0.7391826923076923 0.019230769230769232 0.07091346153846154
2 0.46274038461538464 0.8533653846153846 0.02283653846153846 0.052884615384615384
3 0.6189903846153846 0.8569711538461539 0.020432692307692308 0.08774038461538461
0 0.5084134615384616 0.8713942307692307 0.03365384615384615 0.04326923076923077
1 0.06129807692307692 0.9411057692307693 0.02283653846153846 0.0733173076923077
4 0.4543269230769231 0.5168269230769231 0.028846153846153848 0.014423076923076924
1 0.39783653846153844 0.5264423076923077 0.021634615384615384 0.03365384615384615
4 0.7403846153846154 0.6045673076923077 0.020432692307692308 0.08533653846153846
1 0.828125 0.6262019230769231 0.02283653846153846 0.09254807692307693
2 0.8533653846153846 0.8293269230769231 0.025240384615384616 0.09134615384615384
0 0.6935096153846154 0.8449519230769231 0.027644230769230768 0.07451923076923077
2 0.8233173076923077 0.9134615384615384 0.026442307692307692 0.09495192307692307