3 0.4423076923076923 0.025240384615384616 0.02403846153846154 0.05048076923076923
0 0.3016826923076923 0.02283653846153846 0.03125 0.04567307692307692
2 0.11778846153846154 0.06971153846153846 0.021634615384615384 0.11538461538461539
1 0.2620192307692308 0.15264423076923078 0.027644230769230768 0.11177884615384616
4 0.328125 0.15745192307692307 0.038461538461538464 0.08774038461538461
4 0.3629807692307692 0.296875 0.025240384615384616 0.09014423076923077
1 0.26322115384615385 0.31850961538461536 0.02403846153846154 0.10697115384615384
2 0.6442307692307693 0.01201923076923077 0.028846153846153848 0.02403846153846154
4 0.8185096153846154 0.06009615384615385 0.03365384615384615 0.0625
4 0.7872596153846154 0.08052884615384616 0.03125 0.07451923076923077
2 0.6442307692307693 0.08653846153846154 0.025240384615384616 0.09014423076923077
4 0.8293269230769231 0.15865384615384615 0.030048076923076924 0.06850961538461539
1 0.7019230769230769 0.16105769230769232 0.02403846153846154 0.08173076923076923
1 0.5985576923076923 0.2548076923076923 0.030048076923076924 0.09014423076923077
1 0.47836538461538464 0.59375 0.01201923076923077 0.06490384615384616
1 0.2668269230769231 0.6069711538461539 0.010817307692307692 0.07692307692307693
2 0.36899038461538464 0.6742788461538461 0.019230769230769232 0.08052884615384616
4 0.5192307692307693 0.6935096153846154 0.014423076923076924 0.0889423076923077
1 0.030048076923076924 0.7379807692307693 0.013221153846153846 0.0889423076923077
2 0.3269230769230769 0.7644230769230769 0.020432692307692308 0.07091346153846154
2 0.25 0.8245192307692307 0.020432692307692308 0.08413461538461539
0 0.3894230769230769 0.8353365384615384 0.028846153846153848 0.052884615384615384
4 0.5228365384615384 0.8413461538461539 0.007211538461538462 0.08653846153846154
3 0.4963942307692308 0.8629807692307693 0.02403846153846154 0.10576923076923077
2 0.18870192307692307 0.8918269230769231 0.021634615384615384 0.0889423076923077
4 0.47596153846153844 0.8918269230769231 0.027644230769230768 0.0829326923076923
1 0.055288461538461536 0.9362980769230769 0.021634615384615384 0.09975961538461539
4 0.2620192307692308 0.9615384615384616 0.04326923076923077 0.07211538461538461
2 0.7572115384615384 0.4567307692307692 0.019230769230769232 0.07692307692307693
2 0.8870192307692307 0.46033653846153844 0.03125 0.0625
0 0.9278846153846154 0.5745192307692307 0.025240384615384616 0.0625
2 0.7884615384615384 0.6322115384615384 0.020432692307692308 0.07692307692307693
4 0.9771634615384616 0.6850961538461539 0.040865384615384616 0.10096153846153846
4 0.9483173076923077 0.9002403846153846 0.027644230769230768 0.08653846153846154
1 0.7103365384615384 0.9206730769230769 0.027644230769230768 0.09735576923076923