4 0.17668269230769232 0.05048076923076923 0.02403846153846154 0.05889423076923077
2 0.04927884615384615 0.12259615384615384 0.018028846153846152 0.06610576923076923
1 0.003605769230769231 0.15504807692307693 0.007211538461538462 0.07932692307692307
3 0.3713942307692308 0.22235576923076922 0.019230769230769232 0.08653846153846154
0 0.2668269230769231 0.2776442307692308 0.025240384615384616 0.06129807692307692
4 0.41466346153846156 0.2800480769230769 0.018028846153846152 0.0829326923076923
2 0.14543269230769232 0.3112980769230769 0.019230769230769232 0.07692307692307693
1 0.02283653846153846 0.3798076923076923 0.016826923076923076 0.0673076923076923
4 0.9459134615384616 0.028846153846153848 0.055288461538461536 0.057692307692307696
1 0.6862980769230769 0.04567307692307692 0.026442307692307692 0.09134615384615384
1 0.9519230769230769 0.21153846153846154 0.04567307692307692 0.16947115384615385
2 0.11298076923076923 0.5444711538461539 0.039663461538461536 0.06850961538461539
2 0.20673076923076922 0.6105769230769231 0.028846153846153848 0.09615384615384616
3 0.013221153846153846 0.6478365384615384 0.026442307692307692 0.06490384615384616
0 0.04326923076923077 0.6634615384615384 0.025240384615384616 0.06370192307692307
2 0.21634615384615385 0.7235576923076923 0.030048076923076924 0.09615384615384616
4 0.010817307692307692 0.7764423076923077 0.021634615384615384 0.0673076923076923
2 0.11177884615384616 0.8233173076923077 0.026442307692307692 0.1045673076923077
1 0.25 0.9326923076923077 0.03125 0.1141826923076923
1 0.9735576923076923 0.49038461538461536 0.02403846153846154 0.04326923076923077
2 0.5985576923076923 0.5612980769230769 0.02283653846153846 0.07932692307692307
0 0.5444711538461539 0.6346153846153846 0.03125 0.07692307692307693
2 0.5901442307692307 0.6862980769230769 0.037259615384615384 0.09735576923076923
2 0.6622596153846154 0.765625 0.025240384615384616 0.0889423076923077
1 0.5516826923076923 0.8353365384615384 0.02403846153846154 0.08653846153846154