1 0.49399038461538464 0.026442307692307692 0.007211538461538462 0.052884615384615384
1 0.18509615384615385 0.12740384615384615 0.010817307692307692 0.10216346153846154
2 0.4170673076923077 0.13341346153846154 0.021634615384615384 0.09375
2 0.4807692307692308 0.18990384615384615 0.021634615384615384 0.06610576923076923
0 0.49278846153846156 0.27884615384615385 0.009615384615384616 0.04326923076923077
2 0.31490384615384615 0.3798076923076923 0.025240384615384616 0.07932692307692307
2 0.41466346153846156 0.39663461538461536 0.038461538461538464 0.06610576923076923
1 0.1971153846153846 0.4579326923076923 0.03125 0.08774038461538461
4 0.4326923076923077 0.5144230769230769 0.03245192307692308 0.1045673076923077
1 0.2920673076923077 0.6658653846153846 0.03125 0.10096153846153846
4 0.3954326923076923 0.6754807692307693 0.036057692307692304 0.08173076923076923
1 0.9026442307692307 0.17548076923076922 0.015625 0.06610576923076923
1 0.7908653846153846 0.30649038461538464 0.02283653846153846 0.09254807692307693
2 0.8401442307692307 0.3329326923076923 0.018028846153846152 0.08533653846153846
0 0.9675480769230769 0.3545673076923077 0.03125 0.046875
2 0.9146634615384616 0.36899038461538464 0.02283653846153846 0.05048076923076923
2 0.8617788461538461 0.5324519230769231 0.015625 0.07451923076923077
4 0.9435096153846154 0.5877403846153846 0.027644230769230768 0.07451923076923077
1 0.8197115384615384 0.6081730769230769 0.021634615384615384 0.08533653846153846
4 0.9795673076923077 0.6658653846153846 0.02283653846153846 0.07932692307692307
1 0.3545673076923077 0.7776442307692307 0.036057692307692304 0.11177884615384616
1 0.18389423076923078 0.9050480769230769 0.027644230769230768 0.12259615384615384
2 0.3004807692307692 0.9735576923076923 0.028846153846153848 0.04807692307692308
0 0.47115384615384615 0.9867788461538461 0.052884615384615384 0.021634615384615384
4 0.7632211538461539 0.7415865384615384 0.026442307692307692 0.04567307692307692
4 0.7151442307692307 0.8930288461538461 0.03365384615384615 0.11057692307692307
1 0.5817307692307693 0.8978365384615384 0.026442307692307692 0.0985576923076923