1 0.004807692307692308 0.03365384615384615 0.009615384615384616 0.0673076923076923
1 0.9038461538461539 0.07451923076923077 0.03125 0.11538461538461539
4 0.5516826923076923 0.07572115384615384 0.03125 0.09134615384615384
4 0.5925480769230769 0.13221153846153846 0.028846153846153848 0.12379807692307693
2 0.6766826923076923 0.13341346153846154 0.027644230769230768 0.11177884615384616
4 0.5144230769230769 0.19230769230769232 0.039663461538461536 0.07692307692307693
2 0.7944711538461539 0.22115384615384615 0.03125 0.13581730769230768
3 0.5144230769230769 0.2932692307692308 0.028846153846153848 0.10096153846153846
0 0.5588942307692307 0.3401442307692308 0.040865384615384616 0.07451923076923077
2 0.75 0.33653846153846156 0.028846153846153848 0.08173076923076923
2 0.30649038461538464 0.4362980769230769 0.02403846153846154 0.09134615384615384
4 0.006009615384615385 0.5 0.01201923076923077 0.04807692307692308
2 0.2800480769230769 0.5564903846153846 0.025240384615384616 0.10576923076923077
0 0.10576923076923077 0.6021634615384616 0.040865384615384616 0.06370192307692307
2 0.24759615384615385 0.6502403846153846 0.025240384615384616 0.08653846153846154
4 0.030048076923076924 0.7403846153846154 0.03485576923076923 0.0829326923076923
4 0.052884615384615384 0.9867788461538461 0.038461538461538464 0.021634615384615384
4 0.125 0.4110576923076923 0.038461538461538464 0.0625
4 0.7824519230769231 0.44711538461538464 0.026442307692307692 0.06490384615384616
1 0.6382211538461539 0.45072115384615385 0.018028846153846152 0.0829326923076923
2 0.7379807692307693 0.5120192307692307 0.02283653846153846 0.04807692307692308
4 0.7896634615384616 0.5216346153846154 0.025240384615384616 0.051682692307692304
2 0.7572115384615384 0.5997596153846154 0.021634615384615384 0.0625
3 0.9387019230769231 0.6442307692307693 0.021634615384615384 0.09615384615384616
4 0.8942307692307693 0.6550480769230769 0.021634615384615384 0.042067307692307696
0 0.8197115384615384 0.6850961538461539 0.03365384615384615 0.051682692307692304
2 0.7367788461538461 0.7175480769230769 0.025240384615384616 0.05889423076923077
1 0.4699519230769231 0.7199519230769231 0.025240384615384616 0.08173076923076923