1 0.19831730769230768 0.13942307692307693 0.026442307692307692 0.078125
4 0.41586538461538464 0.15745192307692307 0.021634615384615384 0.07572115384615384
1 0.1310096153846154 0.2127403846153846 0.020432692307692308 0.0829326923076923
4 0.5480769230769231 0.24278846153846154 0.014423076923076924 0.0625
4 0.4951923076923077 0.27403846153846156 0.025240384615384616 0.09495192307692307
2 0.2800480769230769 0.28125 0.02403846153846154 0.07091346153846154
3 0.5408653846153846 0.2932692307692308 0.02403846153846154 0.09134615384615384
0 0.41346153846153844 0.3112980769230769 0.025240384615384616 0.057692307692307696
2 0.29086538461538464 0.36778846153846156 0.027644230769230768 0.09134615384615384
1 0.020432692307692308 0.4495192307692308 0.021634615384615384 0.09615384615384616
2 0.8930288461538461 0.03245192307692308 0.036057692307692304 0.06490384615384616
1 0.6730769230769231 0.04927884615384615 0.02403846153846154 0.0985576923076923
2 0.7704326923076923 0.19471153846153846 0.04447115384615385 0.14182692307692307
2 0.8389423076923077 0.2860576923076923 0.04326923076923077 0.08653846153846154
1 0.8233173076923077 0.4110576923076923 0.028846153846153848 0.16826923076923078
1 0.3125 0.6478365384615384 0.027644230769230768 0.08653846153846154
4 0.23798076923076922 0.6526442307692307 0.03245192307692308 0.10336538461538461
1 0.5096153846153846 0.8185096153846154 0.027644230769230768 0.0985576923076923
4 0.2620192307692308 0.8786057692307693 0.03485576923076923 0.11057692307692307
2 0.3918269230769231 0.9038461538461539 0.02283653846153846 0.11057692307692307
0 0.875 0.671875 0.040865384615384616 0.09134615384615384
2 0.7067307692307693 0.6730769230769231 0.03125 0.1045673076923077
2 0.7439903846153846 0.7932692307692307 0.02403846153846154 0.10336538461538461
4 0.9326923076923077 0.8173076923076923 0.030048076923076924 0.0673076923076923
4 0.9675480769230769 0.8557692307692307 0.04807692307692308 0.08052884615384616
1 0.8834134615384616 0.9290865384615384 0.02403846153846154 0.10697115384615384