1 0.1778846153846154 0.010817307692307692 0.019230769230769232 0.021634615384615384
2 0.3137019230769231 0.057692307692307696 0.013221153846153846 0.05048076923076923
0 0.38221153846153844 0.0733173076923077 0.019230769230769232 0.03365384615384615
1 0.15264423076923078 0.1875 0.01201923076923077 0.055288461538461536
4 0.3161057692307692 0.23677884615384615 0.020432692307692308 0.06850961538461539
1 0.11658653846153846 0.2620192307692308 0.013221153846153846 0.06850961538461539
4 0.29447115384615385 0.3233173076923077 0.016826923076923076 0.07211538461538461
1 0.09254807692307693 0.35096153846153844 0.014423076923076924 0.05889423076923077
4 0.23677884615384615 0.43990384615384615 0.02283653846153846 0.07932692307692307
4 0.4807692307692308 0.21995192307692307 0.019230769230769232 0.10817307692307693
2 0.5721153846153846 0.2860576923076923 0.03365384615384615 0.11057692307692307
2 0.6310096153846154 0.35216346153846156 0.03485576923076923 0.12259615384615384
0 0.453125 0.4014423076923077 0.007211538461538462 0.0625
2 0.578125 0.5180288461538461 0.030048076923076924 0.15865384615384615
2 0.4230769230769231 0.6274038461538461 0.028846153846153848 0.057692307692307696
4 0.11057692307692307 0.6911057692307693 0.039663461538461536 0.09735576923076923
2 0.20432692307692307 0.7463942307692307 0.03245192307692308 0.15144230769230768
4 0.12620192307692307 0.7692307692307693 0.040865384615384616 0.11899038461538461
2 0.5697115384615384 0.7824519230769231 0.02403846153846154 0.0985576923076923
1 0.9927884615384616 0.8245192307692307 0.009615384615384616 0.10576923076923077
2 0.5540865384615384 0.8930288461538461 0.028846153846153848 0.09735576923076923