4 0.39663461538461536 0.007211538461538462 0.028846153846153848 0.014423076923076924
1 0.32211538461538464 0.014423076923076924 0.019230769230769232 0.028846153846153848
4 0.4074519230769231 0.08533653846153846 0.02283653846153846 0.06610576923076923
2 0.33052884615384615 0.10216346153846154 0.019230769230769232 0.07091346153846154
2 0.3786057692307692 0.21634615384615385 0.02283653846153846 0.052884615384615384
3 0.5348557692307693 0.21995192307692307 0.020432692307692308 0.08774038461538461
0 0.42427884615384615 0.234375 0.03365384615384615 0.04326923076923077
4 0.4963942307692308 0.4098557692307692 0.03125 0.03125
1 0.90625 0.09014423076923077 0.018028846153846152 0.0829326923076923
4 0.9939903846153846 0.09134615384615384 0.007211538461538462 0.07692307692307693
2 0.8509615384615384 0.20192307692307693 0.016826923076923076 0.07932692307692307
2 0.8245192307692307 0.28846153846153844 0.019230769230769232 0.07932692307692307
3 0.9771634615384616 0.3557692307692308 0.019230769230769232 0.0889423076923077
0 0.9459134615384616 0.3581730769230769 0.026442307692307692 0.04326923076923077
2 0.8125 0.38822115384615385 0.02403846153846154 0.07451923076923077
1 0.6778846153846154 0.3858173076923077 0.019230769230769232 0.07932692307692307
4 0.37740384615384615 0.4411057692307692 0.02403846153846154 0.026442307692307692
2 0.23317307692307693 0.4987980769230769 0.025240384615384616 0.09014423076923077
4 0.46274038461538464 0.5132211538461539 0.02283653846153846 0.04807692307692308
3 0.46274038461538464 0.5721153846153846 0.036057692307692304 0.09014423076923077
0 0.3425480769230769 0.5961538461538461 0.030048076923076924 0.0625
2 0.28365384615384615 0.6442307692307693 0.026442307692307692 0.08533653846153846
1 0.33653846153846156 0.7632211538461539 0.036057692307692304 0.10216346153846154
4 0.4254807692307692 0.9483173076923077 0.051682692307692304 0.08173076923076923
1 0.35216346153846156 0.9567307692307693 0.028846153846153848 0.08533653846153846