1 0.2860576923076923 0.036057692307692304 0.03365384615384615 0.07211538461538461
1 0.14182692307692307 0.22956730769230768 0.03485576923076923 0.11298076923076923
4 0.016826923076923076 0.40384615384615385 0.03365384615384615 0.10096153846153846
2 0.12379807692307693 0.45913461538461536 0.036057692307692304 0.07692307692307693
4 0.01201923076923077 0.020432692307692308 0.02403846153846154 0.040865384615384616
1 0.6706730769230769 0.03365384615384615 0.020432692307692308 0.06370192307692307
4 0.5685096153846154 0.04447115384615385 0.02403846153846154 0.05889423076923077
4 0.5336538461538461 0.07211538461538461 0.018028846153846152 0.055288461538461536
1 0.6394230769230769 0.0985576923076923 0.020432692307692308 0.0733173076923077
1 0.8762019230769231 0.16826923076923078 0.015625 0.07211538461538461
3 0.43149038461538464 0.1814903846153846 0.021634615384615384 0.09254807692307693
2 0.6947115384615384 0.18389423076923078 0.019230769230769232 0.07692307692307693
0 0.5649038461538461 0.2127403846153846 0.028846153846153848 0.055288461538461536
2 0.7163461538461539 0.25841346153846156 0.021634615384615384 0.07091346153846154
1 0.9783653846153846 0.4098557692307692 0.020432692307692308 0.0889423076923077
4 0.4230769230769231 0.43028846153846156 0.026442307692307692 0.11899038461538461
4 0.4831730769230769 0.4326923076923077 0.027644230769230768 0.09495192307692307
1 0.6802884615384616 0.4567307692307692 0.028846153846153848 0.08173076923076923
2 0.14302884615384615 0.5300480769230769 0.016826923076923076 0.06009615384615385
3 0.3473557692307692 0.5913461538461539 0.016826923076923076 0.07211538461538461
0 0.2439903846153846 0.6237980769230769 0.027644230769230768 0.05889423076923077
2 0.1778846153846154 0.6658653846153846 0.020432692307692308 0.07451923076923077
4 0.33653846153846156 0.9423076923076923 0.038461538461538464 0.07451923076923077
1 0.2704326923076923 0.9603365384615384 0.026442307692307692 0.07451923076923077
1 0.7055288461538461 0.5216346153846154 0.021634615384615384 0.04326923076923077
1 0.8028846153846154 0.5805288461538461 0.019230769230769232 0.11177884615384616
0 0.4639423076923077 0.5949519230769231 0.03125 0.06009615384615385
2 0.6310096153846154 0.609375 0.03245192307692308 0.10336538461538461
2 0.578125 0.7199519230769231 0.028846153846153848 0.1141826923076923
1 0.7379807692307693 0.8112980769230769 0.026442307692307692 0.11899038461538461
1 0.40024038461538464 0.8485576923076923 0.02403846153846154 0.10697115384615384