4 0.20072115384615385 0.019230769230769232 0.026442307692307692 0.038461538461538464
1 0.1141826923076923 0.020432692307692308 0.026442307692307692 0.040865384615384616
2 0.0829326923076923 0.026442307692307692 0.026442307692307692 0.052884615384615384
3 0.29086538461538464 0.08052884615384616 0.03245192307692308 0.09014423076923077
0 0.11899038461538461 0.12259615384615384 0.019230769230769232 0.07091346153846154
2 0.003605769230769231 0.1466346153846154 0.007211538461538462 0.11538461538461539
4 0.28125 0.15264423076923078 0.03125 0.10697115384615384
2 0.07211538461538461 0.21995192307692307 0.037259615384615384 0.13341346153846154
4 0.1935096153846154 0.22115384615384615 0.042067307692307696 0.1141826923076923
4 0.12860576923076922 0.29447115384615385 0.03485576923076923 0.13822115384615385
4 0.140625 0.3473557692307692 0.04567307692307692 0.07932692307692307
1 0.9519230769230769 0.10697115384615384 0.020432692307692308 0.0889423076923077
4 0.4567307692307692 0.12980769230769232 0.027644230769230768 0.09495192307692307
1 0.6526442307692307 0.15745192307692307 0.026442307692307692 0.08653846153846154
4 0.47475961538461536 0.33774038461538464 0.04326923076923077 0.10096153846153846
1 0.5841346153846154 0.33774038461538464 0.03365384615384615 0.0985576923076923
2 0.203125 0.5012019230769231 0.02283653846153846 0.09735576923076923
0 0.31971153846153844 0.5913461538461539 0.027644230769230768 0.06610576923076923
2 0.1622596153846154 0.6730769230769231 0.026442307692307692 0.09615384615384616
4 0.27524038461538464 0.7848557692307693 0.04807692307692308 0.10817307692307693
1 0.04927884615384615 0.8389423076923077 0.028846153846153848 0.125
1 0.5673076923076923 0.43509615384615385 0.02403846153846154 0.09134615384615384
4 0.8701923076923077 0.43509615384615385 0.04326923076923077 0.09134615384615384
1 0.7956730769230769 0.5024038461538461 0.021634615384615384 0.07572115384615384
4 0.8870192307692307 0.53125 0.039663461538461536 0.06610576923076923
4 0.8689903846153846 0.5721153846153846 0.04326923076923077 0.046875
1 0.5 0.5985576923076923 0.02283653846153846 0.10336538461538461
2 0.6742788461538461 0.6165865384615384 0.027644230769230768 0.0889423076923077
3 0.9038461538461539 0.6947115384615384 0.04326923076923077 0.06009615384615385
0 0.8629807692307693 0.7103365384615384 0.036057692307692304 0.06610576923076923
2 0.6730769230769231 0.7379807692307693 0.02403846153846154 0.09375
2 0.8353365384615384 0.8317307692307693 0.037259615384615384 0.07451923076923077
2 0.7908653846153846 0.8665865384615384 0.02403846153846154 0.11658653846153846
4 0.9375 0.953125 0.04807692307692308 0.0889423076923077
1 0.8509615384615384 0.9615384615384616 0.028846153846153848 0.07211538461538461