1 0.010817307692307692 0.06850961538461539 0.021634615384615384 0.12259615384615384
3 0.7524038461538461 0.07451923076923077 0.04447115384615385 0.06971153846153846
2 0.38461538461538464 0.07692307692307693 0.02403846153846154 0.109375
2 0.47115384615384615 0.07932692307692307 0.026442307692307692 0.10336538461538461
2 0.5360576923076923 0.10336538461538461 0.056490384615384616 0.08774038461538461
0 0.5973557692307693 0.11538461538461539 0.04326923076923077 0.08413461538461539
4 0.7644230769230769 0.18389423076923078 0.02403846153846154 0.14182692307692307
1 0.5204326923076923 0.27403846153846156 0.03365384615384615 0.10697115384615384
2 0.27524038461538464 0.5853365384615384 0.037259615384615384 0.1502403846153846
0 0.13701923076923078 0.6358173076923077 0.030048076923076924 0.10336538461538461
2 0.2620192307692308 0.7055288461538461 0.02403846153846154 0.15264423076923078
1 0.5901442307692307 0.8028846153846154 0.042067307692307696 0.16947115384615385
4 0.13581730769230768 0.8533653846153846 0.051682692307692304 0.16346153846153846
2 0.46875 0.8810096153846154 0.046875 0.17548076923076922
4 0.18028846153846154 0.9110576923076923 0.0625 0.17307692307692307
4 0.26322115384615385 0.9543269230769231 0.06009615384615385 0.08653846153846154
1 0.3473557692307692 0.9591346153846154 0.04567307692307692 0.07692307692307693
1 0.4495192307692308 0.5120192307692307 0.038461538461538464 0.08653846153846154
2 0.14423076923076922 0.5036057692307693 0.038461538461538464 0.06971153846153846
4 0.84375 0.5204326923076923 0.036057692307692304 0.09014423076923077
1 0.9927884615384616 0.5384615384615384 0.009615384615384616 0.09134615384615384
2 0.9891826923076923 0.8798076923076923 0.016826923076923076 0.09134615384615384
0 0.828125 0.9591346153846154 0.027644230769230768 0.05889423076923077
2 0.9807692307692307 0.984375 0.02403846153846154 0.026442307692307692