1 0.23557692307692307 0.14903846153846154 0.010817307692307692 0.10216346153846154
2 0.36538461538461536 0.4014423076923077 0.025240384615384616 0.07932692307692307
1 0.24759615384615385 0.46033653846153844 0.03365384615384615 0.05048076923076923
1 0.46634615384615385 0.037259615384615384 0.02403846153846154 0.07451923076923077
1 0.9483173076923077 0.17668269230769232 0.02403846153846154 0.09495192307692307
2 0.4963942307692308 0.1875 0.026442307692307692 0.0985576923076923
2 0.5396634615384616 0.2764423076923077 0.030048076923076924 0.07091346153846154
2 0.5528846153846154 0.3713942307692308 0.02283653846153846 0.07932692307692307
1 0.5528846153846154 0.44711538461538464 0.019230769230769232 0.07692307692307693
1 0.21634615384615385 0.5985576923076923 0.027644230769230768 0.10336538461538461
1 0.24639423076923078 0.6995192307692307 0.039663461538461536 0.13942307692307693
4 0.3449519230769231 0.6995192307692307 0.040865384615384616 0.14302884615384615
1 0.1814903846153846 0.734375 0.03365384615384615 0.11177884615384616
4 0.30528846153846156 0.7355769230769231 0.04567307692307692 0.09975961538461539
2 0.21153846153846154 0.7584134615384616 0.037259615384615384 0.0829326923076923
2 0.04807692307692308 0.8317307692307693 0.030048076923076924 0.14423076923076922
2 0.057692307692307696 0.9507211538461539 0.04807692307692308 0.09375
0 0.2608173076923077 0.9591346153846154 0.040865384615384616 0.07692307692307693
2 0.8581730769230769 0.5072115384615384 0.03365384615384615 0.038461538461538464
4 0.6802884615384616 0.7151442307692307 0.025240384615384616 0.09495192307692307
1 0.7620192307692307 0.7175480769230769 0.028846153846153848 0.09615384615384616
1 0.9627403846153846 0.9170673076923077 0.028846153846153848 0.09495192307692307
4 0.6646634615384616 0.9699519230769231 0.040865384615384616 0.055288461538461536