2 0.17908653846153846 0.037259615384615384 0.026442307692307692 0.07451923076923077
1 0.6057692307692307 0.06490384615384616 0.016826923076923076 0.10336538461538461
0 0.015625 0.09495192307692307 0.03125 0.06009615384615385
2 0.1622596153846154 0.13341346153846154 0.028846153846153848 0.09735576923076923
2 0.02403846153846154 0.23076923076923078 0.03245192307692308 0.042067307692307696
1 0.020432692307692308 0.2764423076923077 0.027644230769230768 0.0673076923076923
1 0.03245192307692308 0.34375 0.03125 0.04326923076923077
1 0.7800480769230769 0.2848557692307692 0.02403846153846154 0.08052884615384616
1 0.12379807692307693 0.45913461538461536 0.03125 0.07932692307692307
4 0.3557692307692308 0.46274038461538464 0.02403846153846154 0.0673076923076923
4 0.37259615384615385 0.5973557692307693 0.027644230769230768 0.0625
1 0.015625 0.609375 0.02403846153846154 0.078125
2 0.1622596153846154 0.6706730769230769 0.026442307692307692 0.078125
3 0.5084134615384616 0.7127403846153846 0.019230769230769232 0.09375
0 0.3894230769230769 0.7427884615384616 0.026442307692307692 0.05048076923076923
4 0.5432692307692307 0.7872596153846154 0.020432692307692308 0.078125
2 0.20072115384615385 0.8088942307692307 0.021634615384615384 0.07932692307692307
1 0.2704326923076923 0.9110576923076923 0.02283653846153846 0.08774038461538461
4 0.484375 0.96875 0.03125 0.057692307692307696
4 0.7367788461538461 0.3786057692307692 0.036057692307692304 0.021634615384615384
4 0.8786057692307693 0.4675480769230769 0.019230769230769232 0.0829326923076923
3 0.9350961538461539 0.48197115384615385 0.019230769230769232 0.09134615384615384
2 0.6538461538461539 0.5060096153846154 0.009615384615384616 0.07451923076923077
0 0.8028846153846154 0.5240384615384616 0.028846153846153848 0.05048076923076923
4 0.96875 0.5372596153846154 0.026442307692307692 0.09495192307692307
2 0.7019230769230769 0.5841346153846154 0.02403846153846154 0.08774038461538461
4 0.90625 0.7319711538461539 0.038461538461538464 0.10336538461538461
1 0.6778846153846154 0.7728365384615384 0.026442307692307692 0.10817307692307693