2 0.3161057692307692 0.030048076923076924 0.016826923076923076 0.06009615384615385
3 0.07572115384615384 0.03485576923076923 0.021634615384615384 0.06971153846153846
0 0.16947115384615385 0.0625 0.02283653846153846 0.0625
2 0.2920673076923077 0.0829326923076923 0.015625 0.07932692307692307
4 0.055288461538461536 0.09134615384615384 0.021634615384615384 0.07091346153846154
2 0.25600961538461536 0.2283653846153846 0.014423076923076924 0.07451923076923077
4 0.1141826923076923 0.234375 0.027644230769230768 0.07451923076923077
1 0.31850961538461536 0.24879807692307693 0.019230769230769232 0.06490384615384616
4 0.06610576923076923 0.49399038461538464 0.036057692307692304 0.026442307692307692
1 0.28966346153846156 0.4963942307692308 0.016826923076923076 0.021634615384615384
1 0.5649038461538461 0.01201923076923077 0.02403846153846154 0.02403846153846154
2 0.8449519230769231 0.06971153846153846 0.03125 0.07091346153846154
2 0.9050480769230769 0.1466346153846154 0.025240384615384616 0.09014423076923077
1 0.7043269230769231 0.21634615384615385 0.02403846153846154 0.09014423076923077
1 0.8834134615384616 0.33533653846153844 0.02403846153846154 0.10697115384615384
1 0.3473557692307692 0.5444711538461539 0.03125 0.06971153846153846
2 0.43028846153846156 0.5384615384615384 0.03365384615384615 0.057692307692307696
2 0.3389423076923077 0.6550480769230769 0.028846153846153848 0.1310096153846154
2 0.3545673076923077 0.71875 0.03485576923076923 0.12379807692307693
1 0.32211538461538464 0.9711538461538461 0.02403846153846154 0.052884615384615384
1 0.9447115384615384 0.6550480769230769 0.03365384615384615 0.125
4 0.9098557692307693 0.7055288461538461 0.037259615384615384 0.12139423076923077
1 0.7752403846153846 0.7283653846153846 0.03365384615384615 0.12259615384615384
2 0.7331730769230769 0.8149038461538461 0.03245192307692308 0.11899038461538461
0 0.9098557692307693 0.8521634615384616 0.042067307692307696 0.06490384615384616
3 0.9543269230769231 0.8701923076923077 0.03485576923076923 0.1310096153846154
2 0.6826923076923077 0.8990384615384616 0.030048076923076924 0.10817307692307693
4 0.7788461538461539 0.9591346153846154 0.04326923076923077 0.07692307692307693
4 0.7451923076923077 0.9867788461538461 0.019230769230769232 0.021634615384615384