4 0.44471153846153844 0.23317307692307693 0.040865384615384616 0.10336538461538461
1 0.12259615384615384 0.23677884615384615 0.02403846153846154 0.12740384615384615
4 0.41586538461538464 0.28725961538461536 0.04447115384615385 0.11057692307692307
2 0.2620192307692308 0.3557692307692308 0.030048076923076924 0.13341346153846154
3 0.5372596153846154 0.43990384615384615 0.038461538461538464 0.0673076923076923
4 0.6538461538461539 0.45072115384615385 0.037259615384615384 0.0889423076923077
0 0.5 0.47716346153846156 0.04326923076923077 0.07932692307692307
2 0.2920673076923077 0.46634615384615385 0.03125 0.10096153846153846
1 0.9867788461538461 0.026442307692307692 0.021634615384615384 0.052884615384615384
2 0.3870192307692308 0.5288461538461539 0.03365384615384615 0.019230769230769232
4 0.3317307692307692 0.5324519230769231 0.028846153846153848 0.026442307692307692
4 0.30528846153846156 0.5372596153846154 0.038461538461538464 0.036057692307692304
2 0.4795673076923077 0.6069711538461539 0.03125 0.07091346153846154
1 0.08173076923076923 0.6262019230769231 0.021634615384615384 0.09975961538461539
3 0.2932692307692308 0.6334134615384616 0.03125 0.05048076923076923
0 0.32572115384615385 0.6550480769230769 0.03245192307692308 0.07692307692307693
2 0.4987980769230769 0.7151442307692307 0.030048076923076924 0.09495192307692307
1 0.7175480769230769 0.8725961538461539 0.016826923076923076 0.11057692307692307
4 0.2668269230769231 0.9086538461538461 0.03245192307692308 0.09615384615384616
4 0.22115384615384615 0.9338942307692307 0.03365384615384615 0.10216346153846154
1 0.49759615384615385 0.9603365384615384 0.02403846153846154 0.07451923076923077
4 0.9903846153846154 0.71875 0.014423076923076924 0.04326923076923077
2 0.8401442307692307 0.7944711538461539 0.025240384615384616 0.1045673076923077
2 0.8689903846153846 0.8930288461538461 0.03245192307692308 0.11298076923076923
4 0.9014423076923077 0.5841346153846154 0.026442307692307692 0.09375