1 0.057692307692307696 0.12860576923076922 0.025240384615384616 0.08774038461538461
4 0.24158653846153846 0.1622596153846154 0.019230769230769232 0.08413461538461539
2 0.14423076923076922 0.19230769230769232 0.02403846153846154 0.06129807692307692
4 0.19471153846153846 0.1971153846153846 0.016826923076923076 0.042067307692307696
1 0.03245192307692308 0.19951923076923078 0.025240384615384616 0.0889423076923077
4 0.21875 0.21754807692307693 0.03245192307692308 0.037259615384615384
2 0.109375 0.28846153846153844 0.02403846153846154 0.0829326923076923
2 0.4050480769230769 0.2932692307692308 0.02403846153846154 0.08533653846153846
3 0.24278846153846154 0.30408653846153844 0.02283653846153846 0.04447115384615385
0 0.21514423076923078 0.3233173076923077 0.027644230769230768 0.054086538461538464
2 0.06971153846153846 0.3629807692307692 0.028846153846153848 0.08653846153846154
2 0.21033653846153846 0.3954326923076923 0.026442307692307692 0.021634615384615384
2 0.7415865384615384 0.07572115384615384 0.018028846153846152 0.0829326923076923
4 0.9723557692307693 0.0985576923076923 0.020432692307692308 0.07451923076923077
0 0.8413461538461539 0.1141826923076923 0.027644230769230768 0.038461538461538464
3 0.9579326923076923 0.12379807692307693 0.02283653846153846 0.09495192307692307
2 0.6862980769230769 0.16826923076923078 0.02403846153846154 0.08052884615384616
4 0.7932692307692307 0.24278846153846154 0.028846153846153848 0.09254807692307693
1 0.4519230769230769 0.31490384615384615 0.019230769230769232 0.09134615384615384
4 0.6850961538461539 0.34975961538461536 0.027644230769230768 0.0829326923076923
1 0.3737980769230769 0.5144230769230769 0.014423076923076924 0.08413461538461539
2 0.359375 0.6358173076923077 0.020432692307692308 0.08653846153846154
1 0.1502403846153846 0.6766826923076923 0.018028846153846152 0.10697115384615384
2 0.3293269230769231 0.7127403846153846 0.025240384615384616 0.08052884615384616
1 0.24158653846153846 0.8725961538461539 0.016826923076923076 0.09975961538461539
4 0.36538461538461536 0.9326923076923077 0.027644230769230768 0.09134615384615384
1 0.6730769230769231 0.484375 0.02403846153846154 0.11538461538461539
2 0.7271634615384616 0.5132211538461539 0.037259615384615384 0.08653846153846154
4 0.8221153846153846 0.5637019230769231 0.039663461538461536 0.046875
4 0.8137019230769231 0.6009615384615384 0.046875 0.04927884615384615
2 0.5901442307692307 0.6682692307692307 0.03365384615384615 0.10817307692307693
3 0.8112980769230769 0.7295673076923077 0.037259615384615384 0.09735576923076923
0 0.7620192307692307 0.7391826923076923 0.03125 0.08774038461538461
2 0.5649038461538461 0.7884615384615384 0.036057692307692304 0.14182692307692307
1 0.47836538461538464 0.8954326923076923 0.027644230769230768 0.12379807692307693
4 0.7752403846153846 0.90625 0.037259615384615384 0.10096153846153846
4 0.8233173076923077 0.9086538461538461 0.037259615384615384 0.13341346153846154
2 0.6826923076923077 0.9266826923076923 0.04326923076923077 0.1310096153846154