1 0.2620192307692308 0.08653846153846154 0.016826923076923076 0.08653846153846154
4 0.49399038461538464 0.10817307692307693 0.03365384615384615 0.078125
2 0.45552884615384615 0.17548076923076922 0.039663461538461536 0.0733173076923077
1 0.25961538461538464 0.22235576923076922 0.025240384615384616 0.10096153846153846
3 0.5540865384615384 0.2692307692307692 0.030048076923076924 0.06129807692307692
2 0.3425480769230769 0.28725961538461536 0.021634615384615384 0.09134615384615384
0 0.5204326923076923 0.28846153846153844 0.03125 0.05889423076923077
2 0.37740384615384615 0.3629807692307692 0.025240384615384616 0.10697115384615384
4 0.5757211538461539 0.41466346153846156 0.027644230769230768 0.08413461538461539
1 0.2536057692307692 0.4519230769230769 0.025240384615384616 0.09735576923076923
2 0.4495192307692308 0.453125 0.02403846153846154 0.10817307692307693
4 0.6081730769230769 0.46033653846153844 0.038461538461538464 0.09375
2 0.8461538461538461 0.14903846153846154 0.025240384615384616 0.09735576923076923
4 0.6394230769230769 0.19110576923076922 0.019230769230769232 0.12740384615384615
1 0.9855769230769231 0.3401442307692308 0.02403846153846154 0.0985576923076923
4 0.6971153846153846 0.36538461538461536 0.04447115384615385 0.09495192307692307
2 0.25600961538461536 0.6237980769230769 0.019230769230769232 0.08653846153846154
4 0.41346153846153844 0.6237980769230769 0.03125 0.06370192307692307
2 0.1935096153846154 0.75 0.019230769230769232 0.0889423076923077
0 0.3629807692307692 0.765625 0.030048076923076924 0.046875
3 0.47115384615384615 0.7836538461538461 0.020432692307692308 0.0889423076923077
4 0.453125 0.8305288461538461 0.02403846153846154 0.078125
1 0.3557692307692308 0.5276442307692307 0.019230769230769232 0.036057692307692304
4 0.4831730769230769 0.546875 0.028846153846153848 0.07451923076923077
1 0.7908653846153846 0.5841346153846154 0.019230769230769232 0.1045673076923077
2 0.9507211538461539 0.7548076923076923 0.036057692307692304 0.0889423076923077
0 0.6947115384615384 0.8581730769230769 0.02283653846153846 0.11538461538461539