1 0.3161057692307692 0.014423076923076924 0.04567307692307692 0.028846153846153848
2 0.25 0.1045673076923077 0.027644230769230768 0.13341346153846154
2 0.21875 0.11899038461538461 0.039663461538461536 0.07932692307692307
4 0.3161057692307692 0.17548076923076922 0.05048076923076923 0.051682692307692304
0 0.20192307692307693 0.28966346153846156 0.04807692307692308 0.07451923076923077
3 0.4026442307692308 0.32211538461538464 0.037259615384615384 0.14783653846153846
4 0.41346153846153844 0.37740384615384615 0.04326923076923077 0.13942307692307693
4 0.20072115384615385 0.39663461538461536 0.05048076923076923 0.10096153846153846
2 0.02283653846153846 0.4098557692307692 0.04567307692307692 0.07451923076923077
2 0.8545673076923077 0.021634615384615384 0.021634615384615384 0.04326923076923077
1 0.6850961538461539 0.125 0.02403846153846154 0.125
2 0.8233173076923077 0.2127403846153846 0.025240384615384616 0.12740384615384615
4 0.9591346153846154 0.2536057692307692 0.036057692307692304 0.14182692307692307
1 0.7115384615384616 0.28966346153846156 0.025240384615384616 0.1310096153846154
4 0.9026442307692307 0.35336538461538464 0.038461538461538464 0.1310096153846154
1 0.6069711538461539 0.40625 0.03125 0.08173076923076923
2 0.09014423076923077 0.5168269230769231 0.019230769230769232 0.08533653846153846
1 0.36177884615384615 0.5901442307692307 0.020432692307692308 0.09014423076923077
0 0.018028846153846152 0.6598557692307693 0.027644230769230768 0.0673076923076923
2 0.14423076923076922 0.7055288461538461 0.019230769230769232 0.09254807692307693
2 0.015625 0.796875 0.026442307692307692 0.052884615384615384
1 0.026442307692307692 0.8725961538461539 0.019230769230769232 0.10697115384615384
1 0.37259615384615385 0.8894230769230769 0.018028846153846152 0.10697115384615384
2 0.7728365384615384 0.47115384615384615 0.016826923076923076 0.04326923076923077
1 0.5649038461538461 0.4795673076923077 0.02403846153846154 0.06009615384615385
4 0.8461538461538461 0.4891826923076923 0.028846153846153848 0.030048076923076924
2 0.7043269230769231 0.5 0.01201923076923077 0.06009615384615385
3 0.9411057692307693 0.546875 0.027644230769230768 0.09495192307692307
0 0.8293269230769231 0.546875 0.03365384615384615 0.04567307692307692
2 0.7067307692307693 0.5769230769230769 0.019230769230769232 0.0889423076923077
4 0.9567307692307693 0.5817307692307693 0.020432692307692308 0.09014423076923077
4 0.8870192307692307 0.6274038461538461 0.020432692307692308 0.0889423076923077
1 0.515625 0.6394230769230769 0.016826923076923076 0.0829326923076923
2 0.78125 0.6646634615384616 0.019230769230769232 0.078125
4 0.8521634615384616 0.7019230769230769 0.038461538461538464 0.09014423076923077
1 0.6442307692307693 0.8209134615384616 0.02283653846153846 0.1045673076923077