1 0.45552884615384615 0.25721153846153844 0.027644230769230768 0.07692307692307693
4 0.5697115384615384 0.2620192307692308 0.027644230769230768 0.09615384615384616
4 0.5516826923076923 0.3317307692307692 0.040865384615384616 0.028846153846153848
1 0.33052884615384615 0.32091346153846156 0.026442307692307692 0.05048076923076923
2 0.38221153846153844 0.33653846153846156 0.028846153846153848 0.019230769230769232
4 0.5144230769230769 0.375 0.028846153846153848 0.052884615384615384
1 0.35336538461538464 0.38221153846153844 0.028846153846153848 0.0673076923076923
4 0.484375 0.42427884615384615 0.030048076923076924 0.03485576923076923
2 0.3401442307692308 0.46033653846153844 0.025240384615384616 0.06971153846153846
4 0.5769230769230769 0.4987980769230769 0.019230769230769232 0.06971153846153846
3 0.49278846153846156 0.5216346153846154 0.028846153846153848 0.056490384615384616
2 0.34975961538461536 0.5348557692307693 0.020432692307692308 0.0829326923076923
0 0.4651442307692308 0.5360576923076923 0.027644230769230768 0.0625
2 0.4254807692307692 0.6658653846153846 0.03365384615384615 0.09014423076923077
4 0.5048076923076923 0.9375 0.038461538461538464 0.1045673076923077
1 0.39663461538461536 0.9399038461538461 0.03125 0.07572115384615384
4 0.6081730769230769 0.38100961538461536 0.019230769230769232 0.06490384615384616
1 0.8353365384615384 0.3954326923076923 0.018028846153846152 0.08774038461538461
2 0.7019230769230769 0.4963942307692308 0.027644230769230768 0.0733173076923077
4 0.6346153846153846 0.5180288461538461 0.038461538461538464 0.03365384615384615
2 0.7896634615384616 0.5697115384615384 0.020432692307692308 0.07451923076923077
0 0.65625 0.6177884615384616 0.028846153846153848 0.054086538461538464
2 0.8028846153846154 0.6334134615384616 0.03125 0.09254807692307693
4 0.625 0.8689903846153846 0.025240384615384616 0.09495192307692307
1 0.7067307692307693 0.8713942307692307 0.028846153846153848 0.09615384615384616