2 0.41947115384615385 0.01201923076923077 0.040865384615384616 0.02403846153846154
2 0.2956730769230769 0.03485576923076923 0.028846153846153848 0.06971153846153846
3 0.6165865384615384 0.05048076923076923 0.021634615384615384 0.10096153846153846
2 0.4206730769230769 0.06971153846153846 0.04326923076923077 0.10576923076923077
0 0.4699519230769231 0.07692307692307693 0.039663461538461536 0.09495192307692307
1 0.3942307692307692 0.1141826923076923 0.026442307692307692 0.09134615384615384
4 0.47716346153846156 0.3641826923076923 0.04807692307692308 0.13581730769230768
1 0.390625 0.3713942307692308 0.027644230769230768 0.15625
4 0.8689903846153846 0.030048076923076924 0.026442307692307692 0.06009615384615385
2 0.7776442307692307 0.030048076923076924 0.016826923076923076 0.06009615384615385
4 0.9182692307692307 0.03125 0.037259615384615384 0.042067307692307696
2 0.7283653846153846 0.05048076923076923 0.02403846153846154 0.09014423076923077
0 0.9074519230769231 0.13942307692307693 0.03245192307692308 0.06370192307692307
2 0.8497596153846154 0.19951923076923078 0.026442307692307692 0.08413461538461539
2 0.8978365384615384 0.22716346153846154 0.036057692307692304 0.09975961538461539
1 0.9483173076923077 0.3737980769230769 0.030048076923076924 0.10336538461538461
1 0.125 0.5588942307692307 0.019230769230769232 0.040865384615384616
2 0.08173076923076923 0.6706730769230769 0.027644230769230768 0.08052884615384616
1 0.42427884615384615 0.75 0.02403846153846154 0.09134615384615384
2 0.14302884615384615 0.7512019230769231 0.02403846153846154 0.06850961538461539
1 0.3112980769230769 0.9627403846153846 0.026442307692307692 0.06971153846153846
4 0.0889423076923077 0.9747596153846154 0.028846153846153848 0.04567307692307692
1 0.7319711538461539 0.6490384615384616 0.019230769230769232 0.09375
1 0.7307692307692307 0.8774038461538461 0.02283653846153846 0.1045673076923077
1 0.6490384615384616 0.9747596153846154 0.02403846153846154 0.04567307692307692