2 0.1778846153846154 0.06129807692307692 0.04807692307692308 0.12259615384615384
0 0.38100961538461536 0.0625 0.039663461538461536 0.10336538461538461
1 0.026442307692307692 0.17908653846153846 0.04927884615384615 0.1466346153846154
4 0.4074519230769231 0.18269230769230768 0.06129807692307692 0.11658653846153846
2 0.3004807692307692 0.2247596153846154 0.07451923076923077 0.1466346153846154
4 0.7596153846153846 0.13341346153846154 0.018028846153846152 0.04807692307692308
1 0.8100961538461539 0.13701923076923078 0.013221153846153846 0.046875
1 0.8125 0.24879807692307693 0.013221153846153846 0.056490384615384616
4 0.6045673076923077 0.32572115384615385 0.014423076923076924 0.0673076923076923
3 0.6081730769230769 0.3545673076923077 0.02403846153846154 0.08413461538461539
2 0.8341346153846154 0.36899038461538464 0.019230769230769232 0.055288461538461536
0 0.6971153846153846 0.3798076923076923 0.028846153846153848 0.03365384615384615
4 0.5853365384615384 0.3894230769230769 0.021634615384615384 0.014423076923076924
2 0.0829326923076923 0.43028846153846156 0.026442307692307692 0.0625
2 0.09014423076923077 0.5108173076923077 0.020432692307692308 0.09615384615384616
1 0.3629807692307692 0.6694711538461539 0.020432692307692308 0.09975961538461539
1 0.021634615384615384 0.6730769230769231 0.019230769230769232 0.1045673076923077
1 0.019230769230769232 0.9735576923076923 0.028846153846153848 0.04807692307692308
1 0.7439903846153846 0.6610576923076923 0.019230769230769232 0.09375
1 0.7427884615384616 0.8894230769230769 0.02283653846153846 0.1045673076923077
1 0.6610576923076923 0.9807692307692307 0.02403846153846154 0.03365384615384615