1 0.008413461538461538 0.015625 0.016826923076923076 0.03125
2 0.3137019230769231 0.12139423076923077 0.02403846153846154 0.09134615384615384
1 0.22596153846153846 0.30288461538461536 0.026442307692307692 0.09975961538461539
4 0.5913461538461539 0.0889423076923077 0.02403846153846154 0.07932692307692307
1 0.7584134615384616 0.11899038461538461 0.014423076923076924 0.08653846153846154
4 0.5120192307692307 0.2283653846153846 0.019230769230769232 0.08653846153846154
1 0.6334134615384616 0.25721153846153844 0.020432692307692308 0.0889423076923077
1 0.9314903846153846 0.3233173076923077 0.026442307692307692 0.06490384615384616
4 0.3076923076923077 0.4026442307692308 0.028846153846153848 0.0889423076923077
4 0.35697115384615385 0.4699519230769231 0.03485576923076923 0.08173076923076923
3 0.14182692307692307 0.5204326923076923 0.025240384615384616 0.1045673076923077
0 0.2764423076923077 0.5600961538461539 0.03245192307692308 0.0733173076923077
2 0.38461538461538464 0.6165865384615384 0.02403846153846154 0.08413461538461539
4 0.07211538461538461 0.6165865384615384 0.021634615384615384 0.08653846153846154
4 0.18629807692307693 0.6790865384615384 0.03365384615384615 0.1045673076923077
1 0.33052884615384615 0.7752403846153846 0.02403846153846154 0.1141826923076923
4 0.14182692307692307 0.7956730769230769 0.03245192307692308 0.1141826923076923
4 0.11899038461538461 0.9423076923076923 0.03485576923076923 0.11057692307692307
1 0.375 0.9591346153846154 0.02403846153846154 0.07692307692307693
1 0.6141826923076923 0.390625 0.021634615384615384 0.06490384615384616
4 0.8653846153846154 0.3954326923076923 0.028846153846153848 0.07451923076923077
4 0.8329326923076923 0.4170673076923077 0.026442307692307692 0.09375
1 0.6706730769230769 0.47716346153846156 0.014423076923076924 0.11057692307692307
1 0.46153846153846156 0.5420673076923077 0.018028846153846152 0.0985576923076923
4 0.9074519230769231 0.5625 0.027644230769230768 0.09495192307692307
2 0.8185096153846154 0.6057692307692307 0.039663461538461536 0.054086538461538464
0 0.8665865384615384 0.6694711538461539 0.03125 0.054086538461538464
2 0.6995192307692307 0.7007211538461539 0.021634615384615384 0.109375
4 0.8966346153846154 0.7680288461538461 0.028846153846153848 0.06490384615384616
1 0.46033653846153844 0.7848557692307693 0.025240384615384616 0.11057692307692307
2 0.8269230769230769 0.8100961538461539 0.03365384615384615 0.09134615384615384
4 0.9194711538461539 0.9435096153846154 0.036057692307692304 0.10817307692307693
1 0.6310096153846154 0.9555288461538461 0.021634615384615384 0.08413461538461539