4 0.20673076923076922 0.1971153846153846 0.025240384615384616 0.08533653846153846
4 0.22596153846153846 0.203125 0.030048076923076924 0.09134615384615384
1 0.3173076923076923 0.23076923076923078 0.020432692307692308 0.07692307692307693
2 0.24278846153846154 0.32572115384615385 0.028846153846153848 0.09615384615384616
4 0.016826923076923076 0.3641826923076923 0.025240384615384616 0.10697115384615384
2 0.31009615384615385 0.4206730769230769 0.028846153846153848 0.03365384615384615
1 0.7512019230769231 0.18389423076923078 0.015625 0.07211538461538461
2 0.5084134615384616 0.19831730769230768 0.02403846153846154 0.06370192307692307
2 0.5348557692307693 0.24158653846153846 0.020432692307692308 0.06850961538461539
2 0.5673076923076923 0.3641826923076923 0.015625 0.09014423076923077
1 0.6911057692307693 0.4266826923076923 0.021634615384615384 0.021634615384615384
4 0.3269230769230769 0.49278846153846156 0.030048076923076924 0.07692307692307693
1 0.18990384615384615 0.5396634615384616 0.02403846153846154 0.06971153846153846
4 0.3786057692307692 0.5612980769230769 0.030048076923076924 0.07932692307692307
2 0.2704326923076923 0.5805288461538461 0.027644230769230768 0.07091346153846154
1 0.07451923076923077 0.6141826923076923 0.025240384615384616 0.08052884615384616
2 0.38461538461538464 0.6911057692307693 0.027644230769230768 0.10817307692307693
1 0.2439903846153846 0.7367788461538461 0.030048076923076924 0.09254807692307693
1 0.36538461538461536 0.8641826923076923 0.03245192307692308 0.09014423076923077
4 0.5072115384615384 0.5324519230769231 0.021634615384615384 0.0733173076923077
1 0.5504807692307693 0.5408653846153846 0.02403846153846154 0.07091346153846154
1 0.8233173076923077 0.5673076923076923 0.027644230769230768 0.07451923076923077
4 0.48677884615384615 0.6177884615384616 0.02403846153846154 0.0829326923076923
2 0.6394230769230769 0.6298076923076923 0.02403846153846154 0.07451923076923077
1 0.8088942307692307 0.6742788461538461 0.027644230769230768 0.08052884615384616
2 0.6899038461538461 0.7259615384615384 0.027644230769230768 0.0829326923076923
0 0.546875 0.7319711538461539 0.026442307692307692 0.052884615384615384
1 0.9639423076923077 0.8617788461538461 0.025240384615384616 0.10697115384615384
4 0.5661057692307693 0.9098557692307693 0.027644230769230768 0.10576923076923077
2 0.7512019230769231 0.9134615384615384 0.03245192307692308 0.09254807692307693