2 0.22115384615384615 0.020432692307692308 0.019230769230769232 0.040865384615384616
1 0.4026442307692308 0.02403846153846154 0.026442307692307692 0.04807692307692308
0 0.09735576923076923 0.038461538461538464 0.025240384615384616 0.04807692307692308
2 0.17908653846153846 0.08533653846153846 0.016826923076923076 0.06610576923076923
4 0.0625 0.19230769230769232 0.025240384615384616 0.078125
1 0.29927884615384615 0.22115384615384615 0.015625 0.08774038461538461
4 0.01201923076923077 0.30288461538461536 0.02403846153846154 0.08173076923076923
1 0.23317307692307693 0.3485576923076923 0.015625 0.0985576923076923
4 0.003605769230769231 0.42908653846153844 0.007211538461538462 0.08413461538461539
1 0.2439903846153846 0.4411057692307692 0.021634615384615384 0.0985576923076923
3 0.7043269230769231 0.030048076923076924 0.019230769230769232 0.06009615384615385
2 0.9783653846153846 0.038461538461538464 0.028846153846153848 0.07692307692307693
0 0.8293269230769231 0.04807692307692308 0.026442307692307692 0.05889423076923077
2 0.9495192307692307 0.15264423076923078 0.025240384615384616 0.09014423076923077
4 0.7524038461538461 0.15985576923076922 0.03125 0.0673076923076923
4 0.7055288461538461 0.2764423076923077 0.027644230769230768 0.08052884615384616
1 0.8737980769230769 0.2824519230769231 0.020432692307692308 0.08774038461538461
4 0.6730769230769231 0.5084134615384616 0.038461538461538464 0.055288461538461536
2 0.11538461538461539 0.5600961538461539 0.02403846153846154 0.04326923076923077
4 0.44350961538461536 0.5745192307692307 0.021634615384615384 0.07211538461538461
3 0.29086538461538464 0.5841346153846154 0.02403846153846154 0.055288461538461536
2 0.13341346153846154 0.5973557692307693 0.025240384615384616 0.09134615384615384
0 0.25721153846153844 0.5997596153846154 0.02403846153846154 0.054086538461538464
2 0.16105769230769232 0.6682692307692307 0.027644230769230768 0.078125
4 0.3076923076923077 0.6766826923076923 0.037259615384615384 0.051682692307692304
1 0.24278846153846154 0.71875 0.02403846153846154 0.09014423076923077
2 0.5348557692307693 0.5853365384615384 0.036057692307692304 0.09375
3 0.7560096153846154 0.6382211538461539 0.037259615384615384 0.09735576923076923
0 0.7067307692307693 0.6478365384615384 0.03125 0.08774038461538461
2 0.5192307692307693 0.6971153846153846 0.019230769230769232 0.14423076923076922
4 0.7199519230769231 0.8149038461538461 0.037259615384615384 0.10096153846153846
4 0.7680288461538461 0.8173076923076923 0.037259615384615384 0.13341346153846154
2 0.6274038461538461 0.8353365384615384 0.04326923076923077 0.1310096153846154