4 0.07692307692307693 0.07572115384615384 0.020432692307692308 0.06009615384615385
1 0.39903846153846156 0.09134615384615384 0.025240384615384616 0.09975961538461539
4 0.08533653846153846 0.11778846153846154 0.021634615384615384 0.07451923076923077
2 0.20192307692307693 0.11899038461538461 0.025240384615384616 0.09975961538461539
4 0.05048076923076923 0.13942307692307693 0.03125 0.038461538461538464
2 0.20673076923076922 0.22716346153846154 0.03125 0.09975961538461539
1 0.46875 0.22716346153846154 0.021634615384615384 0.09014423076923077
0 0.03245192307692308 0.2644230769230769 0.03485576923076923 0.057692307692307696
2 0.15264423076923078 0.3233173076923077 0.027644230769230768 0.09975961538461539
1 0.4543269230769231 0.3786057692307692 0.027644230769230768 0.09615384615384616
4 0.8100961538461539 0.1045673076923077 0.03365384615384615 0.10817307692307693
4 0.7632211538461539 0.25721153846153844 0.025240384615384616 0.09014423076923077
0 0.9122596153846154 0.30408653846153844 0.039663461538461536 0.0625
3 0.7884615384615384 0.328125 0.027644230769230768 0.09735576923076923
4 0.953125 0.47115384615384615 0.02403846153846154 0.1045673076923077
4 0.984375 0.5600961538461539 0.026442307692307692 0.11538461538461539
3 0.5432692307692307 0.7259615384615384 0.03365384615384615 0.07211538461538461
0 0.3858173076923077 0.7211538461538461 0.03365384615384615 0.05889423076923077
2 0.17908653846153846 0.7391826923076923 0.026442307692307692 0.0985576923076923
4 0.47836538461538464 0.8641826923076923 0.026442307692307692 0.11778846153846154
4 0.4338942307692308 0.9399038461538461 0.03365384615384615 0.109375
1 0.359375 0.9423076923076923 0.027644230769230768 0.09495192307692307
1 0.15625 0.984375 0.03365384615384615 0.026442307692307692
4 0.8449519230769231 0.7584134615384616 0.03485576923076923 0.09375
2 0.6478365384615384 0.7932692307692307 0.03125 0.109375
2 0.6490384615384616 0.9723557692307693 0.02403846153846154 0.05048076923076923