4 0.31971153846153844 0.03485576923076923 0.03365384615384615 0.06971153846153846
1 0.48197115384615385 0.054086538461538464 0.02403846153846154 0.07932692307692307
2 0.4026442307692308 0.27884615384615385 0.03125 0.08774038461538461
3 0.22355769230769232 0.28966346153846156 0.027644230769230768 0.06129807692307692
1 0.014423076923076924 0.2920673076923077 0.027644230769230768 0.09014423076923077
0 0.25600961538461536 0.32211538461538464 0.030048076923076924 0.0673076923076923
2 0.390625 0.359375 0.03365384615384615 0.08653846153846154
4 0.20072115384615385 0.43028846153846156 0.038461538461538464 0.078125
2 0.2620192307692308 0.44591346153846156 0.03485576923076923 0.07091346153846154
4 0.1814903846153846 0.4675480769230769 0.04326923076923077 0.07572115384615384
1 0.2512019230769231 0.49278846153846156 0.03125 0.04807692307692308
4 0.9567307692307693 0.009615384615384616 0.028846153846153848 0.019230769230769232
2 0.7836538461538461 0.04326923076923077 0.019230769230769232 0.08653846153846154
2 0.9134615384615384 0.051682692307692304 0.03125 0.0625
0 0.9543269230769231 0.1658653846153846 0.025240384615384616 0.0625
2 0.8149038461538461 0.22355769230769232 0.020432692307692308 0.07692307692307693
4 0.9903846153846154 0.2764423076923077 0.014423076923076924 0.10096153846153846
4 0.9747596153846154 0.48197115384615385 0.03125 0.06971153846153846
1 0.7367788461538461 0.4891826923076923 0.03125 0.055288461538461536
3 0.18990384615384615 0.5528846153846154 0.02403846153846154 0.0673076923076923
0 0.36177884615384615 0.5516826923076923 0.03125 0.06490384615384616
2 0.546875 0.578125 0.02403846153846154 0.09735576923076923
2 0.4098557692307692 0.6971153846153846 0.026442307692307692 0.10697115384615384
4 0.296875 0.7055288461538461 0.027644230769230768 0.1141826923076923
4 0.21634615384615385 0.734375 0.026442307692307692 0.11177884615384616
1 0.5757211538461539 0.8305288461538461 0.019230769230769232 0.13341346153846154
1 0.7247596153846154 0.5432692307692307 0.021634615384615384 0.04807692307692308
1 0.8137019230769231 0.6502403846153846 0.026442307692307692 0.10216346153846154
4 0.8737980769230769 0.65625 0.03245192307692308 0.08533653846153846
2 0.6706730769230769 0.7379807692307693 0.020432692307692308 0.11177884615384616
4 0.9483173076923077 0.7487980769230769 0.03485576923076923 0.09495192307692307
2 0.7271634615384616 0.9098557692307693 0.028846153846153848 0.10576923076923077
0 0.890625 0.9098557692307693 0.036057692307692304 0.056490384615384616
2 0.84375 0.9639423076923077 0.03365384615384615 0.0673076923076923