4 0.32572115384615385 0.03365384615384615 0.026442307692307692 0.0673076923076923
1 0.6117788461538461 0.036057692307692304 0.021634615384615384 0.07211538461538461
4 0.27524038461538464 0.09735576923076923 0.03125 0.06370192307692307
1 0.49399038461538464 0.10096153846153846 0.025240384615384616 0.0829326923076923
2 0.34375 0.22716346153846154 0.039663461538461536 0.06850961538461539
2 0.4375 0.2932692307692308 0.028846153846153848 0.09615384615384616
4 0.03485576923076923 0.31971153846153844 0.025240384615384616 0.08052884615384616
3 0.24278846153846154 0.3293269230769231 0.026442307692307692 0.0625
0 0.27403846153846156 0.34615384615384615 0.025240384615384616 0.06370192307692307
2 0.44711538461538464 0.40625 0.030048076923076924 0.09615384615384616
4 0.23197115384615385 0.45552884615384615 0.040865384615384616 0.06009615384615385
4 0.1935096153846154 0.45913461538461536 0.03125 0.052884615384615384
2 0.34375 0.46875 0.028846153846153848 0.03365384615384615
1 0.75 0.02283653846153846 0.019230769230769232 0.04567307692307692
4 0.8737980769230769 0.018028846153846152 0.040865384615384616 0.036057692307692304
4 0.8305288461538461 0.026442307692307692 0.036057692307692304 0.052884615384615384
4 0.8918269230769231 0.09375 0.027644230769230768 0.09375
3 0.9723557692307693 0.19110576923076922 0.025240384615384616 0.1141826923076923
0 0.8100961538461539 0.20793269230769232 0.03485576923076923 0.07692307692307693
4 0.9867788461538461 0.28365384615384615 0.021634615384615384 0.11057692307692307
4 0.8209134615384616 0.39903846153846156 0.038461538461538464 0.11538461538461539
1 0.49278846153846156 0.6478365384615384 0.02283653846153846 0.12139423076923077
2 0.23317307692307693 0.7199519230769231 0.03365384615384615 0.09375
2 0.1814903846153846 0.7560096153846154 0.04567307692307692 0.0829326923076923
0 0.1201923076923077 0.7836538461538461 0.03245192307692308 0.054086538461538464
1 0.3161057692307692 0.9242788461538461 0.028846153846153848 0.12259615384615384
4 0.18389423076923078 0.9483173076923077 0.046875 0.09975961538461539
1 0.49038461538461536 0.9783653846153846 0.04326923076923077 0.038461538461538464
1 0.056490384615384616 0.546875 0.037259615384615384 0.09014423076923077
1 0.9122596153846154 0.7319711538461539 0.026442307692307692 0.09735576923076923