2 0.052884615384615384 0.042067307692307696 0.04807692307692308 0.08413461538461539
3 0.013221153846153846 0.039663461538461536 0.026442307692307692 0.07932692307692307
4 0.17668269230769232 0.09254807692307693 0.078125 0.13221153846153846
4 0.1141826923076923 0.11778846153846154 0.07091346153846154 0.09735576923076923
0 0.010817307692307692 0.2091346153846154 0.021634615384615384 0.052884615384615384
3 0.039663461538461536 0.23798076923076922 0.052884615384615384 0.14783653846153846
1 0.2824519230769231 0.2620192307692308 0.04927884615384615 0.19110576923076922
1 0.9134615384615384 0.038461538461538464 0.019230769230769232 0.07692307692307693
4 0.7379807692307693 0.057692307692307696 0.03365384615384615 0.06971153846153846
3 0.5769230769230769 0.21634615384615385 0.021634615384615384 0.11538461538461539
0 0.7247596153846154 0.25841346153846156 0.038461538461538464 0.07091346153846154
2 0.8112980769230769 0.2848557692307692 0.025240384615384616 0.1141826923076923
4 0.5588942307692307 0.30288461538461536 0.019230769230769232 0.10817307692307693
1 0.8197115384615384 0.47836538461538464 0.020432692307692308 0.11778846153846154
4 0.6213942307692307 0.5024038461538461 0.038461538461538464 0.11298076923076923
4 0.6574519230769231 0.5552884615384616 0.03125 0.0625
1 0.7836538461538461 0.5516826923076923 0.02403846153846154 0.06971153846153846
4 0.6141826923076923 0.5637019230769231 0.03125 0.04567307692307692
2 0.4206730769230769 0.6394230769230769 0.03365384615384615 0.10096153846153846
4 0.11899038461538461 0.6286057692307693 0.06490384615384616 0.07932692307692307
4 0.1622596153846154 0.6358173076923077 0.055288461538461536 0.07692307692307693
0 0.265625 0.7692307692307693 0.0625 0.07692307692307693
3 0.2127403846153846 0.7836538461538461 0.056490384615384616 0.15264423076923078
4 0.0733173076923077 0.8377403846153846 0.06129807692307692 0.12980769230769232
4 0.3016826923076923 0.9435096153846154 0.055288461538461536 0.10817307692307693
4 0.4495192307692308 0.6225961538461539 0.019230769230769232 0.0673076923076923
2 0.6634615384615384 0.6382211538461539 0.02403846153846154 0.07932692307692307
3 0.5132211538461539 0.6646634615384616 0.028846153846153848 0.04447115384615385
0 0.5420673076923077 0.6875 0.027644230769230768 0.06009615384615385
2 0.6959134615384616 0.7283653846153846 0.021634615384615384 0.09134615384615384
4 0.5144230769230769 0.7908653846153846 0.030048076923076924 0.06009615384615385
2 0.5697115384615384 0.8100961538461539 0.03245192307692308 0.07932692307692307