2 0.47716346153846156 0.021634615384615384 0.03125 0.04326923076923077
0 0.2848557692307692 0.007211538461538462 0.04567307692307692 0.014423076923076924
3 0.15625 0.04567307692307692 0.02403846153846154 0.09134615384615384
2 0.4495192307692308 0.0829326923076923 0.046875 0.10216346153846154
4 0.17427884615384615 0.1201923076923077 0.037259615384615384 0.10216346153846154
4 0.5012019230769231 0.27163461538461536 0.037259615384615384 0.13221153846153846
2 0.5564903846153846 0.13221153846153846 0.016826923076923076 0.08173076923076923
1 0.7824519230769231 0.1875 0.025240384615384616 0.09134615384615384
2 0.6033653846153846 0.3425480769230769 0.026442307692307692 0.08653846153846154
1 0.7704326923076923 0.39783653846153844 0.02403846153846154 0.0985576923076923
2 0.5528846153846154 0.4230769230769231 0.009615384615384616 0.04807692307692308
2 0.19230769230769232 0.6971153846153846 0.027644230769230768 0.11658653846153846
3 0.4423076923076923 0.7259615384615384 0.019230769230769232 0.11899038461538461
0 0.3161057692307692 0.7596153846153846 0.038461538461538464 0.052884615384615384
4 0.45913461538461536 0.7740384615384616 0.026442307692307692 0.09735576923076923
2 0.1622596153846154 0.796875 0.027644230769230768 0.11057692307692307
4 0.4326923076923077 0.9507211538461539 0.04326923076923077 0.09375
1 0.3004807692307692 0.9627403846153846 0.028846153846153848 0.06971153846153846
4 0.24519230769230768 0.5144230769230769 0.038461538461538464 0.0829326923076923
1 0.14903846153846154 0.5240384615384616 0.030048076923076924 0.08052884615384616
4 0.32572115384615385 0.6105769230769231 0.04326923076923077 0.07211538461538461
1 0.9555288461538461 0.6322115384615384 0.015625 0.06850961538461539
2 0.9615384615384616 0.7331730769230769 0.010817307692307692 0.06610576923076923
2 0.9543269230769231 0.8221153846153846 0.01201923076923077 0.06490384615384616
1 0.7944711538461539 0.8581730769230769 0.015625 0.07451923076923077
1 0.9483173076923077 0.9819711538461539 0.016826923076923076 0.03125