4 0.5072115384615384 0.20072115384615385 0.019230769230769232 0.07932692307692307
1 0.3233173076923077 0.21394230769230768 0.019230769230769232 0.078125
2 0.3798076923076923 0.3425480769230769 0.02403846153846154 0.09735576923076923
1 0.15384615384615385 0.36899038461538464 0.020432692307692308 0.0829326923076923
2 0.4338942307692308 0.4567307692307692 0.03125 0.07091346153846154
2 0.49399038461538464 0.5336538461538461 0.025240384615384616 0.09014423076923077
1 0.2932692307692308 0.6033653846153846 0.02403846153846154 0.09014423076923077
2 0.6550480769230769 0.11298076923076923 0.03125 0.0625
1 0.8353365384615384 0.1814903846153846 0.03125 0.1502403846153846
2 0.6574519230769231 0.19230769230769232 0.03125 0.12980769230769232
2 0.6081730769230769 0.28725961538461536 0.03485576923076923 0.14903846153846154
1 0.6358173076923077 0.40384615384615385 0.039663461538461536 0.13942307692307693
1 0.02403846153846154 0.828125 0.021634615384615384 0.0829326923076923
1 0.26802884615384615 0.9146634615384616 0.015625 0.09495192307692307
1 0.8966346153846154 0.6838942307692307 0.028846153846153848 0.03125
4 0.6466346153846154 0.7307692307692307 0.028846153846153848 0.11298076923076923
1 0.9435096153846154 0.7463942307692307 0.03245192307692308 0.10336538461538461
2 0.7632211538461539 0.9182692307692307 0.03125 0.0625
0 0.5841346153846154 0.9579326923076923 0.04326923076923077 0.07932692307692307
1 0.9447115384615384 0.9543269230769231 0.03365384615384615 0.08653846153846154
2 0.7668269230769231 0.9651442307692307 0.03365384615384615 0.06490384615384616