1 0.3389423076923077 0.019230769230769232 0.028846153846153848 0.038461538461538464
4 0.18028846153846154 0.020432692307692308 0.04326923076923077 0.040865384615384616
2 0.5168269230769231 0.19831730769230768 0.019230769230769232 0.11177884615384616
3 0.10096153846153846 0.30649038461538464 0.042067307692307696 0.13942307692307693
0 0.3293269230769231 0.3125 0.042067307692307696 0.08774038461538461
2 0.5204326923076923 0.3161057692307692 0.02403846153846154 0.13581730769230768
4 0.13581730769230768 0.38822115384615385 0.040865384615384616 0.11778846153846154
4 0.3245192307692308 0.421875 0.04326923076923077 0.05048076923076923
3 0.6370192307692307 0.019230769230769232 0.019230769230769232 0.038461538461538464
0 0.7944711538461539 0.02283653846153846 0.036057692307692304 0.04567307692307692
2 0.8834134615384616 0.04927884615384615 0.026442307692307692 0.0985576923076923
4 0.59375 0.06370192307692307 0.025240384615384616 0.10697115384615384
4 0.7307692307692307 0.23076923076923078 0.039663461538461536 0.10336538461538461
4 0.6706730769230769 0.2608173076923077 0.03125 0.09735576923076923
1 0.8016826923076923 0.2620192307692308 0.03245192307692308 0.10336538461538461
1 0.9134615384615384 0.33052884615384615 0.03125 0.11177884615384616
2 0.07692307692307693 0.49759615384615385 0.03365384615384615 0.09615384615384616
1 0.3737980769230769 0.5084134615384616 0.018028846153846152 0.09735576923076923
1 0.019230769230769232 0.7139423076923077 0.030048076923076924 0.09134615384615384
1 0.027644230769230768 0.8822115384615384 0.03245192307692308 0.09615384615384616
2 0.9110576923076923 0.5769230769230769 0.030048076923076924 0.11057692307692307
1 0.6586538461538461 0.6502403846153846 0.02403846153846154 0.11899038461538461
2 0.9122596153846154 0.7620192307692307 0.025240384615384616 0.11899038461538461
2 0.9555288461538461 0.9122596153846154 0.02403846153846154 0.13581730769230768
1 0.7283653846153846 0.9627403846153846 0.028846153846153848 0.06971153846153846
1 0.8149038461538461 0.5072115384615384 0.021634615384615384 0.11057692307692307