0 0.19230769230769232 0.015625 0.038461538461538464 0.03125
2 0.037259615384615384 0.056490384615384616 0.021634615384615384 0.11298076923076923
2 0.11538461538461539 0.16706730769230768 0.020432692307692308 0.12259615384615384
1 0.057692307692307696 0.3581730769230769 0.03485576923076923 0.13221153846153846
1 0.9338942307692307 0.08653846153846154 0.03485576923076923 0.13341346153846154
2 0.6802884615384616 0.09375 0.036057692307692304 0.06009615384615385
2 0.8209134615384616 0.1778846153846154 0.04326923076923077 0.11658653846153846
3 0.5913461538461539 0.1935096153846154 0.026442307692307692 0.13341346153846154
0 0.6334134615384616 0.1935096153846154 0.042067307692307696 0.08533653846153846
1 0.8677884615384616 0.2403846153846154 0.037259615384615384 0.125
4 0.3545673076923077 0.24759615384615385 0.04447115384615385 0.12740384615384615
2 0.8028846153846154 0.31850961538461536 0.038461538461538464 0.13341346153846154
4 0.6033653846153846 0.3329326923076923 0.027644230769230768 0.11658653846153846
4 0.6899038461538461 0.35096153846153844 0.03485576923076923 0.1045673076923077
4 0.6550480769230769 0.390625 0.03125 0.11658653846153846
1 0.9387019230769231 0.4110576923076923 0.04447115384615385 0.15264423076923078
4 0.09615384615384616 0.5805288461538461 0.03365384615384615 0.06490384615384616
4 0.10817307692307693 0.6682692307692307 0.038461538461538464 0.09254807692307693
2 0.009615384615384616 0.6826923076923077 0.019230769230769232 0.08653846153846154
3 0.10336538461538461 0.796875 0.037259615384615384 0.07932692307692307
0 0.06129807692307692 0.8112980769230769 0.03485576923076923 0.07211538461538461
2 0.02403846153846154 0.9567307692307693 0.038461538461538464 0.08173076923076923
1 0.6298076923076923 0.6875 0.019230769230769232 0.08413461538461539
4 0.41947115384615385 0.7007211538461539 0.02403846153846154 0.021634615384615384
4 0.42788461538461536 0.7367788461538461 0.027644230769230768 0.056490384615384616
3 0.3762019230769231 0.7608173076923077 0.019230769230769232 0.05048076923076923
2 0.578125 0.7776442307692307 0.020432692307692308 0.08052884615384616
0 0.40024038461538464 0.7920673076923077 0.028846153846153848 0.06129807692307692
2 0.5216346153846154 0.8016826923076923 0.02403846153846154 0.0889423076923077
1 0.890625 0.9170673076923077 0.018028846153846152 0.10336538461538461
1 0.6274038461538461 0.9495192307692307 0.016826923076923076 0.07091346153846154
4 0.2548076923076923 0.953125 0.009615384615384616 0.0889423076923077
1 0.4266826923076923 0.9519230769230769 0.026442307692307692 0.09134615384615384