4 0.22716346153846154 0.26322115384615385 0.030048076923076924 0.07692307692307693
4 0.03365384615384615 0.40865384615384615 0.02403846153846154 0.05889423076923077
4 0.15745192307692307 0.4098557692307692 0.026442307692307692 0.046875
3 0.025240384615384616 0.46274038461538464 0.026442307692307692 0.10697115384615384
0 0.15384615384615385 0.5060096153846154 0.03485576923076923 0.06490384615384616
4 0.003605769230769231 0.5348557692307693 0.007211538461538462 0.06490384615384616
2 0.3088942307692308 0.546875 0.021634615384615384 0.040865384615384616
4 0.27163461538461536 0.039663461538461536 0.019230769230769232 0.07932692307692307
2 0.796875 0.13581730769230768 0.026442307692307692 0.07932692307692307
1 0.6009615384615384 0.15625 0.025240384615384616 0.11177884615384616
4 0.8834134615384616 0.16706730769230768 0.030048076923076924 0.07091346153846154
2 0.7644230769230769 0.20432692307692307 0.02403846153846154 0.11899038461538461
0 0.9206730769230769 0.23918269230769232 0.038461538461538464 0.07451923076923077
1 0.4831730769230769 0.24158653846153846 0.019230769230769232 0.13341346153846154
2 0.8016826923076923 0.30408653846153844 0.028846153846153848 0.10096153846153846
2 0.9603365384615384 0.3701923076923077 0.03245192307692308 0.12379807692307693
1 0.6009615384615384 0.4699519230769231 0.02403846153846154 0.13581730769230768
1 0.8834134615384616 0.515625 0.040865384615384616 0.10336538461538461
1 0.23677884615384615 0.6778846153846154 0.019230769230769232 0.12620192307692307
2 0.5649038461538461 0.609375 0.028846153846153848 0.07932692307692307
2 0.6646634615384616 0.625 0.038461538461538464 0.06610576923076923
1 0.44711538461538464 0.6862980769230769 0.03125 0.08774038461538461
4 0.7680288461538461 0.7103365384615384 0.03125 0.10697115384615384
4 0.6826923076923077 0.7427884615384616 0.03245192307692308 0.1045673076923077
1 0.5420673076923077 0.8954326923076923 0.027644230769230768 0.10336538461538461
4 0.6454326923076923 0.9122596153846154 0.03485576923076923 0.09735576923076923