1 0.27884615384615385 0.013221153846153846 0.02403846153846154 0.026442307692307692
3 0.07091346153846154 0.07091346153846154 0.021634615384615384 0.09254807692307693
2 0.33413461538461536 0.0733173076923077 0.019230769230769232 0.07692307692307693
0 0.20432692307692307 0.10216346153846154 0.028846153846153848 0.055288461538461536
2 0.3557692307692308 0.14783653846153846 0.021634615384615384 0.07091346153846154
4 0.0625 0.31971153846153844 0.026442307692307692 0.11899038461538461
4 0.12259615384615384 0.32211538461538464 0.027644230769230768 0.09495192307692307
1 0.31850961538461536 0.34975961538461536 0.026442307692307692 0.08653846153846154
2 0.6286057692307693 0.06490384615384616 0.02283653846153846 0.0733173076923077
0 0.5228365384615384 0.13341346153846154 0.030048076923076924 0.056490384615384616
2 0.625 0.15985576923076922 0.02283653846153846 0.06610576923076923
1 0.8605769230769231 0.1875 0.019230769230769232 0.08533653846153846
4 0.5048076923076923 0.26802884615384615 0.009615384615384616 0.07451923076923077
1 0.6514423076923077 0.3076923076923077 0.02283653846153846 0.07091346153846154
1 0.5276442307692307 0.3798076923076923 0.026442307692307692 0.052884615384615384
4 0.3161057692307692 0.6502403846153846 0.02283653846153846 0.06009615384615385
2 0.46274038461538464 0.6790865384615384 0.02403846153846154 0.09014423076923077
3 0.2283653846153846 0.7367788461538461 0.025240384615384616 0.0625
0 0.36177884615384615 0.7644230769230769 0.026442307692307692 0.06850961538461539
4 0.22355769230769232 0.8016826923076923 0.025240384615384616 0.08173076923076923
2 0.4519230769230769 0.8016826923076923 0.03125 0.10216346153846154
4 0.30288461538461536 0.9735576923076923 0.03365384615384615 0.04807692307692308
1 0.3942307692307692 0.9867788461538461 0.03365384615384615 0.021634615384615384
1 0.4182692307692308 0.5084134615384616 0.02403846153846154 0.04807692307692308
4 0.3629807692307692 0.5192307692307693 0.025240384615384616 0.07451923076923077
1 0.4206730769230769 0.5673076923076923 0.02283653846153846 0.04567307692307692
4 0.953125 0.41947115384615385 0.04567307692307692 0.021634615384615384
1 0.859375 0.453125 0.021634615384615384 0.0889423076923077
1 0.9483173076923077 0.5805288461538461 0.026442307692307692 0.10216346153846154
4 0.9939903846153846 0.5865384615384616 0.007211538461538462 0.08653846153846154
2 0.8052884615384616 0.6682692307692307 0.020432692307692308 0.11177884615384616
1 0.5709134615384616 0.8161057692307693 0.026442307692307692 0.1201923076923077
2 0.8617788461538461 0.8401442307692307 0.028846153846153848 0.10576923076923077
2 0.9783653846153846 0.9098557692307693 0.03125 0.0985576923076923
2 0.9399038461538461 0.9567307692307693 0.02403846153846154 0.08173076923076923