4 0.3112980769230769 0.16105769230769232 0.027644230769230768 0.08413461538461539
1 0.25841346153846156 0.18629807692307693 0.02403846153846154 0.0829326923076923
4 0.38822115384615385 0.3389423076923077 0.027644230769230768 0.0625
1 0.30649038461538464 0.36658653846153844 0.026442307692307692 0.07932692307692307
4 0.6213942307692307 0.018028846153846152 0.036057692307692304 0.036057692307692304
1 0.7223557692307693 0.021634615384615384 0.026442307692307692 0.04326923076923077
2 0.7163461538461539 0.21754807692307693 0.02403846153846154 0.0985576923076923
3 0.515625 0.26802884615384615 0.039663461538461536 0.07932692307692307
0 0.5540865384615384 0.28966346153846156 0.03125 0.06009615384615385
2 0.7007211538461539 0.328125 0.028846153846153848 0.09735576923076923
4 0.5 0.39302884615384615 0.03365384615384615 0.026442307692307692
4 0.3557692307692308 0.4483173076923077 0.04807692307692308 0.07932692307692307
2 0.14783653846153846 0.5192307692307693 0.026442307692307692 0.08774038461538461
0 0.29086538461538464 0.5925480769230769 0.040865384615384616 0.0733173076923077
3 0.41947115384615385 0.5997596153846154 0.01201923076923077 0.11778846153846154
2 0.11057692307692307 0.6153846153846154 0.02283653846153846 0.10576923076923077
4 0.2932692307692308 0.7211538461538461 0.046875 0.10817307692307693
1 0.046875 0.7764423076923077 0.025240384615384616 0.09735576923076923
4 0.22355769230769232 0.8701923076923077 0.03485576923076923 0.10216346153846154
4 0.15504807692307693 0.9759615384615384 0.04567307692307692 0.04326923076923077
1 0.3004807692307692 0.41466346153846156 0.02403846153846154 0.01201923076923077
4 0.8858173076923077 0.44711538461538464 0.021634615384615384 0.07692307692307693
2 0.6550480769230769 0.45552884615384615 0.021634615384615384 0.09375
3 0.9615384615384616 0.46634615384615385 0.018028846153846152 0.0829326923076923
0 0.8245192307692307 0.5084134615384616 0.027644230769230768 0.05889423076923077
4 0.9735576923076923 0.5228365384615384 0.026442307692307692 0.09014423076923077
2 0.6959134615384616 0.5576923076923077 0.028846153846153848 0.09735576923076923
1 0.6045673076923077 0.6598557692307693 0.020432692307692308 0.11177884615384616
4 0.9254807692307693 0.7223557692307693 0.028846153846153848 0.09735576923076923
1 0.8545673076923077 0.7295673076923077 0.02283653846153846 0.11899038461538461