1 0.28125 0.07451923076923077 0.026442307692307692 0.0673076923076923
2 0.24158653846153846 0.09375 0.025240384615384616 0.06490384615384616
4 0.3473557692307692 0.09975961538461539 0.03125 0.03365384615384615
4 0.34134615384615385 0.13221153846153846 0.042067307692307696 0.042067307692307696
2 0.19230769230769232 0.18269230769230768 0.02403846153846154 0.0733173076923077
3 0.3485576923076923 0.23317307692307693 0.027644230769230768 0.09134615384615384
0 0.3125 0.24278846153846154 0.03125 0.06971153846153846
2 0.16947115384615385 0.2920673076923077 0.02283653846153846 0.10697115384615384
2 0.8605769230769231 0.03125 0.03365384615384615 0.0625
2 0.9290865384615384 0.12259615384615384 0.027644230769230768 0.09495192307692307
3 0.6189903846153846 0.2091346153846154 0.013221153846153846 0.09975961538461539
0 0.7740384615384616 0.2127403846153846 0.03245192307692308 0.054086538461538464
2 0.9471153846153846 0.22115384615384615 0.019230769230769232 0.11177884615384616
4 0.6466346153846154 0.28846153846153844 0.02403846153846154 0.07451923076923077
4 0.7704326923076923 0.3173076923076923 0.040865384615384616 0.0673076923076923
2 0.8389423076923077 0.3269230769230769 0.03245192307692308 0.0985576923076923
4 0.38221153846153844 0.5204326923076923 0.028846153846153848 0.021634615384615384
0 0.18269230769230768 0.515625 0.03365384615384615 0.01201923076923077
3 0.3317307692307692 0.5336538461538461 0.02403846153846154 0.04807692307692308
2 0.019230769230769232 0.5480769230769231 0.03365384615384615 0.07692307692307693
2 0.009615384615384616 0.6670673076923077 0.019230769230769232 0.12740384615384615
1 0.02283653846153846 0.8425480769230769 0.03125 0.09254807692307693
4 0.11057692307692307 0.8497596153846154 0.027644230769230768 0.11177884615384616
4 0.18629807692307693 0.859375 0.02403846153846154 0.09975961538461539
1 0.9158653846153846 0.6826923076923077 0.018028846153846152 0.07932692307692307
1 0.828125 0.7740384615384616 0.014423076923076924 0.0673076923076923
2 0.9026442307692307 0.7920673076923077 0.018028846153846152 0.07692307692307693
2 0.8377403846153846 0.8798076923076923 0.025240384615384616 0.07451923076923077
0 0.9338942307692307 0.9050480769230769 0.020432692307692308 0.042067307692307696
2 0.7944711538461539 0.9759615384615384 0.03125 0.04326923076923077