2 0.5120192307692307 0.013221153846153846 0.028846153846153848 0.026442307692307692
2 0.49158653846153844 0.0673076923076923 0.021634615384615384 0.10697115384615384
1 0.04326923076923077 0.15745192307692307 0.019230769230769232 0.125
1 0.44471153846153844 0.18389423076923078 0.018028846153846152 0.11177884615384616
1 0.7680288461538461 0.0985576923076923 0.016826923076923076 0.09975961538461539
4 0.8918269230769231 0.15865384615384615 0.027644230769230768 0.09134615384615384
1 0.5997596153846154 0.26802884615384615 0.020432692307692308 0.08653846153846154
4 0.8028846153846154 0.3449519230769231 0.03365384615384615 0.040865384615384616
1 0.234375 0.5625 0.016826923076923076 0.0889423076923077
4 0.49158653846153844 0.6153846153846154 0.03125 0.09495192307692307
2 0.3605769230769231 0.6490384615384616 0.02283653846153846 0.08653846153846154
2 0.35336538461538464 0.765625 0.027644230769230768 0.0829326923076923
3 0.5168269230769231 0.7920673076923077 0.019230769230769232 0.055288461538461536
1 0.013221153846153846 0.8016826923076923 0.018028846153846152 0.11177884615384616
0 0.4891826923076923 0.8197115384615384 0.028846153846153848 0.0625
2 0.34134615384615385 0.8545673076923077 0.02403846153846154 0.09254807692307693
2 0.4579326923076923 0.9230769230769231 0.030048076923076924 0.0829326923076923
4 0.5144230769230769 0.96875 0.02403846153846154 0.057692307692307696
1 0.4230769230769231 0.9711538461538461 0.028846153846153848 0.052884615384615384
1 0.7331730769230769 0.5733173076923077 0.020432692307692308 0.09975961538461539