1 0.59375 0.09014423076923077 0.020432692307692308 0.06370192307692307
1 0.6262019230769231 0.390625 0.018028846153846152 0.0829326923076923
4 0.3918269230769231 0.40384615384615385 0.027644230769230768 0.04326923076923077
4 0.2548076923076923 0.43149038461538464 0.028846153846153848 0.03125
2 0.5228365384615384 0.4326923076923077 0.026442307692307692 0.028846153846153848
4 0.5192307692307693 0.05048076923076923 0.015625 0.07451923076923077
2 0.9771634615384616 0.1141826923076923 0.030048076923076924 0.10576923076923077
1 0.890625 0.11538461538461539 0.025240384615384616 0.109375
2 0.9387019230769231 0.1814903846153846 0.02403846153846154 0.1346153846153846
1 0.8040865384615384 0.2127403846153846 0.027644230769230768 0.12259615384615384
1 0.15745192307692307 0.4639423076923077 0.036057692307692304 0.028846153846153848
2 0.11538461538461539 0.5060096153846154 0.03365384615384615 0.11298076923076923
0 0.2920673076923077 0.5396634615384616 0.042067307692307696 0.06490384615384616
3 0.33653846153846156 0.5576923076923077 0.03485576923076923 0.1310096153846154
2 0.06490384615384616 0.5865384615384616 0.030048076923076924 0.10817307692307693
4 0.5913461538461539 0.59375 0.037259615384615384 0.14423076923076922
4 0.16105769230769232 0.6790865384615384 0.042067307692307696 0.13942307692307693
4 0.2608173076923077 0.7055288461538461 0.04567307692307692 0.04807692307692308
4 0.12740384615384615 0.7259615384615384 0.015625 0.125
4 0.25961538461538464 0.7776442307692307 0.05048076923076923 0.10817307692307693
1 0.028846153846153848 0.7788461538461539 0.03365384615384615 0.16466346153846154
4 0.8461538461538461 0.5841346153846154 0.027644230769230768 0.09615384615384616
1 0.8966346153846154 0.5901442307692307 0.02283653846153846 0.0829326923076923
2 0.9927884615384616 0.7512019230769231 0.009615384615384616 0.07451923076923077
4 0.7620192307692307 0.7704326923076923 0.008413461538461538 0.09735576923076923
3 0.7836538461538461 0.8161057692307693 0.019230769230769232 0.10576923076923077
0 0.90625 0.8221153846153846 0.040865384615384616 0.06009615384615385
1 0.8954326923076923 0.47115384615384615 0.026442307692307692 0.04326923076923077
4 0.8040865384615384 0.4723557692307692 0.03125 0.04567307692307692