2 0.2692307692307692 0.037259615384615384 0.028846153846153848 0.07451923076923077
0 0.1201923076923077 0.04567307692307692 0.026442307692307692 0.05889423076923077
2 0.2403846153846154 0.1502403846153846 0.025240384615384616 0.09014423076923077
4 0.04326923076923077 0.15745192307692307 0.03125 0.0673076923076923
4 0.006009615384615385 0.27403846153846156 0.01201923076923077 0.08173076923076923
1 0.16466346153846154 0.2800480769230769 0.020432692307692308 0.08774038461538461
1 0.5432692307692307 0.3389423076923077 0.021634615384615384 0.10096153846153846
3 0.7608173076923077 0.09014423076923077 0.03245192307692308 0.08173076923076923
0 0.7259615384615384 0.12259615384615384 0.038461538461538464 0.09735576923076923
4 0.7908653846153846 0.42908653846153844 0.06129807692307692 0.12740384615384615
1 0.7151442307692307 0.4411057692307692 0.03365384615384615 0.13942307692307693
4 0.8641826923076923 0.4651442307692308 0.04567307692307692 0.12259615384615384
4 0.09615384615384616 0.5504807692307693 0.028846153846153848 0.04326923076923077
1 0.5060096153846154 0.5625 0.021634615384615384 0.0673076923076923
2 0.3269230769230769 0.6165865384615384 0.015625 0.1141826923076923
3 0.11057692307692307 0.6165865384615384 0.026442307692307692 0.06971153846153846
0 0.14543269230769232 0.6370192307692307 0.028846153846153848 0.06370192307692307
2 0.30408653846153844 0.7295673076923077 0.018028846153846152 0.09975961538461539
2 0.1622596153846154 0.7788461538461539 0.03125 0.10697115384615384
1 0.5745192307692307 0.9038461538461539 0.020432692307692308 0.1045673076923077
4 0.06971153846153846 0.9350961538461539 0.03125 0.09735576923076923
4 0.016826923076923076 0.9567307692307693 0.03365384615384615 0.08173076923076923
1 0.8677884615384616 0.5805288461538461 0.02403846153846154 0.10336538461538461
2 0.6887019230769231 0.6490384615384616 0.021634615384615384 0.10576923076923077
2 0.9314903846153846 0.8365384615384616 0.036057692307692304 0.0829326923076923
0 0.6899038461538461 0.8617788461538461 0.02403846153846154 0.055288461538461536
1 0.9747596153846154 0.9362980769230769 0.036057692307692304 0.12259615384615384
2 0.8269230769230769 0.9711538461538461 0.04326923076923077 0.052884615384615384