2 0.20793269230769232 0.1814903846153846 0.025240384615384616 0.05889423076923077
4 0.25841346153846156 0.19591346153846154 0.026442307692307692 0.0625
2 0.21153846153846154 0.24759615384615385 0.02403846153846154 0.06490384615384616
4 0.29086538461538464 0.25721153846153844 0.03125 0.06009615384615385
3 0.3786057692307692 0.3557692307692308 0.016826923076923076 0.10096153846153846
0 0.2548076923076923 0.37740384615384615 0.027644230769230768 0.06370192307692307
2 0.0733173076923077 0.3954326923076923 0.026442307692307692 0.10336538461538461
2 0.2247596153846154 0.4891826923076923 0.030048076923076924 0.08413461538461539
4 0.2932692307692308 0.5360576923076923 0.03125 0.09134615384615384
1 0.18870192307692307 0.5829326923076923 0.028846153846153848 0.0889423076923077
4 0.3317307692307692 0.5901442307692307 0.039663461538461536 0.09495192307692307
4 0.7211538461538461 0.05889423076923077 0.021634615384615384 0.08052884615384616
1 0.4495192307692308 0.10576923076923077 0.019230769230769232 0.08653846153846154
1 0.6766826923076923 0.2247596153846154 0.02283653846153846 0.078125
4 0.7524038461538461 0.22716346153846154 0.03365384615384615 0.0733173076923077
2 0.6057692307692307 0.4182692307692308 0.020432692307692308 0.0829326923076923
4 0.8990384615384616 0.44350961538461536 0.02403846153846154 0.08052884615384616
3 0.890625 0.5108173076923077 0.026442307692307692 0.10096153846153846
2 0.6165865384615384 0.5204326923076923 0.027644230769230768 0.07091346153846154
0 0.7487980769230769 0.5264423076923077 0.03245192307692308 0.06370192307692307
2 0.6334134615384616 0.5949519230769231 0.026442307692307692 0.08653846153846154
4 0.9194711538461539 0.5973557692307693 0.026442307692307692 0.07932692307692307
2 0.3786057692307692 0.6766826923076923 0.016826923076923076 0.07451923076923077
1 0.16466346153846154 0.71875 0.02403846153846154 0.1502403846153846
1 0.21394230769230768 0.9086538461538461 0.03485576923076923 0.15384615384615385
1 0.7944711538461539 0.6790865384615384 0.03125 0.07932692307692307
4 0.4855769230769231 0.6778846153846154 0.04326923076923077 0.07692307692307693
2 0.5444711538461539 0.7019230769230769 0.03125 0.125
4 0.4098557692307692 0.7475961538461539 0.03245192307692308 0.06850961538461539
1 0.8197115384615384 0.8064903846153846 0.026442307692307692 0.12860576923076922
0 0.43149038461538464 0.9399038461538461 0.038461538461538464 0.07572115384615384
2 0.6466346153846154 0.9603365384615384 0.03365384615384615 0.07451923076923077