4 0.03485576923076923 0.042067307692307696 0.026442307692307692 0.0829326923076923
1 0.25721153846153844 0.06490384615384616 0.027644230769230768 0.09495192307692307
4 0.002403846153846154 0.15865384615384615 0.004807692307692308 0.07692307692307693
1 0.4110576923076923 0.23677884615384615 0.028846153846153848 0.09375
2 0.19591346153846154 0.2956730769230769 0.03245192307692308 0.1141826923076923
2 0.08653846153846154 0.40625 0.036057692307692304 0.08533653846153846
1 0.39663461538461536 0.4411057692307692 0.038461538461538464 0.05048076923076923
2 0.16346153846153846 0.453125 0.038461538461538464 0.026442307692307692
2 0.6370192307692307 0.030048076923076924 0.028846153846153848 0.06009615384615385
4 0.9098557692307693 0.042067307692307696 0.03125 0.08413461538461539
3 0.8064903846153846 0.04447115384615385 0.030048076923076924 0.051682692307692304
4 0.9903846153846154 0.05048076923076923 0.014423076923076924 0.09134615384615384
0 0.7728365384615384 0.07211538461538461 0.028846153846153848 0.0625
2 0.625 0.10697115384615384 0.02403846153846154 0.09254807692307693
4 0.8245192307692307 0.17067307692307693 0.037259615384615384 0.08774038461538461
2 0.7415865384615384 0.17548076923076922 0.030048076923076924 0.0829326923076923
4 0.8028846153846154 0.2403846153846154 0.03365384615384615 0.09495192307692307
1 0.7067307692307693 0.24639423076923078 0.026442307692307692 0.09615384615384616
1 0.5865384615384616 0.30528846153846156 0.02403846153846154 0.10697115384615384
4 0.15144230769230768 0.5661057692307693 0.03125 0.1045673076923077
1 0.41346153846153844 0.6045673076923077 0.02403846153846154 0.11778846153846154
2 0.08173076923076923 0.8930288461538461 0.037259615384615384 0.14903846153846154
2 0.027644230769230768 0.9387019230769231 0.039663461538461536 0.11177884615384616
1 0.3245192307692308 0.9567307692307693 0.02403846153846154 0.08173076923076923
1 0.6201923076923077 0.5060096153846154 0.028846153846153848 0.07451923076923077
2 0.5024038461538461 0.5769230769230769 0.02283653846153846 0.11057692307692307
1 0.9747596153846154 0.6478365384615384 0.019230769230769232 0.11899038461538461
2 0.6959134615384616 0.7379807692307693 0.027644230769230768 0.1201923076923077
0 0.49759615384615385 0.7932692307692307 0.040865384615384616 0.06971153846153846
3 0.45913461538461536 0.8004807692307693 0.03485576923076923 0.11057692307692307
2 0.7367788461538461 0.8100961538461539 0.02403846153846154 0.09975961538461539
1 0.7391826923076923 0.9086538461538461 0.026442307692307692 0.11177884615384616
4 0.5060096153846154 0.9555288461538461 0.036057692307692304 0.08413461538461539