1 0.4206730769230769 0.1045673076923077 0.009615384615384616 0.08413461538461539
4 0.19230769230769232 0.11778846153846154 0.027644230769230768 0.04326923076923077
4 0.054086538461538464 0.14903846153846154 0.026442307692307692 0.038461538461538464
2 0.32211538461538464 0.17548076923076922 0.02403846153846154 0.0829326923076923
3 0.040865384615384616 0.20432692307692307 0.02403846153846154 0.07091346153846154
0 0.17668269230769232 0.22956730769230768 0.028846153846153848 0.037259615384615384
2 0.29447115384615385 0.23557692307692307 0.027644230769230768 0.07451923076923077
2 0.23197115384615385 0.421875 0.027644230769230768 0.07932692307692307
1 0.32091346153846156 0.5048076923076923 0.02283653846153846 0.078125
4 0.003605769230769231 0.5444711538461539 0.007211538461538462 0.07932692307692307
4 0.04807692307692308 0.5600961538461539 0.02283653846153846 0.08173076923076923
1 0.11778846153846154 0.5853365384615384 0.019230769230769232 0.078125
1 0.6346153846153846 0.09975961538461539 0.015625 0.04567307692307692
4 0.5733173076923077 0.1045673076923077 0.026442307692307692 0.06610576923076923
1 0.9134615384615384 0.16826923076923078 0.01201923076923077 0.0625
4 0.5841346153846154 0.21995192307692307 0.02403846153846154 0.0673076923076923
1 0.7295673076923077 0.21995192307692307 0.01201923076923077 0.054086538461538464
2 0.7704326923076923 0.35336538461538464 0.014423076923076924 0.06009615384615385
4 0.5480769230769231 0.40865384615384615 0.016826923076923076 0.0673076923076923
0 0.6658653846153846 0.44350961538461536 0.028846153846153848 0.051682692307692304
2 0.8112980769230769 0.4519230769230769 0.016826923076923076 0.05048076923076923
3 0.5745192307692307 0.4579326923076923 0.013221153846153846 0.07451923076923077
4 0.5745192307692307 0.5276442307692307 0.015625 0.07451923076923077
2 0.8028846153846154 0.5661057692307693 0.01201923076923077 0.06129807692307692
1 0.23076923076923078 0.8125 0.03365384615384615 0.09615384615384616
1 0.8846153846153846 0.671875 0.019230769230769232 0.026442307692307692
2 0.7427884615384616 0.6802884615384616 0.028846153846153848 0.04326923076923077
0 0.5685096153846154 0.7055288461538461 0.03485576923076923 0.03485576923076923
2 0.7644230769230769 0.7584134615384616 0.028846153846153848 0.08653846153846154
4 0.5204326923076923 0.8028846153846154 0.027644230769230768 0.08533653846153846
1 0.7860576923076923 0.8798076923076923 0.03125 0.09375
4 0.5649038461538461 0.953125 0.038461538461538464 0.0889423076923077