1 0.055288461538461536 0.037259615384615384 0.02403846153846154 0.07451923076923077
4 0.38341346153846156 0.04326923076923077 0.027644230769230768 0.07692307692307693
2 0.23317307692307693 0.08533653846153846 0.021634615384615384 0.06850961538461539
0 0.35697115384615385 0.21394230769230768 0.027644230769230768 0.04447115384615385
2 0.18269230769230768 0.27163461538461536 0.028846153846153848 0.04807692307692308
1 0.625 0.20192307692307693 0.028846153846153848 0.1045673076923077
4 0.48197115384615385 0.26802884615384615 0.03485576923076923 0.05048076923076923
1 0.9182692307692307 0.25721153846153844 0.019230769230769232 0.07692307692307693
2 0.7211538461538461 0.2704326923076923 0.03365384615384615 0.05048076923076923
4 0.49759615384615385 0.28725961538461536 0.03365384615384615 0.016826923076923076
1 0.24278846153846154 0.4795673076923077 0.016826923076923076 0.046875
4 0.27163461538461536 0.4879807692307692 0.014423076923076924 0.046875
1 0.046875 0.49038461538461536 0.016826923076923076 0.06490384615384616
2 0.1201923076923077 0.5492788461538461 0.014423076923076924 0.07451923076923077
2 0.057692307692307696 0.5685096153846154 0.021634615384615384 0.07451923076923077
4 0.3112980769230769 0.5913461538461539 0.019230769230769232 0.07692307692307693
0 0.19591346153846154 0.5997596153846154 0.021634615384615384 0.08774038461538461
3 0.2860576923076923 0.6141826923076923 0.019230769230769232 0.08413461538461539
2 0.015625 0.6165865384615384 0.030048076923076924 0.06490384615384616
4 0.27163461538461536 0.6382211538461539 0.015625 0.06129807692307692
4 0.054086538461538464 0.7355769230769231 0.04326923076923077 0.078125
4 0.9074519230769231 0.3858173076923077 0.040865384615384616 0.11057692307692307
2 0.7596153846153846 0.45552884615384615 0.021634615384615384 0.078125
2 0.71875 0.5709134615384616 0.038461538461538464 0.10336538461538461
3 0.9831730769230769 0.6346153846153846 0.026442307692307692 0.13581730769230768
0 0.7956730769230769 0.6502403846153846 0.046875 0.06610576923076923
2 0.7211538461538461 0.8173076923076923 0.037259615384615384 0.12740384615384615
1 0.71875 0.9507211538461539 0.028846153846153848 0.09375
1 0.7728365384615384 0.3125 0.03125 0.028846153846153848
4 0.9110576923076923 0.31971153846153844 0.04807692307692308 0.04326923076923077
1 0.6153846153846154 0.33653846153846156 0.03365384615384615 0.07692307692307693
4 0.8461538461538461 0.3401442307692308 0.04326923076923077 0.08413461538461539
1 0.7632211538461539 0.3762019230769231 0.038461538461538464 0.08052884615384616