0 0.21514423076923078 0.016826923076923076 0.03125 0.03365384615384615
2 0.34975961538461536 0.039663461538461536 0.036057692307692304 0.07932692307692307
4 0.15985576923076922 0.10576923076923077 0.038461538461538464 0.078125
2 0.22115384615384615 0.12139423076923077 0.03485576923076923 0.07091346153846154
4 0.140625 0.14302884615384615 0.04326923076923077 0.07572115384615384
1 0.21033653846153846 0.1935096153846154 0.027644230769230768 0.0985576923076923
4 0.07451923076923077 0.27884615384615385 0.038461538461538464 0.0985576923076923
1 0.2283653846153846 0.3389423076923077 0.02403846153846154 0.10096153846153846
4 0.9867788461538461 0.03245192307692308 0.021634615384615384 0.06490384615384616
1 0.8353365384615384 0.052884615384615384 0.021634615384615384 0.06490384615384616
1 0.75 0.16346153846153846 0.020432692307692308 0.0733173076923077
2 0.8846153846153846 0.171875 0.025240384615384616 0.07451923076923077
2 0.9579326923076923 0.296875 0.03125 0.0889423076923077
1 0.8137019230769231 0.3485576923076923 0.028846153846153848 0.09254807692307693
1 0.8569711538461539 0.4483173076923077 0.026442307692307692 0.07451923076923077
1 0.054086538461538464 0.5144230769230769 0.021634615384615384 0.052884615384615384
1 0.10216346153846154 0.578125 0.015625 0.09375
1 0.4230769230769231 0.6935096153846154 0.026442307692307692 0.09014423076923077
2 0.04567307692307692 0.7283653846153846 0.02403846153846154 0.06009615384615385
0 0.010817307692307692 0.7620192307692307 0.021634615384615384 0.052884615384615384
2 0.07091346153846154 0.7692307692307693 0.026442307692307692 0.06370192307692307
1 0.41466346153846156 0.9471153846153846 0.019230769230769232 0.10336538461538461
4 0.16826923076923078 0.9867788461538461 0.028846153846153848 0.021634615384615384
4 0.7584134615384616 0.5408653846153846 0.03245192307692308 0.10576923076923077
1 0.8245192307692307 0.5504807692307693 0.03125 0.08774038461538461
2 0.6526442307692307 0.7920673076923077 0.056490384615384616 0.09254807692307693
1 0.7560096153846154 0.7992788461538461 0.040865384615384616 0.12139423076923077
0 0.5108173076923077 0.9014423076923077 0.036057692307692304 0.07091346153846154
2 0.7127403846153846 0.9350961538461539 0.040865384615384616 0.125
2 0.6550480769230769 0.9699519230769231 0.04567307692307692 0.055288461538461536