4 0.24759615384615385 0.052884615384615384 0.025240384615384616 0.06490384615384616
1 0.30288461538461536 0.0625 0.02403846153846154 0.0673076923076923
4 0.1778846153846154 0.19471153846153846 0.02403846153846154 0.06971153846153846
1 0.26322115384615385 0.20793269230769232 0.02403846153846154 0.078125
2 0.23798076923076922 0.28846153846153844 0.02403846153846154 0.07211538461538461
4 0.1502403846153846 0.29086538461538464 0.02283653846153846 0.05048076923076923
3 0.027644230769230768 0.38822115384615385 0.02403846153846154 0.1045673076923077
0 0.16826923076923078 0.41346153846153844 0.03485576923076923 0.05889423076923077
2 0.18870192307692307 0.5048076923076923 0.03125 0.10336538461538461
4 0.10817307692307693 0.5817307692307693 0.02283653846153846 0.09615384615384616
1 0.16105769230769232 0.6117788461538461 0.027644230769230768 0.08653846153846154
2 0.6478365384615384 0.28365384615384615 0.009615384615384616 0.09134615384615384
4 0.5913461538461539 0.2980769230769231 0.021634615384615384 0.08653846153846154
0 0.6742788461538461 0.41466346153846156 0.016826923076923076 0.046875
2 0.7980769230769231 0.4170673076923077 0.019230769230769232 0.046875
4 0.8125 0.4543269230769231 0.014423076923076924 0.0829326923076923
3 0.5216346153846154 0.48677884615384615 0.02403846153846154 0.1141826923076923
1 0.8185096153846154 0.5396634615384616 0.015625 0.1141826923076923
1 0.9110576923076923 0.5528846153846154 0.02403846153846154 0.1141826923076923
1 0.8701923076923077 0.5625 0.015625 0.09975961538461539
4 0.7548076923076923 0.5685096153846154 0.021634615384615384 0.11057692307692307
4 0.4182692307692308 0.10697115384615384 0.015625 0.09495192307692307
1 0.6370192307692307 0.18389423076923078 0.015625 0.08052884615384616
1 0.6177884615384616 0.1875 0.01201923076923077 0.09495192307692307
4 0.47115384615384615 0.23557692307692307 0.025240384615384616 0.0889423076923077
2 0.3137019230769231 0.7704326923076923 0.025240384615384616 0.078125
2 0.21754807692307693 0.8389423076923077 0.021634615384615384 0.09615384615384616
2 0.2668269230769231 0.9050480769230769 0.020432692307692308 0.08774038461538461
4 0.4951923076923077 0.7764423076923077 0.038461538461538464 0.09615384615384616
4 0.45913461538461536 0.9302884615384616 0.038461538461538464 0.1346153846153846