4 0.1201923076923077 0.02403846153846154 0.02403846153846154 0.04807692307692308
4 0.15745192307692307 0.31490384615384615 0.03245192307692308 0.09014423076923077
1 0.08052884615384616 0.33052884615384615 0.026442307692307692 0.1141826923076923
1 0.8064903846153846 0.02403846153846154 0.021634615384615384 0.04807692307692308
0 0.4639423076923077 0.07091346153846154 0.028846153846153848 0.06971153846153846
2 0.5889423076923077 0.11658653846153846 0.019230769230769232 0.09254807692307693
2 0.46274038461538464 0.20793269230769232 0.026442307692307692 0.055288461538461536
1 0.47115384615384615 0.28365384615384615 0.019230769230769232 0.10697115384615384
1 0.8173076923076923 0.3004807692307692 0.018028846153846152 0.10697115384615384
1 0.48197115384615385 0.4891826923076923 0.026442307692307692 0.07451923076923077
2 0.4074519230769231 0.5949519230769231 0.03125 0.10336538461538461
1 0.7704326923076923 0.5600961538461539 0.03125 0.0625
1 0.90625 0.6298076923076923 0.020432692307692308 0.12379807692307693
2 0.640625 0.6826923076923077 0.02283653846153846 0.12379807692307693
4 0.4963942307692308 0.6875 0.037259615384615384 0.11177884615384616
4 0.5600961538461539 0.7067307692307693 0.03485576923076923 0.12620192307692307
2 0.7259615384615384 0.7079326923076923 0.02283653846153846 0.10336538461538461
4 0.5733173076923077 0.8413461538461539 0.037259615384615384 0.11538461538461539
2 0.9699519230769231 0.8966346153846154 0.036057692307692304 0.0829326923076923
0 0.7175480769230769 0.921875 0.042067307692307696 0.051682692307692304
3 0.5384615384615384 0.9651442307692307 0.028846153846153848 0.06490384615384616