4 0.036057692307692304 0.039663461538461536 0.030048076923076924 0.07091346153846154
1 0.36899038461538464 0.15504807692307693 0.019230769230769232 0.08052884615384616
2 0.21153846153846154 0.2548076923076923 0.019230769230769232 0.0829326923076923
3 0.057692307692307696 0.2800480769230769 0.02283653846153846 0.05048076923076923
0 0.0889423076923077 0.29447115384615385 0.02403846153846154 0.0673076923076923
2 0.23317307692307693 0.31490384615384615 0.02403846153846154 0.08774038461538461
1 0.48677884615384615 0.3605769230769231 0.02283653846153846 0.08653846153846154
4 0.04447115384615385 0.3786057692307692 0.019230769230769232 0.0829326923076923
1 0.25 0.4831730769230769 0.015625 0.10336538461538461
4 0.07451923076923077 0.515625 0.016826923076923076 0.09975961538461539
1 0.25961538461538464 0.021634615384615384 0.02403846153846154 0.04326923076923077
2 0.5961538461538461 0.08653846153846154 0.010817307692307692 0.0625
1 0.7680288461538461 0.08774038461538461 0.01201923076923077 0.06129807692307692
2 0.6358173076923077 0.17067307692307693 0.02283653846153846 0.06610576923076923
1 0.8209134615384616 0.2403846153846154 0.018028846153846152 0.07091346153846154
1 0.6983173076923077 0.4182692307692308 0.014423076923076924 0.0625
1 0.6959134615384616 0.5336538461538461 0.019230769230769232 0.07451923076923077
4 0.6033653846153846 0.5504807692307693 0.028846153846153848 0.0625
1 0.3870192307692308 0.7872596153846154 0.026442307692307692 0.08653846153846154
4 0.5048076923076923 0.7896634615384616 0.036057692307692304 0.1045673076923077
4 0.5612980769230769 0.8786057692307693 0.030048076923076924 0.040865384615384616
2 0.3762019230769231 0.8882211538461539 0.019230769230769232 0.109375
4 0.546875 0.9026442307692307 0.03485576923076923 0.03245192307692308
1 0.12860576923076922 0.9254807692307693 0.03245192307692308 0.11538461538461539
2 0.41586538461538464 0.9735576923076923 0.03365384615384615 0.04807692307692308
0 0.5661057692307693 0.9891826923076923 0.036057692307692304 0.016826923076923076
1 0.6598557692307693 0.6706730769230769 0.03125 0.0625
1 0.9507211538461539 0.7259615384615384 0.016826923076923076 0.11778846153846154
2 0.7548076923076923 0.7536057692307693 0.03125 0.11899038461538461
2 0.7728365384615384 0.8894230769230769 0.03365384615384615 0.09254807692307693
0 0.6033653846153846 0.9242788461538461 0.028846153846153848 0.07932692307692307
2 0.7860576923076923 0.9555288461538461 0.038461538461538464 0.08413461538461539