1 0.22115384615384615 0.44350961538461536 0.03365384615384615 0.026442307692307692
2 0.3449519230769231 0.014423076923076924 0.03125 0.028846153846153848
4 0.10576923076923077 0.030048076923076924 0.028846153846153848 0.06009615384615385
4 0.039663461538461536 0.18990384615384615 0.04326923076923077 0.1045673076923077
1 0.13942307692307693 0.21153846153846154 0.03365384615384615 0.12740384615384615
4 0.5769230769230769 0.04326923076923077 0.04326923076923077 0.08653846153846154
2 0.8413461538461539 0.0625 0.038461538461538464 0.125
3 0.46153846153846156 0.14903846153846154 0.021634615384615384 0.13822115384615385
0 0.65625 0.15144230769230768 0.040865384615384616 0.08533653846153846
2 0.8737980769230769 0.16346153846153846 0.042067307692307696 0.14543269230769232
4 0.38461538461538464 0.17668269230769232 0.009615384615384616 0.12740384615384615
4 0.6442307692307693 0.2860576923076923 0.038461538461538464 0.09495192307692307
1 0.9375 0.30408653846153844 0.046875 0.12740384615384615
2 0.7391826923076923 0.3293269230769231 0.055288461538461536 0.11658653846153846
2 0.203125 0.484375 0.026442307692307692 0.05048076923076923
0 0.3701923076923077 0.5528846153846154 0.014423076923076924 0.0673076923076923
2 0.3233173076923077 0.6129807692307693 0.026442307692307692 0.08413461538461539
2 0.36538461538461536 0.640625 0.02403846153846154 0.10336538461538461
1 0.4855769230769231 0.5084134615384616 0.021634615384615384 0.08653846153846154
2 0.8040865384615384 0.53125 0.020432692307692308 0.056490384615384616
0 0.9507211538461539 0.5625 0.025240384615384616 0.04567307692307692
2 0.8064903846153846 0.6069711538461539 0.016826923076923076 0.09735576923076923
1 0.9146634615384616 0.6742788461538461 0.02403846153846154 0.09735576923076923
1 0.7475961538461539 0.6790865384615384 0.021634615384615384 0.10216346153846154
4 0.9891826923076923 0.8329326923076923 0.016826923076923076 0.10817307692307693
1 0.7740384615384616 0.8365384615384616 0.015625 0.1201923076923077