2 0.07091346153846154 0.037259615384615384 0.036057692307692304 0.07451923076923077
3 0.46274038461538464 0.06009615384615385 0.040865384615384616 0.1201923076923077
0 0.2800480769230769 0.078125 0.036057692307692304 0.07451923076923077
2 0.08774038461538461 0.0985576923076923 0.03125 0.10336538461538461
4 0.5 0.10096153846153846 0.03365384615384615 0.13942307692307693
1 0.04567307692307692 0.19110576923076922 0.038461538461538464 0.1310096153846154
4 0.2644230769230769 0.34975961538461536 0.052884615384615384 0.1310096153846154
4 0.8425480769230769 0.07451923076923077 0.038461538461538464 0.09134615384615384
1 0.8990384615384616 0.0889423076923077 0.025240384615384616 0.09735576923076923
2 0.8257211538461539 0.2920673076923077 0.039663461538461536 0.09735576923076923
3 0.6346153846153846 0.3076923076923077 0.030048076923076924 0.09375
0 0.671875 0.31009615384615385 0.025240384615384616 0.056490384615384616
2 0.8293269230769231 0.4026442307692308 0.036057692307692304 0.11899038461538461
4 0.5877403846153846 0.4387019230769231 0.03245192307692308 0.056490384615384616
2 0.7439903846153846 0.5 0.052884615384615384 0.10576923076923077
4 0.5841346153846154 0.5216346153846154 0.039663461538461536 0.0985576923076923
4 0.5372596153846154 0.5552884615384616 0.036057692307692304 0.08173076923076923
1 0.6598557692307693 0.5552884615384616 0.03125 0.08173076923076923
1 0.31490384615384615 0.8185096153846154 0.03245192307692308 0.052884615384615384
4 0.3942307692307692 0.8341346153846154 0.036057692307692304 0.09375
4 0.5108173076923077 0.9447115384615384 0.01201923076923077 0.07211538461538461
2 0.20192307692307693 0.9507211538461539 0.030048076923076924 0.09495192307692307
4 0.6610576923076923 0.6322115384615384 0.02403846153846154 0.06610576923076923
1 0.84375 0.640625 0.015625 0.06971153846153846
4 0.6466346153846154 0.7139423076923077 0.026442307692307692 0.06850961538461539
1 0.9915865384615384 0.7451923076923077 0.01201923076923077 0.08173076923076923
4 0.6706730769230769 0.7584134615384616 0.02403846153846154 0.055288461538461536
1 0.7848557692307693 0.7596153846153846 0.02403846153846154 0.078125
3 0.5480769230769231 0.8629807692307693 0.020432692307692308 0.10216346153846154
2 0.7151442307692307 0.8629807692307693 0.030048076923076924 0.07932692307692307
0 0.6634615384615384 0.8834134615384616 0.02283653846153846 0.055288461538461536