1 0.25841346153846156 0.06129807692307692 0.021634615384615384 0.12259615384615384
3 0.47115384615384615 0.018028846153846152 0.028846153846153848 0.036057692307692304
2 0.7884615384615384 0.019230769230769232 0.04326923076923077 0.038461538461538464
0 0.6574519230769231 0.025240384615384616 0.05048076923076923 0.05048076923076923
2 0.7620192307692307 0.027644230769230768 0.03365384615384615 0.055288461538461536
4 0.4495192307692308 0.036057692307692304 0.019230769230769232 0.07211538461538461
1 0.8846153846153846 0.05889423076923077 0.03365384615384615 0.11778846153846154
4 0.5504807692307693 0.0733173076923077 0.03485576923076923 0.10216346153846154
2 0.7644230769230769 0.12860576923076922 0.038461538461538464 0.14783653846153846
4 0.49158653846153844 0.23197115384615385 0.055288461538461536 0.13581730769230768
1 0.8221153846153846 0.2512019230769231 0.040865384615384616 0.12379807692307693
4 0.26802884615384615 0.7127403846153846 0.05048076923076923 0.10096153846153846
4 0.20432692307692307 0.8930288461538461 0.054086538461538464 0.11177884615384616
3 0.1658653846153846 0.44350961538461536 0.019230769230769232 0.06971153846153846
4 0.13221153846153846 0.4483173076923077 0.03365384615384615 0.07932692307692307
0 0.3112980769230769 0.44591346153846156 0.026442307692307692 0.07451923076923077
4 0.22355769230769232 0.5240384615384616 0.038461538461538464 0.09615384615384616
2 0.49158653846153844 0.4326923076923077 0.026442307692307692 0.04807692307692308
3 0.7199519230769231 0.44711538461538464 0.016826923076923076 0.07692307692307693
0 0.5901442307692307 0.45552884615384615 0.028846153846153848 0.051682692307692304
2 0.5120192307692307 0.49158653846153844 0.016826923076923076 0.0985576923076923
4 0.7355769230769231 0.49759615384615385 0.02403846153846154 0.0625
4 0.65625 0.7548076923076923 0.03365384615384615 0.08774038461538461
4 0.6201923076923077 0.9567307692307693 0.04326923076923077 0.08173076923076923
1 0.5264423076923077 0.9615384615384616 0.03365384615384615 0.07211538461538461