2 0.17067307692307693 0.20552884615384615 0.019230769230769232 0.11177884615384616
1 0.2776442307692308 0.29927884615384615 0.026442307692307692 0.12740384615384615
2 0.17427884615384615 0.3233173076923077 0.02403846153846154 0.13581730769230768
1 0.5673076923076923 0.027644230769230768 0.03365384615384615 0.055288461538461536
4 0.8389423076923077 0.0673076923076923 0.03245192307692308 0.09375
1 0.5420673076923077 0.1310096153846154 0.03365384615384615 0.13581730769230768
4 0.8040865384615384 0.15264423076923078 0.036057692307692304 0.1201923076923077
1 0.5985576923076923 0.28966346153846156 0.038461538461538464 0.11899038461538461
4 0.7692307692307693 0.32572115384615385 0.037259615384615384 0.14302884615384615
1 0.4206730769230769 0.4519230769230769 0.019230769230769232 0.0673076923076923
2 0.43028846153846156 0.5600961538461539 0.02403846153846154 0.07692307692307693
2 0.38822115384615385 0.5745192307692307 0.02403846153846154 0.09134615384615384
1 0.23076923076923078 0.6622596153846154 0.018028846153846152 0.09495192307692307
1 0.24278846153846154 0.9098557692307693 0.016826923076923076 0.11658653846153846
4 0.7524038461538461 0.5096153846153846 0.027644230769230768 0.1141826923076923
4 0.8521634615384616 0.6189903846153846 0.03485576923076923 0.05889423076923077
4 0.78125 0.6370192307692307 0.04326923076923077 0.036057692307692304
2 0.9735576923076923 0.7103365384615384 0.026442307692307692 0.10336538461538461
3 0.7776442307692307 0.7223557692307693 0.03125 0.07091346153846154
4 0.5528846153846154 0.7307692307692307 0.026442307692307692 0.13221153846153846
0 0.8245192307692307 0.75 0.02403846153846154 0.07572115384615384
4 0.7896634615384616 0.8677884615384616 0.04927884615384615 0.07572115384615384
4 0.8762019230769231 0.8858173076923077 0.040865384615384616 0.11177884615384616