1 0.38822115384615385 0.09375 0.016826923076923076 0.09975961538461539
4 0.5120192307692307 0.15384615384615385 0.027644230769230768 0.09134615384615384
1 0.21995192307692307 0.26322115384615385 0.020432692307692308 0.08653846153846154
4 0.4230769230769231 0.35336538461538464 0.03365384615384615 0.0673076923076923
2 0.6526442307692307 0.08413461538461539 0.025240384615384616 0.1045673076923077
4 0.7632211538461539 0.3425480769230769 0.040865384615384616 0.0889423076923077
1 0.5372596153846154 0.35697115384615385 0.016826923076923076 0.06009615384615385
1 0.46153846153846156 0.40384615384615385 0.03365384615384615 0.028846153846153848
4 0.14783653846153846 0.4579326923076923 0.040865384615384616 0.09254807692307693
2 0.2608173076923077 0.47716346153846156 0.038461538461538464 0.10336538461538461
4 0.19110576923076922 0.49399038461538464 0.038461538461538464 0.07572115384615384
4 0.14903846153846154 0.5588942307692307 0.042067307692307696 0.09735576923076923
2 0.41346153846153844 0.5745192307692307 0.037259615384615384 0.13942307692307693
3 0.03365384615384615 0.6706730769230769 0.021634615384615384 0.13822115384615385
0 0.2283653846153846 0.6730769230769231 0.040865384615384616 0.08533653846153846
2 0.44591346153846156 0.6850961538461539 0.042067307692307696 0.14543269230769232
4 0.21634615384615385 0.8076923076923077 0.038461538461538464 0.09495192307692307
1 0.5060096153846154 0.8269230769230769 0.040865384615384616 0.12980769230769232
2 0.3112980769230769 0.8509615384615384 0.055288461538461536 0.11658653846153846
1 0.7247596153846154 0.5564903846153846 0.019230769230769232 0.10697115384615384
4 0.9759615384615384 0.578125 0.027644230769230768 0.08052884615384616
4 0.9435096153846154 0.6045673076923077 0.026442307692307692 0.09375
1 0.78125 0.6646634615384616 0.014423076923076924 0.11057692307692307
1 0.5721153846153846 0.7295673076923077 0.018028846153846152 0.0985576923076923
2 0.9290865384615384 0.7932692307692307 0.039663461538461536 0.054086538461538464
0 0.9771634615384616 0.8569711538461539 0.03125 0.054086538461538464
2 0.8100961538461539 0.8882211538461539 0.021634615384615384 0.109375
1 0.5709134615384616 0.9567307692307693 0.026442307692307692 0.08173076923076923
2 0.9387019230769231 0.9747596153846154 0.036057692307692304 0.04567307692307692