1 0.25240384615384615 0.09375 0.018028846153846152 0.11899038461538461
1 0.4170673076923077 0.109375 0.016826923076923076 0.09375
4 0.6790865384615384 0.12139423076923077 0.027644230769230768 0.08052884615384616
4 0.7391826923076923 0.22235576923076922 0.03365384615384615 0.06610576923076923
2 0.5360576923076923 0.30408653846153844 0.027644230769230768 0.11177884615384616
3 0.7379807692307693 0.3545673076923077 0.02403846153846154 0.07932692307692307
4 0.9579326923076923 0.359375 0.038461538461538464 0.11899038461538461
0 0.7007211538461539 0.3713942307692308 0.038461538461538464 0.0673076923076923
2 0.5444711538461539 0.40384615384615385 0.03125 0.08653846153846154
1 0.25841346153846156 0.47596153846153844 0.016826923076923076 0.052884615384615384
1 0.18389423076923078 0.8677884615384616 0.016826923076923076 0.09134615384615384
4 0.6310096153846154 0.46875 0.036057692307692304 0.038461538461538464
2 0.4735576923076923 0.4855769230769231 0.028846153846153848 0.07211538461538461
4 0.8016826923076923 0.5096153846153846 0.02283653846153846 0.08653846153846154
3 0.8233173076923077 0.5564903846153846 0.025240384615384616 0.11538461538461539
2 0.5012019230769231 0.5709134615384616 0.027644230769230768 0.09254807692307693
0 0.6887019230769231 0.5901442307692307 0.03245192307692308 0.07451923076923077
4 0.8293269230769231 0.7764423076923077 0.036057692307692304 0.11899038461538461
1 0.6310096153846154 0.8125 0.02403846153846154 0.1201923076923077
4 0.8846153846153846 0.9411057692307693 0.04326923076923077 0.11298076923076923
1 0.7271634615384616 0.9639423076923077 0.03125 0.0673076923076923