4 0.2668269230769231 0.15504807692307693 0.025240384615384616 0.06610576923076923
1 0.19951923076923078 0.17067307692307693 0.02283653846153846 0.0625
4 0.3088942307692308 0.2608173076923077 0.027644230769230768 0.0829326923076923
1 0.11899038461538461 0.2980769230769231 0.02283653846153846 0.0829326923076923
4 0.3137019230769231 0.35216346153846156 0.02403846153846154 0.021634615384615384
2 0.1875 0.38461538461538464 0.021634615384615384 0.07692307692307693
3 0.3629807692307692 0.42788461538461536 0.02403846153846154 0.055288461538461536
2 0.20552884615384615 0.4411057692307692 0.025240384615384616 0.09134615384615384
0 0.3293269230769231 0.44350961538461536 0.02403846153846154 0.054086538461538464
2 0.23317307692307693 0.4891826923076923 0.028846153846153848 0.036057692307692304
4 0.3798076923076923 0.5 0.038461538461538464 0.014423076923076924
2 0.5829326923076923 0.015625 0.026442307692307692 0.03125
3 0.9074519230769231 0.05048076923076923 0.021634615384615384 0.10096153846153846
0 0.7608173076923077 0.07451923076923077 0.03245192307692308 0.06370192307692307
4 0.9290865384615384 0.09254807692307693 0.02403846153846154 0.10216346153846154
2 0.703125 0.1346153846153846 0.026442307692307692 0.08413461538461539
2 0.7512019230769231 0.1622596153846154 0.036057692307692304 0.09975961538461539
4 0.8677884615384616 0.30649038461538464 0.036057692307692304 0.0985576923076923
1 0.8016826923076923 0.3088942307692308 0.030048076923076924 0.10336538461538461
1 0.3088942307692308 0.5264423076923077 0.026442307692307692 0.03365384615384615
4 0.04447115384615385 0.5252403846153846 0.036057692307692304 0.03125
2 0.19831730769230768 0.5324519230769231 0.021634615384615384 0.04567307692307692
2 0.2668269230769231 0.5829326923076923 0.03125 0.08774038461538461
0 0.15264423076923078 0.6598557692307693 0.038461538461538464 0.052884615384615384
3 0.002403846153846154 0.6790865384615384 0.004807692307692308 0.12740384615384615
2 0.3269230769230769 0.6790865384615384 0.03125 0.09134615384615384
4 0.21754807692307693 0.9471153846153846 0.03125 0.10096153846153846
2 0.7992788461538461 0.5456730769230769 0.03125 0.07211538461538461
4 0.6262019230769231 0.6033653846153846 0.026442307692307692 0.109375
1 0.7067307692307693 0.6310096153846154 0.025240384615384616 0.12379807692307693
4 0.5901442307692307 0.6538461538461539 0.03365384615384615 0.10336538461538461
1 0.9350961538461539 0.7079326923076923 0.036057692307692304 0.10817307692307693