4 0.12139423076923077 0.09735576923076923 0.038461538461538464 0.09615384615384616
1 0.20793269230769232 0.11538461538461539 0.02403846153846154 0.10697115384615384
4 0.014423076923076924 0.3317307692307692 0.028846153846153848 0.11057692307692307
1 0.27163461538461536 0.4326923076923077 0.026442307692307692 0.13581730769230768
1 0.33774038461538464 0.19591346153846154 0.02403846153846154 0.09975961538461539
1 0.7103365384615384 0.1971153846153846 0.026442307692307692 0.10216346153846154
4 0.8016826923076923 0.20072115384615385 0.03365384615384615 0.09735576923076923
2 0.5925480769230769 0.3473557692307692 0.02283653846153846 0.09735576923076923
4 0.8617788461538461 0.43509615384615385 0.03125 0.06009615384615385
0 0.7091346153846154 0.4375 0.027644230769230768 0.06610576923076923
4 0.96875 0.43990384615384615 0.036057692307692304 0.11298076923076923
3 0.8425480769230769 0.4879807692307692 0.025240384615384616 0.10817307692307693
2 0.5516826923076923 0.5192307692307693 0.026442307692307692 0.09615384615384616
1 0.5877403846153846 0.040865384615384616 0.03125 0.08173076923076923
4 0.8581730769230769 0.06009615384615385 0.04326923076923077 0.09615384615384616
1 0.004807692307692308 0.5865384615384616 0.009615384615384616 0.03365384615384615
2 0.6742788461538461 0.6057692307692307 0.03125 0.07211538461538461
3 0.4639423076923077 0.625 0.026442307692307692 0.07091346153846154
0 0.5048076923076923 0.6322115384615384 0.03365384615384615 0.07091346153846154
2 0.7019230769230769 0.6983173076923077 0.03125 0.10336538461538461
4 0.484375 0.7439903846153846 0.04567307692307692 0.042067307692307696
4 0.4723557692307692 0.8040865384615384 0.037259615384615384 0.08052884615384616
2 0.5528846153846154 0.8269230769230769 0.030048076923076924 0.09375
4 0.43509615384615385 0.9495192307692307 0.04326923076923077 0.09615384615384616
1 0.7764423076923077 0.9675480769230769 0.028846153846153848 0.06009615384615385