4 0.16346153846153846 0.06971153846153846 0.027644230769230768 0.07932692307692307
1 0.24158653846153846 0.0733173076923077 0.02403846153846154 0.0889423076923077
4 0.1971153846153846 0.18509615384615385 0.030048076923076924 0.0829326923076923
1 0.2776442307692308 0.1935096153846154 0.020432692307692308 0.08653846153846154
4 0.20072115384615385 0.3473557692307692 0.03125 0.09495192307692307
1 0.27884615384615385 0.3581730769230769 0.026442307692307692 0.08653846153846154
1 0.6923076923076923 0.17908653846153846 0.027644230769230768 0.09134615384615384
4 0.5997596153846154 0.18509615384615385 0.021634615384615384 0.11538461538461539
2 0.6971153846153846 0.29086538461538464 0.037259615384615384 0.10096153846153846
2 0.7908653846153846 0.36658653846153844 0.027644230769230768 0.11538461538461539
2 0.7199519230769231 0.4375 0.036057692307692304 0.09615384615384616
1 0.9375 0.4519230769230769 0.028846153846153848 0.0673076923076923
4 0.19110576923076922 0.53125 0.027644230769230768 0.06971153846153846
2 0.1141826923076923 0.5889423076923077 0.020432692307692308 0.07211538461538461
3 0.3401442307692308 0.6598557692307693 0.018028846153846152 0.09134615384615384
2 0.057692307692307696 0.6838942307692307 0.026442307692307692 0.07692307692307693
0 0.21153846153846154 0.6923076923076923 0.027644230769230768 0.06129807692307692
4 0.3557692307692308 0.7211538461538461 0.019230769230769232 0.08653846153846154
2 0.09615384615384616 0.8040865384615384 0.02283653846153846 0.0985576923076923
4 0.3173076923076923 0.9086538461538461 0.03125 0.0829326923076923
1 0.054086538461538464 0.9603365384615384 0.03125 0.07451923076923077
4 0.6899038461538461 0.5661057692307693 0.019230769230769232 0.08173076923076923
1 0.9122596153846154 0.5697115384615384 0.025240384615384616 0.05889423076923077
1 0.9651442307692307 0.6286057692307693 0.02403846153846154 0.09735576923076923
4 0.7163461538461539 0.6790865384615384 0.027644230769230768 0.0829326923076923
2 0.8581730769230769 0.6899038461538461 0.02283653846153846 0.07451923076923077
2 0.7692307692307693 0.7199519230769231 0.027644230769230768 0.07572115384615384
3 0.6225961538461539 0.8329326923076923 0.02403846153846154 0.09735576923076923
0 0.7415865384615384 0.8377403846153846 0.027644230769230768 0.04927884615384615
4 0.7872596153846154 0.9423076923076923 0.027644230769230768 0.07932692307692307
2 0.9459134615384616 0.9555288461538461 0.02403846153846154 0.07932692307692307
4 0.7451923076923077 0.9807692307692307 0.02403846153846154 0.03365384615384615