1 0.30649038461538464 0.027644230769230768 0.021634615384615384 0.055288461538461536
1 0.3629807692307692 0.109375 0.014423076923076924 0.11057692307692307
1 0.15384615384615385 0.17427884615384615 0.018028846153846152 0.0985576923076923
2 0.3918269230769231 0.3329326923076923 0.021634615384615384 0.109375
1 0.15264423076923078 0.4170673076923077 0.025240384615384616 0.11057692307692307
4 0.5913461538461539 0.020432692307692308 0.028846153846153848 0.040865384615384616
1 0.8125 0.03485576923076923 0.028846153846153848 0.06971153846153846
4 0.5456730769230769 0.11538461538461539 0.02403846153846154 0.07451923076923077
1 0.9711538461538461 0.19230769230769232 0.03485576923076923 0.09134615384615384
2 0.7512019230769231 0.25240384615384615 0.03245192307692308 0.1141826923076923
2 0.6418269230769231 0.3629807692307692 0.036057692307692304 0.08533653846153846
0 0.5288461538461539 0.4170673076923077 0.039663461538461536 0.08774038461538461
1 0.9519230769230769 0.44591346153846156 0.036057692307692304 0.14423076923076922
2 0.7175480769230769 0.4579326923076923 0.036057692307692304 0.11899038461538461
2 0.21995192307692307 0.5504807692307693 0.026442307692307692 0.04326923076923077
4 0.027644230769230768 0.5612980769230769 0.036057692307692304 0.06490384615384616
1 0.17307692307692307 0.6502403846153846 0.018028846153846152 0.09134615384615384
4 0.013221153846153846 0.65625 0.02403846153846154 0.09254807692307693
4 0.004807692307692308 0.9230769230769231 0.009615384615384616 0.10096153846153846
1 0.16105769230769232 0.9483173076923077 0.028846153846153848 0.0985576923076923
2 0.7463942307692307 0.5949519230769231 0.03125 0.13221153846153846
2 0.7103365384615384 0.6502403846153846 0.04567307692307692 0.15985576923076922
2 0.45552884615384615 0.6658653846153846 0.03125 0.19230769230769232
3 0.6634615384615384 0.6778846153846154 0.039663461538461536 0.09134615384615384
4 0.8353365384615384 0.7391826923076923 0.078125 0.13221153846153846
4 0.7728365384615384 0.7644230769230769 0.07091346153846154 0.09735576923076923
2 0.4699519230769231 0.828125 0.06009615384615385 0.1658653846153846
0 0.6490384615384616 0.8557692307692307 0.057692307692307696 0.051682692307692304
3 0.6983173076923077 0.8846153846153846 0.052884615384615384 0.14783653846153846
1 0.9411057692307693 0.9050480769230769 0.05048076923076923 0.18509615384615385
4 0.5913461538461539 0.9795673076923077 0.07211538461538461 0.036057692307692304