1 0.4651442307692308 0.13581730769230768 0.021634615384615384 0.040865384615384616
1 0.9639423076923077 0.09014423076923077 0.02283653846153846 0.10216346153846154
4 0.6598557692307693 0.11778846153846154 0.036057692307692304 0.07692307692307693
1 0.26802884615384615 0.26802884615384615 0.027644230769230768 0.10697115384615384
4 0.009615384615384616 0.2848557692307692 0.019230769230769232 0.0985576923076923
2 0.08413461538461539 0.3786057692307692 0.027644230769230768 0.11538461538461539
4 0.006009615384615385 0.43149038461538464 0.01201923076923077 0.07932692307692307
2 0.22235576923076922 0.5276442307692307 0.020432692307692308 0.13701923076923078
0 0.006009615384615385 0.5745192307692307 0.01201923076923077 0.10096153846153846
2 0.18509615384615385 0.6490384615384616 0.02283653846153846 0.11658653846153846
1 0.3389423076923077 0.8305288461538461 0.030048076923076924 0.12860576923076922
1 0.19471153846153846 0.9375 0.028846153846153848 0.1201923076923077
1 0.8185096153846154 0.46274038461538464 0.025240384615384616 0.1141826923076923
4 0.671875 0.484375 0.03485576923076923 0.04447115384615385
2 0.7475961538461539 0.5288461538461539 0.03245192307692308 0.0889423076923077
3 0.5925480769230769 0.6105769230769231 0.025240384615384616 0.06971153846153846
2 0.8052884615384616 0.6177884615384616 0.026442307692307692 0.12740384615384615
0 0.6225961538461539 0.6574519230769231 0.04326923076923077 0.06971153846153846
2 0.75 0.7367788461538461 0.03485576923076923 0.11057692307692307
4 0.5348557692307693 0.7644230769230769 0.038461538461538464 0.0829326923076923
2 0.7115384615384616 0.8305288461538461 0.027644230769230768 0.125
4 0.7668269230769231 0.27283653846153844 0.04326923076923077 0.09975961538461539