4 0.5072115384615384 0.01201923076923077 0.02403846153846154 0.02403846153846154
1 0.22235576923076922 0.040865384615384616 0.021634615384615384 0.08173076923076923
4 0.6430288461538461 0.06850961538461539 0.021634615384615384 0.06009615384615385
4 0.5865384615384616 0.10096153846153846 0.025240384615384616 0.09495192307692307
2 0.3713942307692308 0.10817307692307693 0.02403846153846154 0.07091346153846154
3 0.6322115384615384 0.1201923076923077 0.02403846153846154 0.09134615384615384
0 0.5048076923076923 0.13822115384615385 0.025240384615384616 0.057692307692307696
2 0.38221153846153844 0.19471153846153846 0.027644230769230768 0.09134615384615384
1 0.11177884615384616 0.2848557692307692 0.020432692307692308 0.109375
1 0.4026442307692308 0.36177884615384615 0.02403846153846154 0.10336538461538461
4 0.5841346153846154 0.36177884615384615 0.028846153846153848 0.10336538461538461
4 0.5649038461538461 0.49158653846153844 0.039663461538461536 0.10697115384615384
1 0.4182692307692308 0.5036057692307693 0.03125 0.0985576923076923
2 0.9266826923076923 0.11658653846153846 0.028846153846153848 0.07932692307692307
1 0.6947115384615384 0.18028846153846154 0.020432692307692308 0.0889423076923077
2 0.8990384615384616 0.20793269230769232 0.03125 0.0889423076923077
1 0.8112980769230769 0.35096153846153844 0.027644230769230768 0.09495192307692307
4 0.9795673076923077 0.3701923076923077 0.02403846153846154 0.09495192307692307
1 0.7644230769230769 0.5757211538461539 0.028846153846153848 0.040865384615384616
4 0.8689903846153846 0.5841346153846154 0.036057692307692304 0.02403846153846154
0 0.04447115384615385 0.6346153846153846 0.04567307692307692 0.07211538461538461
2 0.21153846153846154 0.7043269230769231 0.020432692307692308 0.12379807692307693
1 0.3713942307692308 0.8233173076923077 0.019230769230769232 0.11899038461538461
4 0.9314903846153846 0.8461538461538461 0.03245192307692308 0.09014423076923077
1 0.8545673076923077 0.8617788461538461 0.026442307692307692 0.1141826923076923