1 0.025240384615384616 0.14302884615384615 0.02403846153846154 0.07451923076923077
1 0.17908653846153846 0.5697115384615384 0.026442307692307692 0.11538461538461539
1 0.6923076923076923 0.08413461538461539 0.027644230769230768 0.09134615384615384
4 0.6081730769230769 0.08533653846153846 0.03365384615384615 0.0889423076923077
4 0.4483173076923077 0.29086538461538464 0.027644230769230768 0.05048076923076923
2 0.6478365384615384 0.3233173076923077 0.036057692307692304 0.09495192307692307
3 0.44711538461538464 0.36177884615384615 0.025240384615384616 0.11177884615384616
0 0.5889423076923077 0.38822115384615385 0.03485576923076923 0.08052884615384616
1 0.6262019230769231 0.4879807692307692 0.03245192307692308 0.08413461538461539
4 0.4951923076923077 0.5889423076923077 0.03365384615384615 0.07692307692307693
4 0.5456730769230769 0.6165865384615384 0.03365384615384615 0.021634615384615384
1 0.17668269230769232 0.7536057692307693 0.015625 0.09495192307692307
1 0.5733173076923077 0.8112980769230769 0.019230769230769232 0.0733173076923077
4 0.5216346153846154 0.8185096153846154 0.027644230769230768 0.07932692307692307
4 0.4170673076923077 0.9266826923076923 0.02283653846153846 0.03485576923076923
2 0.6514423076923077 0.9399038461538461 0.021634615384615384 0.0625
1 0.8605769230769231 0.96875 0.019230769230769232 0.057692307692307696
0 0.5456730769230769 0.9795673076923077 0.028846153846153848 0.036057692307692304
3 0.41947115384615385 0.9783653846153846 0.021634615384615384 0.038461538461538464
2 0.6454326923076923 0.9831730769230769 0.026442307692307692 0.028846153846153848
4 0.5072115384615384 0.6923076923076923 0.02283653846153846 0.07932692307692307
1 0.5612980769230769 0.7019230769230769 0.019230769230769232 0.06850961538461539