1 0.27403846153846156 0.09254807692307693 0.020432692307692308 0.09014423076923077
4 0.08413461538461539 0.09254807692307693 0.027644230769230768 0.06370192307692307
4 0.10817307692307693 0.18028846153846154 0.03485576923076923 0.08533653846153846
2 0.19110576923076922 0.21394230769230768 0.027644230769230768 0.08653846153846154
1 0.5264423076923077 0.22956730769230768 0.021634615384615384 0.10697115384615384
2 0.2536057692307692 0.3161057692307692 0.026442307692307692 0.09975961538461539
0 0.08173076923076923 0.3425480769230769 0.03125 0.06610576923076923
2 0.23677884615384615 0.40024038461538464 0.028846153846153848 0.09735576923076923
2 0.125 0.4362980769230769 0.028846153846153848 0.040865384615384616
1 0.9939903846153846 0.12620192307692307 0.007211538461538462 0.07451923076923077
1 0.765625 0.1622596153846154 0.016826923076923076 0.07932692307692307
2 0.96875 0.34615384615384615 0.019230769230769232 0.07091346153846154
2 0.9627403846153846 0.421875 0.021634615384615384 0.06971153846153846
2 0.08052884615384616 0.6730769230769231 0.02283653846153846 0.09375
1 0.3317307692307692 0.7271634615384616 0.018028846153846152 0.09014423076923077
2 0.0673076923076923 0.7860576923076923 0.02403846153846154 0.09375
1 0.47596153846153844 0.9302884615384616 0.026442307692307692 0.1045673076923077
4 0.008413461538461538 0.5973557692307693 0.016826923076923076 0.06490384615384616
1 0.1971153846153846 0.6213942307692307 0.026442307692307692 0.10216346153846154
2 0.984375 0.4951923076923077 0.026442307692307692 0.07211538461538461
0 0.8665865384615384 0.5697115384615384 0.036057692307692304 0.06009615384615385
3 0.7307692307692307 0.5805288461538461 0.02283653846153846 0.07932692307692307
4 0.7463942307692307 0.6598557692307693 0.021634615384615384 0.07932692307692307
4 0.9879807692307693 0.8269230769230769 0.019230769230769232 0.11057692307692307