4 0.5540865384615384 0.19831730769230768 0.027644230769230768 0.07451923076923077
1 0.3629807692307692 0.20552884615384615 0.021634615384615384 0.06971153846153846
4 0.5697115384615384 0.29927884615384615 0.03365384615384615 0.0733173076923077
2 0.4206730769230769 0.3389423076923077 0.025240384615384616 0.09495192307692307
1 0.1935096153846154 0.36538461538461536 0.020432692307692308 0.0829326923076923
2 0.47596153846153844 0.4362980769230769 0.03365384615384615 0.040865384615384616
0 0.6382211538461539 0.45072115384615385 0.03125 0.01201923076923077
1 0.875 0.11538461538461539 0.02283653846153846 0.10697115384615384
1 0.8028846153846154 0.13942307692307693 0.015625 0.0985576923076923
2 0.7740384615384616 0.31009615384615385 0.019230769230769232 0.11658653846153846
2 0.7548076923076923 0.4266826923076923 0.02403846153846154 0.06009615384615385
4 0.042067307692307696 0.5072115384615384 0.027644230769230768 0.05048076923076923
2 0.24158653846153846 0.5396634615384616 0.036057692307692304 0.09495192307692307
3 0.040865384615384616 0.578125 0.025240384615384616 0.11177884615384616
0 0.18269230769230768 0.6045673076923077 0.03485576923076923 0.08052884615384616
1 0.21995192307692307 0.7043269230769231 0.03245192307692308 0.08413461538461539
4 0.0889423076923077 0.8112980769230769 0.03125 0.08653846153846154
4 0.13822115384615385 0.8774038461538461 0.03125 0.10697115384615384
1 0.22235576923076922 0.9086538461538461 0.028846153846153848 0.1141826923076923
2 0.31009615384615385 0.9086538461538461 0.026442307692307692 0.11538461538461539
4 0.08774038461538461 0.9134615384615384 0.040865384615384616 0.09975961538461539
1 0.3629807692307692 0.9495192307692307 0.028846153846153848 0.09615384615384616
1 0.9002403846153846 0.6141826923076923 0.02283653846153846 0.09975961538461539
2 0.890625 0.7115384615384616 0.028846153846153848 0.07932692307692307
2 0.8774038461538461 0.7836538461538461 0.027644230769230768 0.10817307692307693
2 0.9002403846153846 0.8233173076923077 0.03485576923076923 0.08173076923076923
4 0.890625 0.9182692307692307 0.03125 0.12379807692307693
4 0.9615384615384616 0.9266826923076923 0.036057692307692304 0.09134615384615384
1 0.6887019230769231 0.953125 0.021634615384615384 0.0889423076923077