2 0.17307692307692307 0.015625 0.02403846153846154 0.03125
1 0.46634615384615385 0.056490384615384616 0.02283653846153846 0.10336538461538461
0 0.019230769230769232 0.08653846153846154 0.03365384615384615 0.0733173076923077
2 0.16826923076923078 0.11538461538461539 0.026442307692307692 0.10096153846153846
2 0.09975961538461539 0.3581730769230769 0.021634615384615384 0.10817307692307693
1 0.3425480769230769 0.40024038461538464 0.03125 0.09375
1 0.8269230769230769 0.039663461538461536 0.020432692307692308 0.06370192307692307
1 0.859375 0.3401442307692308 0.018028846153846152 0.0829326923076923
4 0.625 0.35336538461538464 0.027644230769230768 0.04326923076923077
2 0.7560096153846154 0.4074519230769231 0.026442307692307692 0.07932692307692307
2 0.7271634615384616 0.43990384615384615 0.03125 0.014423076923076924
4 0.7524038461538461 0.019230769230769232 0.019230769230769232 0.038461538461538464
1 0.3737980769230769 0.6610576923076923 0.03125 0.15384615384615385
1 0.1971153846153846 0.828125 0.027644230769230768 0.16947115384615385
4 0.49038461538461536 0.96875 0.03365384615384615 0.057692307692307696
2 0.4495192307692308 0.9759615384615384 0.03365384615384615 0.04326923076923077
4 0.625 0.4699519230769231 0.04326923076923077 0.040865384615384616
1 0.5540865384615384 0.4699519230769231 0.040865384615384616 0.040865384615384616
2 0.578125 0.49278846153846156 0.036057692307692304 0.08653846153846154
4 0.6983173076923077 0.49399038461538464 0.04567307692307692 0.0889423076923077
4 0.9915865384615384 0.6310096153846154 0.01201923076923077 0.14182692307692307
3 0.7548076923076923 0.6538461538461539 0.038461538461538464 0.08173076923076923
0 0.7067307692307693 0.6947115384615384 0.040865384615384616 0.09495192307692307
2 0.5288461538461539 0.7584134615384616 0.038461538461538464 0.0889423076923077
4 0.8473557692307693 0.8377403846153846 0.051682692307692304 0.12379807692307693
2 0.7019230769230769 0.8461538461538461 0.04326923076923077 0.10697115384615384
1 0.5168269230769231 0.8834134615384616 0.014423076923076924 0.17067307692307693
4 0.8052884615384616 0.890625 0.07091346153846154 0.13701923076923078
1 0.7199519230769231 0.9242788461538461 0.05048076923076923 0.1466346153846154