2 0.27163461538461536 0.025240384615384616 0.028846153846153848 0.05048076923076923
0 0.4206730769230769 0.019230769230769232 0.028846153846153848 0.038461538461538464
2 0.28725961538461536 0.0829326923076923 0.02403846153846154 0.10576923076923077
2 0.43028846153846156 0.12139423076923077 0.019230769230769232 0.08774038461538461
1 0.2283653846153846 0.2932692307692308 0.030048076923076924 0.0829326923076923
2 0.4639423076923077 0.008413461538461538 0.028846153846153848 0.016826923076923076
1 0.9146634615384616 0.13822115384615385 0.02403846153846154 0.10576923076923077
1 0.484375 0.17067307692307693 0.019230769230769232 0.09735576923076923
1 0.40625 0.46875 0.028846153846153848 0.1045673076923077
4 0.26322115384615385 0.5348557692307693 0.03485576923076923 0.05048076923076923
4 0.27884615384615385 0.5853365384615384 0.03125 0.07692307692307693
3 0.30649038461538464 0.7247596153846154 0.030048076923076924 0.07451923076923077
0 0.3473557692307692 0.7439903846153846 0.03485576923076923 0.07692307692307693
4 0.07572115384615384 0.7487980769230769 0.03365384615384615 0.12740384615384615
4 0.40865384615384615 0.8713942307692307 0.042067307692307696 0.09495192307692307
1 0.49158653846153844 0.42788461538461536 0.016826923076923076 0.0829326923076923
2 0.7163461538461539 0.45913461538461536 0.021634615384615384 0.07451923076923077
4 0.8569711538461539 0.47716346153846156 0.03485576923076923 0.0829326923076923
2 0.6598557692307693 0.5456730769230769 0.014423076923076924 0.08052884615384616
0 0.7956730769230769 0.6177884615384616 0.037259615384615384 0.05889423076923077
3 0.9014423076923077 0.6346153846153846 0.02403846153846154 0.09134615384615384
1 0.6862980769230769 0.7896634615384616 0.021634615384615384 0.07451923076923077
4 0.7980769230769231 0.8269230769230769 0.03245192307692308 0.0889423076923077
1 0.5024038461538461 0.8990384615384616 0.021634615384615384 0.0889423076923077
4 0.6947115384615384 0.9627403846153846 0.03365384615384615 0.06971153846153846
4 0.9206730769230769 0.36778846153846156 0.03365384615384615 0.038461538461538464