2 0.41346153846153844 0.021634615384615384 0.02403846153846154 0.04326923076923077
0 0.5913461538461539 0.014423076923076924 0.03365384615384615 0.028846153846153848
2 0.44711538461538464 0.07211538461538461 0.025240384615384616 0.10697115384615384
4 0.6454326923076923 0.12379807692307693 0.027644230769230768 0.08413461538461539
1 0.3233173076923077 0.16105769230769232 0.025240384615384616 0.09735576923076923
2 0.5192307692307693 0.16706730769230768 0.02283653846153846 0.11658653846153846
4 0.6790865384615384 0.1778846153846154 0.039663461538461536 0.109375
1 0.46274038461538464 0.45552884615384615 0.03245192307692308 0.10576923076923077
3 0.9134615384615384 0.03245192307692308 0.03125 0.05048076923076923
0 0.9459134615384616 0.054086538461538464 0.03245192307692308 0.07692307692307693
4 0.8870192307692307 0.3076923076923077 0.03245192307692308 0.09615384615384616
4 0.8413461538461539 0.3329326923076923 0.03365384615384615 0.10216346153846154
2 0.45072115384615385 0.5649038461538461 0.026442307692307692 0.09134615384615384
3 0.7536057692307693 0.6334134615384616 0.007211538461538462 0.11778846153846154
0 0.5997596153846154 0.6370192307692307 0.03245192307692308 0.0673076923076923
2 0.44471153846153844 0.7163461538461539 0.02403846153846154 0.10697115384615384
1 0.22235576923076922 0.7463942307692307 0.018028846153846152 0.1045673076923077
4 0.6225961538461539 0.9086538461538461 0.039663461538461536 0.12740384615384615
1 0.3870192307692308 0.9555288461538461 0.02403846153846154 0.08413461538461539
1 0.9699519230769231 0.9302884615384616 0.02403846153846154 0.10216346153846154