4 0.1201923076923077 0.11899038461538461 0.028846153846153848 0.078125
2 0.07211538461538461 0.2091346153846154 0.021634615384615384 0.07932692307692307
4 0.15625 0.23197115384615385 0.03365384615384615 0.06009615384615385
3 0.25841346153846156 0.34615384615384615 0.027644230769230768 0.09375
0 0.10697115384615384 0.3605769230769231 0.030048076923076924 0.07091346153846154
4 0.27403846153846156 0.4170673076923077 0.026442307692307692 0.09735576923076923
2 0.028846153846153848 0.4362980769230769 0.019230769230769232 0.10336538461538461
4 0.1658653846153846 0.484375 0.036057692307692304 0.08533653846153846
1 0.057692307692307696 0.49759615384615385 0.019230769230769232 0.09375
4 0.12259615384615384 0.5396634615384616 0.028846153846153848 0.055288461538461536
1 0.9038461538461539 0.13822115384615385 0.02403846153846154 0.09615384615384616
4 0.5144230769230769 0.14423076923076922 0.019230769230769232 0.07692307692307693
2 0.6790865384615384 0.1658653846153846 0.015625 0.1045673076923077
4 0.5324519230769231 0.23798076923076922 0.02403846153846154 0.10576923076923077
2 0.7103365384615384 0.25600961538461536 0.02283653846153846 0.09735576923076923
3 0.46274038461538464 0.38100961538461536 0.016826923076923076 0.06850961538461539
2 0.7764423076923077 0.40024038461538464 0.021634615384615384 0.11057692307692307
0 0.6165865384615384 0.4110576923076923 0.030048076923076924 0.06850961538461539
1 0.984375 0.4206730769230769 0.015625 0.09735576923076923
4 0.47115384615384615 0.4651442307692308 0.021634615384615384 0.11899038461538461
4 0.46634615384615385 0.036057692307692304 0.02403846153846154 0.07211538461538461
1 0.7091346153846154 0.039663461538461536 0.02403846153846154 0.07932692307692307
1 0.203125 0.6694711538461539 0.019230769230769232 0.0733173076923077
4 0.15144230769230768 0.6766826923076923 0.027644230769230768 0.07932692307692307
4 0.046875 0.7848557692307693 0.02283653846153846 0.03485576923076923
2 0.28125 0.7980769230769231 0.021634615384615384 0.0625
0 0.17427884615384615 0.8521634615384616 0.026442307692307692 0.0625
3 0.04807692307692308 0.8533653846153846 0.019230769230769232 0.06850961538461539
2 0.27524038461538464 0.8641826923076923 0.02283653846153846 0.07451923076923077
4 0.13701923076923078 0.5805288461538461 0.02403846153846154 0.021634615384615384
1 0.19110576923076922 0.5829326923076923 0.021634615384615384 0.026442307692307692
4 0.44350961538461536 0.5841346153846154 0.026442307692307692 0.028846153846153848
3 0.6177884615384616 0.578125 0.02403846153846154 0.016826923076923076
0 0.6430288461538461 0.5901442307692307 0.026442307692307692 0.040865384615384616
2 0.7620192307692307 0.5973557692307693 0.02403846153846154 0.055288461538461536
2 0.7632211538461539 0.6622596153846154 0.020432692307692308 0.08533653846153846
4 0.5661057692307693 0.671875 0.02283653846153846 0.08052884615384616
4 0.5360576923076923 0.796875 0.030048076923076924 0.08533653846153846
1 0.7211538461538461 0.8269230769230769 0.021634615384615384 0.10576923076923077
4 0.5504807692307693 0.9879807692307693 0.03365384615384615 0.019230769230769232