1 0.39302884615384615 0.17908653846153846 0.02283653846153846 0.09014423076923077
4 0.12379807692307693 0.21995192307692307 0.03125 0.09375
2 0.27403846153846156 0.41225961538461536 0.028846153846153848 0.09134615384615384
4 0.038461538461538464 0.41466346153846156 0.03245192307692308 0.07572115384615384
0 0.09254807692307693 0.515625 0.030048076923076924 0.06971153846153846
2 0.2776442307692308 0.5264423076923077 0.026442307692307692 0.057692307692307696
1 0.9891826923076923 0.19591346153846154 0.016826923076923076 0.10336538461538461
4 0.7764423076923077 0.29447115384615385 0.03245192307692308 0.10817307692307693
4 0.6346153846153846 0.32572115384615385 0.027644230769230768 0.10336538461538461
3 0.7103365384615384 0.37259615384615385 0.027644230769230768 0.125
0 0.875 0.37259615384615385 0.052884615384615384 0.06370192307692307
4 0.7860576923076923 0.07932692307692307 0.03245192307692308 0.0889423076923077
1 0.8930288461538461 0.08173076923076923 0.027644230769230768 0.10576923076923077
2 0.38461538461538464 0.6358173076923077 0.021634615384615384 0.09375
1 0.28365384615384615 0.7992788461538461 0.030048076923076924 0.09615384615384616
4 0.8569711538461539 0.5709134615384616 0.040865384615384616 0.026442307692307692
1 0.5240384615384616 0.6033653846153846 0.028846153846153848 0.09134615384615384
4 0.7560096153846154 0.6213942307692307 0.040865384615384616 0.12740384615384615
4 0.6081730769230769 0.7884615384615384 0.046875 0.16706730769230768