1 0.3161057692307692 0.052884615384615384 0.018028846153846152 0.07091346153846154
4 0.5360576923076923 0.08413461538461539 0.026442307692307692 0.08052884615384616
4 0.4987980769230769 0.19951923076923078 0.02403846153846154 0.07932692307692307
1 0.16826923076923078 0.19951923076923078 0.01201923076923077 0.07451923076923077
1 0.34975961538461536 0.24158653846153846 0.015625 0.07692307692307693
2 0.3125 0.4110576923076923 0.027644230769230768 0.06129807692307692
0 0.4579326923076923 0.4495192307692308 0.03245192307692308 0.0673076923076923
1 0.1201923076923077 0.4855769230769231 0.019230769230769232 0.04326923076923077
1 0.6430288461538461 0.265625 0.027644230769230768 0.109375
4 0.2980769230769231 0.5384615384615384 0.028846153846153848 0.057692307692307696
4 0.44711538461538464 0.6334134615384616 0.02403846153846154 0.05889423076923077
2 0.140625 0.6442307692307693 0.016826923076923076 0.09735576923076923
3 0.46033653846153844 0.7103365384615384 0.02403846153846154 0.09014423076923077
0 0.3317307692307692 0.7427884615384616 0.03485576923076923 0.06009615384615385
2 0.18629807692307693 0.7788461538461539 0.021634615384615384 0.08653846153846154
4 0.41947115384615385 0.9639423076923077 0.040865384615384616 0.0673076923076923
2 0.25841346153846156 0.96875 0.026442307692307692 0.057692307692307696
4 0.9399038461538461 0.6225961538461539 0.030048076923076924 0.07451923076923077
2 0.9807692307692307 0.7800480769230769 0.03365384615384615 0.055288461538461536
4 0.8377403846153846 0.8305288461538461 0.021634615384615384 0.08774038461538461
4 0.7439903846153846 0.8834134615384616 0.028846153846153848 0.07932692307692307
3 0.9050480769230769 0.8834134615384616 0.028846153846153848 0.04447115384615385
0 0.9338942307692307 0.90625 0.027644230769230768 0.06009615384615385
4 0.90625 0.9879807692307693 0.03365384615384615 0.019230769230769232