1 0.34975961538461536 0.03485576923076923 0.026442307692307692 0.06971153846153846
4 0.051682692307692304 0.06971153846153846 0.037259615384615384 0.07932692307692307
4 0.09495192307692307 0.07572115384615384 0.03485576923076923 0.027644230769230768
1 0.453125 0.09014423076923077 0.027644230769230768 0.0829326923076923
2 0.2283653846153846 0.11177884615384616 0.03245192307692308 0.0829326923076923
0 0.1310096153846154 0.16947115384615385 0.038461538461538464 0.0625
2 0.21875 0.18629807692307693 0.030048076923076924 0.09134615384615384
2 0.23317307692307693 0.28966346153846156 0.027644230769230768 0.11538461538461539
4 0.12740384615384615 0.4074519230769231 0.04326923076923077 0.10576923076923077
1 0.47475961538461536 0.20432692307692307 0.01201923076923077 0.13942307692307693
1 0.7920673076923077 0.21634615384615385 0.030048076923076924 0.12860576923076922
4 0.7524038461538461 0.28966346153846156 0.038461538461538464 0.0733173076923077
4 0.9050480769230769 0.2956730769230769 0.046875 0.09014423076923077
4 0.8665865384615384 0.31971153846153844 0.057692307692307696 0.09615384615384616
4 0.8317307692307693 0.3293269230769231 0.037259615384615384 0.056490384615384616
2 0.6021634615384616 0.38100961538461536 0.025240384615384616 0.14543269230769232
0 0.75 0.46033653846153844 0.03125 0.09134615384615384
3 0.7992788461538461 0.46153846153846156 0.037259615384615384 0.12139423076923077
2 0.5360576923076923 0.4795673076923077 0.040865384615384616 0.1310096153846154
4 0.3737980769230769 0.609375 0.03365384615384615 0.06610576923076923
2 0.17067307692307693 0.6911057692307693 0.027644230769230768 0.11177884615384616
3 0.37259615384615385 0.7415865384615384 0.02403846153846154 0.07932692307692307
0 0.33533653846153844 0.7584134615384616 0.038461538461538464 0.0673076923076923
2 0.1778846153846154 0.8004807692307693 0.028846153846153848 0.10576923076923077
4 0.4266826923076923 0.8870192307692307 0.030048076923076924 0.125
2 0.2920673076923077 0.9435096153846154 0.026442307692307692 0.10817307692307693
1 0.01201923076923077 0.9675480769230769 0.02403846153846154 0.06009615384615385
1 0.7584134615384616 0.6646634615384616 0.030048076923076924 0.09495192307692307
4 0.47716346153846156 0.7319711538461539 0.016826923076923076 0.11298076923076923
1 0.9134615384615384 0.7367788461538461 0.028846153846153848 0.10096153846153846
2 0.6382211538461539 0.7932692307692307 0.02403846153846154 0.12860576923076922
2 0.7403846153846154 0.9098557692307693 0.030048076923076924 0.12740384615384615