2 0.03125 0.0625 0.020432692307692308 0.11658653846153846
2 0.06850961538461539 0.15504807692307693 0.020432692307692308 0.11057692307692307
1 0.36538461538461536 0.18990384615384615 0.019230769230769232 0.12740384615384615
1 0.038461538461538464 0.453125 0.021634615384615384 0.11057692307692307
4 0.9735576923076923 0.07572115384615384 0.027644230769230768 0.0625
1 0.6165865384615384 0.08774038461538461 0.02403846153846154 0.078125
2 0.7632211538461539 0.14903846153846154 0.026442307692307692 0.078125
0 0.9867788461538461 0.22115384615384615 0.021634615384615384 0.052884615384615384
2 0.8016826923076923 0.28725961538461536 0.021634615384615384 0.07932692307692307
1 0.8713942307692307 0.3894230769230769 0.02283653846153846 0.08774038461538461
4 0.3088942307692308 0.5793269230769231 0.026442307692307692 0.0625
3 0.31971153846153844 0.640625 0.03485576923076923 0.11177884615384616
0 0.15264423076923078 0.6730769230769231 0.038461538461538464 0.0733173076923077
4 0.25600961538461536 0.8810096153846154 0.03485576923076923 0.10697115384615384
1 0.15625 0.9230769230769231 0.03125 0.1141826923076923
4 0.5204326923076923 0.7043269230769231 0.026442307692307692 0.08774038461538461
1 0.9915865384615384 0.7740384615384616 0.01201923076923077 0.09615384615384616
2 0.6838942307692307 0.8233173076923077 0.020432692307692308 0.054086538461538464
2 0.7319711538461539 0.8834134615384616 0.02283653846153846 0.042067307692307696
3 0.5012019230769231 0.8942307692307693 0.015625 0.09735576923076923
0 0.6418269230769231 0.9110576923076923 0.036057692307692304 0.04807692307692308
4 0.5132211538461539 0.9495192307692307 0.026442307692307692 0.09615384615384616
1 0.9903846153846154 0.9735576923076923 0.014423076923076924 0.04807692307692308
1 0.7367788461538461 0.6514423076923077 0.020432692307692308 0.08533653846153846