4 0.6225961538461539 0.06129807692307692 0.037259615384615384 0.03245192307692308
2 0.4579326923076923 0.09014423076923077 0.020432692307692308 0.08653846153846154
1 0.24879807692307693 0.1310096153846154 0.018028846153846152 0.10697115384615384
4 0.7043269230769231 0.140625 0.02283653846153846 0.0625
0 0.5576923076923077 0.16346153846153846 0.03485576923076923 0.06129807692307692
2 0.42788461538461536 0.16706730769230768 0.025240384615384616 0.08052884615384616
3 0.6959134615384616 0.18870192307692307 0.019230769230769232 0.09615384615384616
1 0.3401442307692308 0.3269230769230769 0.016826923076923076 0.09975961538461539
4 0.4639423076923077 0.3870192307692308 0.027644230769230768 0.09134615384615384
1 0.171875 0.4963942307692308 0.020432692307692308 0.08653846153846154
4 0.375 0.5841346153846154 0.03365384615384615 0.0625
4 0.8293269230769231 0.15504807692307693 0.02403846153846154 0.0829326923076923
4 0.7355769230769231 0.5745192307692307 0.014423076923076924 0.08173076923076923
4 0.38100961538461536 0.7379807692307693 0.027644230769230768 0.06610576923076923
1 0.32572115384615385 0.7427884615384616 0.02403846153846154 0.07451923076923077
1 0.21033653846153846 0.8762019230769231 0.021634615384615384 0.07451923076923077
4 0.4266826923076923 0.8774038461538461 0.03485576923076923 0.039663461538461536
2 0.2860576923076923 0.9122596153846154 0.02283653846153846 0.08173076923076923
4 0.6213942307692307 0.9350961538461539 0.02403846153846154 0.07932692307692307
3 0.46033653846153844 0.9362980769230769 0.027644230769230768 0.054086538461538464
0 0.4266826923076923 0.9483173076923077 0.02403846153846154 0.04447115384615385
2 0.30649038461538464 0.9579326923076923 0.026442307692307692 0.0829326923076923
4 0.5576923076923077 0.9795673076923077 0.028846153846153848 0.036057692307692304
1 0.004807692307692308 0.9783653846153846 0.009615384615384616 0.038461538461538464
2 0.3449519230769231 0.984375 0.026442307692307692 0.026442307692307692