2 0.36778846153846156 0.019230769230769232 0.019230769230769232 0.038461538461538464
4 0.17908653846153846 0.05048076923076923 0.020432692307692308 0.04927884615384615
0 0.2800480769230769 0.07572115384615384 0.03485576923076923 0.038461538461538464
2 0.40024038461538464 0.078125 0.016826923076923076 0.046875
3 0.19110576923076922 0.08774038461538461 0.019230769230769232 0.06610576923076923
1 0.5853365384615384 0.1346153846153846 0.013221153846153846 0.0673076923076923
4 0.22115384615384615 0.20432692307692307 0.015625 0.07932692307692307
4 0.3233173076923077 0.29086538461538464 0.021634615384615384 0.07451923076923077
1 0.4951923076923077 0.34375 0.018028846153846152 0.06009615384615385
1 0.4951923076923077 0.5480769230769231 0.026442307692307692 0.06850961538461539
4 0.4411057692307692 0.5564903846153846 0.025240384615384616 0.06971153846153846
4 0.8185096153846154 0.23557692307692307 0.015625 0.03485576923076923
4 0.9230769230769231 0.23557692307692307 0.02283653846153846 0.03485576923076923
2 0.9627403846153846 0.28365384615384615 0.015625 0.0625
3 0.8028846153846154 0.2848557692307692 0.019230769230769232 0.0733173076923077
0 0.8942307692307693 0.33052884615384615 0.02283653846153846 0.042067307692307696
2 0.9338942307692307 0.35336538461538464 0.014423076923076924 0.08533653846153846
4 0.7632211538461539 0.4963942307692308 0.027644230769230768 0.07932692307692307
1 0.8569711538461539 0.5144230769230769 0.02403846153846154 0.09014423076923077
4 0.9939903846153846 0.08052884615384616 0.007211538461538462 0.08413461538461539
4 0.040865384615384616 0.6706730769230769 0.03365384615384615 0.02403846153846154
2 0.10336538461538461 0.6850961538461539 0.03365384615384615 0.052884615384615384
2 0.21153846153846154 0.6971153846153846 0.028846153846153848 0.07692307692307693
1 0.6201923076923077 0.7043269230769231 0.028846153846153848 0.09134615384615384
4 0.004807692307692308 0.6995192307692307 0.009615384615384616 0.08173076923076923
2 0.234375 0.7704326923076923 0.03365384615384615 0.08774038461538461
0 0.07572115384615384 0.7896634615384616 0.040865384615384616 0.037259615384615384
1 0.53125 0.9242788461538461 0.03125 0.0985576923076923
2 0.2644230769230769 0.9555288461538461 0.028846153846153848 0.08413461538461539
4 0.055288461538461536 0.9699519230769231 0.02403846153846154 0.055288461538461536
2 0.6899038461538461 0.7163461538461539 0.02403846153846154 0.0625
4 0.8653846153846154 0.734375 0.019230769230769232 0.039663461538461536
3 0.8677884615384616 0.7860576923076923 0.020432692307692308 0.08413461538461539
0 0.7680288461538461 0.8137019230769231 0.025240384615384616 0.05048076923076923
4 0.8449519230769231 0.9759615384615384 0.03125 0.04326923076923077