1 0.4651442307692308 0.040865384615384616 0.016826923076923076 0.08173076923076923
4 0.5709134615384616 0.05889423076923077 0.030048076923076924 0.08533653846153846
1 0.25 0.1045673076923077 0.019230769230769232 0.07091346153846154
2 0.4579326923076923 0.15384615384615385 0.016826923076923076 0.09975961538461539
2 0.4651442307692308 0.25600961538461536 0.021634615384615384 0.06490384615384616
2 0.5012019230769231 0.3449519230769231 0.020432692307692308 0.11177884615384616
1 0.2644230769230769 0.38100961538461536 0.019230769230769232 0.0889423076923077
4 0.8293269230769231 0.18629807692307693 0.028846153846153848 0.06850961538461539
2 0.9699519230769231 0.31850961538461536 0.027644230769230768 0.08774038461538461
3 0.7019230769230769 0.35336538461538464 0.018028846153846152 0.0985576923076923
0 0.8305288461538461 0.36658653846153844 0.03125 0.0733173076923077
2 0.984375 0.4026442307692308 0.021634615384615384 0.04567307692307692
4 0.5420673076923077 0.45552884615384615 0.036057692307692304 0.055288461538461536
4 0.578125 0.5036057692307693 0.016826923076923076 0.09375
1 0.04447115384615385 0.578125 0.02403846153846154 0.11899038461538461
2 0.44350961538461536 0.6141826923076923 0.021634615384615384 0.10697115384615384
2 0.5336538461538461 0.6610576923076923 0.04567307692307692 0.09495192307692307
0 0.5793269230769231 0.7355769230769231 0.014423076923076924 0.0625
2 0.38341346153846156 0.7463942307692307 0.02403846153846154 0.11177884615384616
1 0.18269230769230768 0.8930288461538461 0.03125 0.1201923076923077
1 0.5637019230769231 0.953125 0.03125 0.0889423076923077
3 0.9350961538461539 0.4483173076923077 0.03365384615384615 0.040865384615384616
4 0.8088942307692307 0.4735576923076923 0.03485576923076923 0.0889423076923077
2 0.6310096153846154 0.5024038461538461 0.03125 0.09975961538461539
4 0.7319711538461539 0.6742788461538461 0.037259615384615384 0.10576923076923077
4 0.5985576923076923 0.8798076923076923 0.019230769230769232 0.09134615384615384