1 0.5456730769230769 0.037259615384615384 0.019230769230769232 0.07451923076923077
2 0.5012019230769231 0.16346153846153846 0.03485576923076923 0.11538461538461539
1 0.07211538461538461 0.16346153846153846 0.02403846153846154 0.14182692307692307
2 0.38100961538461536 0.25600961538461536 0.02403846153846154 0.13822115384615385
2 0.32572115384615385 0.37259615384615385 0.040865384615384616 0.10576923076923077
1 0.09975961538461539 0.3918269230769231 0.026442307692307692 0.0673076923076923
2 0.47475961538461536 0.4026442307692308 0.036057692307692304 0.04567307692307692
4 0.8617788461538461 0.08774038461538461 0.046875 0.10216346153846154
4 0.8798076923076923 0.17908653846153846 0.03125 0.12980769230769232
4 0.8028846153846154 0.21634615384615385 0.03485576923076923 0.07091346153846154
4 0.7776442307692307 0.2920673076923077 0.04807692307692308 0.0625
2 0.9182692307692307 0.36899038461538464 0.038461538461538464 0.11298076923076923
3 0.6225961538461539 0.3737980769230769 0.038461538461538464 0.10336538461538461
0 0.8028846153846154 0.40625 0.038461538461538464 0.038461538461538464
4 0.1875 0.6334134615384616 0.025240384615384616 0.06610576923076923
1 0.1201923076923077 0.6490384615384616 0.02283653846153846 0.0625
4 0.22956730769230768 0.7391826923076923 0.027644230769230768 0.0829326923076923
1 0.039663461538461536 0.7764423076923077 0.02283653846153846 0.0829326923076923
4 0.234375 0.8305288461538461 0.02403846153846154 0.021634615384615384
2 0.10817307692307693 0.8629807692307693 0.021634615384615384 0.07692307692307693
4 0.4362980769230769 0.8894230769230769 0.020432692307692308 0.08173076923076923
3 0.28365384615384615 0.90625 0.02403846153846154 0.055288461538461536
2 0.12620192307692307 0.9194711538461539 0.025240384615384616 0.09134615384615384
0 0.25 0.921875 0.02403846153846154 0.054086538461538464
2 0.15384615384615385 0.9735576923076923 0.028846153846153848 0.04807692307692308
4 0.3004807692307692 0.984375 0.038461538461538464 0.026442307692307692
4 0.6009615384615384 0.453125 0.019230769230769232 0.05048076923076923
2 0.7067307692307693 0.46274038461538464 0.028846153846153848 0.06971153846153846
2 0.6766826923076923 0.4807692307692308 0.030048076923076924 0.07451923076923077
0 0.59375 0.5637019230769231 0.028846153846153848 0.046875
2 0.5961538461538461 0.6706730769230769 0.03485576923076923 0.08173076923076923
1 0.5757211538461539 0.7103365384615384 0.019230769230769232 0.07932692307692307