4 0.5661057692307693 0.06009615384615385 0.030048076923076924 0.07692307692307693
1 0.2692307692307692 0.08774038461538461 0.026442307692307692 0.07692307692307693
1 0.4387019230769231 0.11177884615384616 0.019230769230769232 0.07932692307692307
4 0.5997596153846154 0.16346153846153846 0.027644230769230768 0.038461538461538464
2 0.4651442307692308 0.19110576923076922 0.020432692307692308 0.0889423076923077
4 0.5925480769230769 0.19951923076923078 0.036057692307692304 0.038461538461538464
3 0.6358173076923077 0.27524038461538464 0.021634615384615384 0.055288461538461536
2 0.4639423076923077 0.296875 0.027644230769230768 0.078125
0 0.6117788461538461 0.2980769230769231 0.026442307692307692 0.05048076923076923
1 0.08774038461538461 0.35216346153846156 0.02403846153846154 0.09615384615384616
2 0.4795673076923077 0.36899038461538464 0.02403846153846154 0.10576923076923077
2 0.6225961538461539 0.4074519230769231 0.019230769230769232 0.08774038461538461
1 0.4206730769230769 0.5793269230769231 0.030048076923076924 0.0829326923076923
1 0.8834134615384616 0.22956730769230768 0.026442307692307692 0.11177884615384616
1 0.7956730769230769 0.46033653846153844 0.03125 0.0985576923076923
1 0.6730769230769231 0.6646634615384616 0.03365384615384615 0.04567307692307692
2 0.4963942307692308 0.7055288461538461 0.03125 0.03125
4 0.2644230769230769 0.8653846153846154 0.03245192307692308 0.09615384615384616
4 0.21875 0.890625 0.03365384615384615 0.10216346153846154
1 0.4951923076923077 0.9387019230769231 0.02403846153846154 0.11778846153846154
3 0.8389423076923077 0.734375 0.02283653846153846 0.054086538461538464
2 0.6622596153846154 0.7439903846153846 0.01201923076923077 0.0625
0 0.7487980769230769 0.7608173076923077 0.02283653846153846 0.0625
4 0.8389423076923077 0.8076923076923077 0.02283653846153846 0.056490384615384616
1 0.6574519230769231 0.9663461538461539 0.016826923076923076 0.0625