1 0.056490384615384616 0.020432692307692308 0.026442307692307692 0.040865384615384616
2 0.03125 0.08173076923076923 0.02403846153846154 0.07211538461538461
1 0.3004807692307692 0.10576923076923077 0.027644230769230768 0.06850961538461539
1 0.3870192307692308 0.33533653846153844 0.018028846153846152 0.08173076923076923
1 0.8569711538461539 0.13822115384615385 0.018028846153846152 0.06129807692307692
1 0.7091346153846154 0.2932692307692308 0.014423076923076924 0.08533653846153846
2 0.9158653846153846 0.31850961538461536 0.02283653846153846 0.08774038461538461
2 0.9110576923076923 0.40625 0.025240384615384616 0.06370192307692307
4 0.2800480769230769 0.578125 0.03125 0.0829326923076923
1 0.44350961538461536 0.6045673076923077 0.02403846153846154 0.07932692307692307
2 0.3641826923076923 0.8293269230769231 0.03125 0.08774038461538461
3 0.18509615384615385 0.8401442307692307 0.027644230769230768 0.06129807692307692
0 0.21754807692307693 0.8725961538461539 0.030048076923076924 0.0673076923076923
2 0.35216346153846156 0.9098557692307693 0.03365384615384615 0.08653846153846154
4 0.1622596153846154 0.96875 0.040865384615384616 0.057692307692307696
2 0.22355769230769232 0.9783653846153846 0.038461538461538464 0.038461538461538464
4 0.14302884615384615 0.9879807692307693 0.04567307692307692 0.019230769230769232
4 0.8209134615384616 0.5661057692307693 0.036057692307692304 0.09375
1 0.8870192307692307 0.5673076923076923 0.03125 0.08774038461538461
2 0.7151442307692307 0.8088942307692307 0.056490384615384616 0.09254807692307693
1 0.8185096153846154 0.8161057692307693 0.040865384615384616 0.12139423076923077
0 0.5733173076923077 0.9182692307692307 0.036057692307692304 0.07091346153846154
2 0.7752403846153846 0.9435096153846154 0.040865384615384616 0.10817307692307693
2 0.7175480769230769 0.9783653846153846 0.04567307692307692 0.038461538461538464