0 0.10336538461538461 0.037259615384615384 0.03365384615384615 0.042067307692307696
3 0.21754807692307693 0.06610576923076923 0.014423076923076924 0.07932692307692307
4 0.054086538461538464 0.18028846153846154 0.027644230769230768 0.08533653846153846
1 0.6670673076923077 0.020432692307692308 0.026442307692307692 0.040865384615384616
2 0.5564903846153846 0.026442307692307692 0.021634615384615384 0.052884615384615384
2 0.625 0.08052884615384616 0.03125 0.08774038461538461
0 0.5108173076923077 0.15745192307692307 0.038461538461538464 0.052884615384615384
2 0.6850961538461539 0.17668269230769232 0.03125 0.09134615384615384
1 0.8581730769230769 0.359375 0.020432692307692308 0.11538461538461539
4 0.5757211538461539 0.4254807692307692 0.03125 0.0625
1 0.11057692307692307 0.7151442307692307 0.02403846153846154 0.12379807692307693
4 0.7379807692307693 0.5024038461538461 0.04326923076923077 0.08653846153846154
1 0.6670673076923077 0.5024038461538461 0.040865384615384616 0.08653846153846154
2 0.6911057692307693 0.5348557692307693 0.03365384615384615 0.10817307692307693
4 0.8100961538461539 0.546875 0.04326923076923077 0.09254807692307693
1 0.47115384615384615 0.5480769230769231 0.020432692307692308 0.15144230769230768
3 0.8677884615384616 0.7091346153846154 0.038461538461538464 0.08173076923076923
2 0.5685096153846154 0.7211538461538461 0.04447115384615385 0.14182692307692307
0 0.8197115384615384 0.75 0.040865384615384616 0.09495192307692307
2 0.6370192307692307 0.8125 0.04326923076923077 0.08653846153846154
4 0.9603365384615384 0.8930288461538461 0.051682692307692304 0.12379807692307693
2 0.8149038461538461 0.9014423076923077 0.04326923076923077 0.10697115384615384
1 0.6213942307692307 0.9254807692307693 0.03125 0.14423076923076922
4 0.9182692307692307 0.9375 0.07211538461538461 0.1201923076923077
1 0.8329326923076923 0.9519230769230769 0.05048076923076923 0.09134615384615384