4 0.30528846153846156 0.04447115384615385 0.026442307692307692 0.057692307692307696
2 0.4855769230769231 0.046875 0.019230769230769232 0.09375
2 0.35096153846153844 0.07211538461538461 0.026442307692307692 0.07932692307692307
4 0.2824519230769231 0.07451923076923077 0.026442307692307692 0.06850961538461539
4 0.21394230769230768 0.17548076923076922 0.03485576923076923 0.08653846153846154
1 0.41346153846153844 0.40384615384615385 0.02403846153846154 0.10576923076923077
4 0.15504807692307693 0.421875 0.03125 0.06971153846153846
1 0.5961538461538461 0.0673076923076923 0.014423076923076924 0.08173076923076923
1 0.9230769230769231 0.16947115384615385 0.018028846153846152 0.10336538461538461
2 0.78125 0.19951923076923078 0.026442307692307692 0.07692307692307693
0 0.6069711538461539 0.2439903846153846 0.03485576923076923 0.03485576923076923
2 0.8028846153846154 0.296875 0.028846153846153848 0.08653846153846154
1 0.8245192307692307 0.41346153846153844 0.03365384615384615 0.08653846153846154
1 0.3701923076923077 0.4795673076923077 0.019230769230769232 0.040865384615384616
2 0.140625 0.49038461538461536 0.026442307692307692 0.0625
2 0.09134615384615384 0.5528846153846154 0.026442307692307692 0.08173076923076923
1 0.03485576923076923 0.7127403846153846 0.02403846153846154 0.1141826923076923
1 0.31490384615384615 0.765625 0.021634615384615384 0.12620192307692307
1 0.07932692307692307 0.9266826923076923 0.02283653846153846 0.1346153846153846
3 0.9915865384615384 0.5048076923076923 0.01201923076923077 0.09134615384615384
0 0.8293269230769231 0.5012019230769231 0.03485576923076923 0.057692307692307696
4 0.7223557692307693 0.5204326923076923 0.03245192307692308 0.11298076923076923
4 0.9903846153846154 0.5949519230769231 0.014423076923076924 0.14182692307692307
2 0.71875 0.6478365384615384 0.027644230769230768 0.1201923076923077
4 0.7824519230769231 0.8569711538461539 0.038461538461538464 0.1201923076923077
1 0.6802884615384616 0.8701923076923077 0.04807692307692308 0.1310096153846154