1 0.38341346153846156 0.052884615384615384 0.016826923076923076 0.0889423076923077
4 0.640625 0.10576923076923077 0.03125 0.09495192307692307
2 0.5096153846153846 0.13942307692307693 0.02283653846153846 0.08653846153846154
2 0.5024038461538461 0.25600961538461536 0.027644230769230768 0.0829326923076923
4 0.7740384615384616 0.27283653846153844 0.028846153846153848 0.09495192307692307
3 0.671875 0.2824519230769231 0.030048076923076924 0.051682692307692304
1 0.1622596153846154 0.2920673076923077 0.018028846153846152 0.11177884615384616
0 0.6382211538461539 0.31009615384615385 0.028846153846153848 0.0625
2 0.49038461538461536 0.3449519230769231 0.02403846153846154 0.09254807692307693
4 0.6899038461538461 0.40865384615384615 0.037259615384615384 0.08774038461538461
2 0.6069711538461539 0.41346153846153844 0.030048076923076924 0.0829326923076923
4 0.6694711538461539 0.4483173076923077 0.036057692307692304 0.036057692307692304
1 0.5721153846153846 0.45072115384615385 0.028846153846153848 0.03125
1 0.9891826923076923 0.2860576923076923 0.016826923076923076 0.11538461538461539
4 0.6586538461538461 0.4891826923076923 0.019230769230769232 0.040865384615384616
1 0.2608173076923077 0.5144230769230769 0.019230769230769232 0.07932692307692307
4 0.6298076923076923 0.5144230769230769 0.03485576923076923 0.030048076923076924
2 0.47716346153846156 0.5444711538461539 0.02403846153846154 0.06971153846153846
0 0.5985576923076923 0.5901442307692307 0.03125 0.051682692307692304
3 0.6298076923076923 0.59375 0.028846153846153848 0.0625
4 0.7788461538461539 0.5973557692307693 0.02283653846153846 0.07692307692307693
2 0.453125 0.609375 0.025240384615384616 0.07451923076923077
1 0.13341346153846154 0.7067307692307693 0.02403846153846154 0.09134615384615384
1 0.4543269230769231 0.7391826923076923 0.025240384615384616 0.10336538461538461
4 0.6165865384615384 0.7920673076923077 0.02403846153846154 0.08774038461538461
4 0.5685096153846154 0.953125 0.036057692307692304 0.0889423076923077
1 0.43509615384615385 0.9591346153846154 0.028846153846153848 0.07692307692307693
3 0.8533653846153846 0.6622596153846154 0.019230769230769232 0.09134615384615384
4 0.8870192307692307 0.7175480769230769 0.026442307692307692 0.09495192307692307
4 0.8269230769230769 0.9134615384615384 0.038461538461538464 0.10576923076923077