4 0.4855769230769231 0.01201923076923077 0.03365384615384615 0.02403846153846154
1 0.2956730769230769 0.03365384615384615 0.019230769230769232 0.0673076923076923
4 0.5444711538461539 0.08653846153846154 0.021634615384615384 0.10096153846153846
2 0.34375 0.16466346153846154 0.016826923076923076 0.11658653846153846
2 0.32572115384615385 0.27283653846153844 0.016826923076923076 0.12980769230769232
1 0.07692307692307693 0.2764423076923077 0.028846153846153848 0.10697115384615384
0 0.5024038461538461 0.2848557692307692 0.03125 0.078125
2 0.40384615384615385 0.4230769230769231 0.025240384615384616 0.11057692307692307
4 0.5492788461538461 0.4639423076923077 0.01201923076923077 0.0673076923076923
1 0.9266826923076923 0.051682692307692304 0.025240384615384616 0.10216346153846154
2 0.9795673076923077 0.11778846153846154 0.036057692307692304 0.08173076923076923
2 0.9038461538461539 0.25240384615384615 0.027644230769230768 0.13221153846153846
4 0.5204326923076923 0.5132211538461539 0.036057692307692304 0.026442307692307692
2 0.4014423076923077 0.5745192307692307 0.019230769230769232 0.07091346153846154
0 0.5144230769230769 0.6165865384615384 0.026442307692307692 0.055288461538461536
2 0.3954326923076923 0.6610576923076923 0.019230769230769232 0.09134615384615384
1 0.17427884615384615 0.7608173076923077 0.016826923076923076 0.09134615384615384
1 0.40865384615384615 0.9699519230769231 0.028846153846153848 0.055288461538461536
1 0.734375 0.5216346153846154 0.03125 0.04326923076923077
1 0.8701923076923077 0.5817307692307693 0.020432692307692308 0.12379807692307693
2 0.6045673076923077 0.6346153846153846 0.02283653846153846 0.12379807692307693
2 0.6899038461538461 0.6598557692307693 0.02283653846153846 0.10336538461538461
2 0.9338942307692307 0.8485576923076923 0.036057692307692304 0.0829326923076923
0 0.6814903846153846 0.8737980769230769 0.042067307692307696 0.051682692307692304
1 0.9771634615384616 0.9423076923076923 0.036057692307692304 0.11057692307692307
2 0.8293269230769231 0.9771634615384616 0.04326923076923077 0.040865384615384616