2 0.4387019230769231 0.038461538461538464 0.040865384615384616 0.07692307692307693
4 0.265625 0.20793269230769232 0.04807692307692308 0.13581730769230768
1 0.17908653846153846 0.21514423076923078 0.027644230769230768 0.15625
4 0.7427884615384616 0.2704326923076923 0.06129807692307692 0.12740384615384615
1 0.6670673076923077 0.2824519230769231 0.03365384615384615 0.13942307692307693
4 0.8161057692307693 0.3004807692307692 0.04567307692307692 0.11057692307692307
2 0.08774038461538461 0.3786057692307692 0.026442307692307692 0.040865384615384616
1 0.30649038461538464 0.390625 0.021634615384615384 0.06490384615384616
2 0.11177884615384616 0.49278846153846156 0.019230769230769232 0.0829326923076923
1 0.2548076923076923 0.6045673076923077 0.02283653846153846 0.0889423076923077
1 0.08533653846153846 0.7956730769230769 0.02283653846153846 0.0985576923076923
1 0.9026442307692307 0.5528846153846154 0.019230769230769232 0.078125
2 0.9591346153846154 0.6814903846153846 0.02403846153846154 0.09735576923076923
1 0.7331730769230769 0.7079326923076923 0.020432692307692308 0.0829326923076923
1 0.8725961538461539 0.9423076923076923 0.02403846153846154 0.09014423076923077