4 0.28725961538461536 0.09254807692307693 0.03365384615384615 0.07692307692307693
1 0.18509615384615385 0.09975961538461539 0.019230769230769232 0.07091346153846154
4 0.30288461538461536 0.16826923076923078 0.025240384615384616 0.07932692307692307
2 0.2860576923076923 0.2439903846153846 0.03125 0.08173076923076923
4 0.5096153846153846 0.26322115384615385 0.019230769230769232 0.08173076923076923
2 0.17668269230769232 0.2824519230769231 0.02403846153846154 0.056490384615384616
3 0.5324519230769231 0.2932692307692308 0.021634615384615384 0.1045673076923077
0 0.38341346153846156 0.33653846153846156 0.027644230769230768 0.054086538461538464
2 0.2283653846153846 0.390625 0.027644230769230768 0.08653846153846154
4 0.9230769230769231 0.43149038461538464 0.03245192307692308 0.10817307692307693
3 0.8569711538461539 0.5012019230769231 0.03125 0.10817307692307693
4 0.9555288461538461 0.10096153846153846 0.037259615384615384 0.10336538461538461
4 0.9326923076923077 0.21634615384615385 0.03245192307692308 0.0889423076923077
4 0.37259615384615385 0.5649038461538461 0.03365384615384615 0.014423076923076924
1 0.3016826923076923 0.5649038461538461 0.021634615384615384 0.014423076923076924
1 0.0829326923076923 0.5973557692307693 0.016826923076923076 0.07932692307692307
4 0.37740384615384615 0.6213942307692307 0.039663461538461536 0.07091346153846154
3 0.5264423076923077 0.7199519230769231 0.021634615384615384 0.08173076923076923
2 0.27884615384615385 0.7271634615384616 0.016826923076923076 0.09014423076923077
0 0.4014423076923077 0.7752403846153846 0.027644230769230768 0.06610576923076923
4 0.5396634615384616 0.7956730769230769 0.026442307692307692 0.07692307692307693
2 0.3173076923076923 0.8990384615384616 0.02283653846153846 0.09014423076923077
1 0.16105769230769232 0.953125 0.03365384615384615 0.0889423076923077
2 0.9194711538461539 0.6189903846153846 0.018028846153846152 0.07451923076923077
2 0.9435096153846154 0.6706730769230769 0.019230769230769232 0.07451923076923077
0 0.8545673076923077 0.6923076923076923 0.02283653846153846 0.052884615384615384
4 0.9567307692307693 0.7524038461538461 0.03365384615384615 0.06850961538461539
4 0.9759615384615384 0.9194711538461539 0.02283653846153846 0.09735576923076923