2 0.47716346153846156 0.04927884615384615 0.04567307692307692 0.0985576923076923
4 0.07692307692307693 0.0889423076923077 0.028846153846153848 0.0985576923076923
3 0.16706730769230768 0.09254807692307693 0.025240384615384616 0.12620192307692307
0 0.3317307692307692 0.18028846153846154 0.046875 0.09735576923076923
4 0.1622596153846154 0.19471153846153846 0.04326923076923077 0.06490384615384616
2 0.5456730769230769 0.1971153846153846 0.037259615384615384 0.13341346153846154
4 0.22956730769230768 0.27163461538461536 0.04326923076923077 0.056490384615384616
4 0.1658653846153846 0.2848557692307692 0.03365384615384615 0.1045673076923077
2 0.47836538461538464 0.30408653846153844 0.04447115384615385 0.13822115384615385
2 0.25961538461538464 0.3485576923076923 0.03485576923076923 0.16947115384615385
1 0.4074519230769231 0.4639423076923077 0.036057692307692304 0.13701923076923078
1 0.9002403846153846 0.07692307692307693 0.03485576923076923 0.09375
1 0.78125 0.28846153846153844 0.02403846153846154 0.11538461538461539
1 0.3557692307692308 0.5985576923076923 0.02403846153846154 0.038461538461538464
2 0.5336538461538461 0.6286057692307693 0.021634615384615384 0.06850961538461539
0 0.6538461538461539 0.7572115384615384 0.02403846153846154 0.04807692307692308
2 0.48197115384615385 0.828125 0.026442307692307692 0.07211538461538461
1 0.2776442307692308 0.8677884615384616 0.013221153846153846 0.0889423076923077
4 0.6430288461538461 0.9038461538461539 0.026442307692307692 0.07451923076923077
1 0.4230769230769231 0.9651442307692307 0.028846153846153848 0.06490384615384616
4 0.6502403846153846 0.9831730769230769 0.03125 0.028846153846153848
1 0.9927884615384616 0.6057692307692307 0.009615384615384616 0.052884615384615384
2 0.9423076923076923 0.7800480769230769 0.02403846153846154 0.09134615384615384
2 0.9699519230769231 0.8557692307692307 0.025240384615384616 0.078125