2 0.4230769230769231 0.015625 0.03365384615384615 0.03125
4 0.10697115384615384 0.06850961538461539 0.028846153846153848 0.10336538461538461
2 0.47836538461538464 0.09014423076923077 0.03125 0.09495192307692307
0 0.2932692307692308 0.09735576923076923 0.039663461538461536 0.06370192307692307
3 0.15384615384615385 0.12860576923076922 0.026442307692307692 0.11538461538461539
4 0.1935096153846154 0.20552884615384615 0.030048076923076924 0.09735576923076923
2 0.5324519230769231 0.20552884615384615 0.03125 0.11538461538461539
4 0.3233173076923077 0.24759615384615385 0.04567307692307692 0.07451923076923077
4 0.3641826923076923 0.34375 0.03125 0.12620192307692307
1 0.7163461538461539 0.08533653846153846 0.015625 0.055288461538461536
2 0.7439903846153846 0.109375 0.018028846153846152 0.0673076923076923
4 0.6694711538461539 0.11298076923076923 0.019230769230769232 0.05889423076923077
0 0.6538461538461539 0.25 0.026442307692307692 0.051682692307692304
2 0.7067307692307693 0.2512019230769231 0.021634615384615384 0.0625
4 0.6310096153846154 0.3713942307692308 0.025240384615384616 0.07091346153846154
1 0.6766826923076923 0.39663461538461536 0.018028846153846152 0.078125
1 0.7283653846153846 0.5084134615384616 0.02403846153846154 0.016826923076923076
4 0.5360576923076923 0.5564903846153846 0.03365384615384615 0.07451923076923077
2 0.3798076923076923 0.5637019230769231 0.02403846153846154 0.0889423076923077
1 0.1466346153846154 0.609375 0.016826923076923076 0.09495192307692307
2 0.40384615384615385 0.6574519230769231 0.019230769230769232 0.10216346153846154
0 0.5745192307692307 0.7151442307692307 0.027644230769230768 0.05889423076923077
2 0.44591346153846156 0.7644230769230769 0.028846153846153848 0.09735576923076923
1 0.3545673076923077 0.8665865384615384 0.020432692307692308 0.11177884615384616
1 0.6045673076923077 0.9362980769230769 0.02283653846153846 0.11899038461538461
0 0.9435096153846154 0.5288461538461539 0.036057692307692304 0.019230769230769232
2 0.7836538461538461 0.5480769230769231 0.028846153846153848 0.057692307692307696
2 0.9050480769230769 0.6694711538461539 0.036057692307692304 0.125
1 0.9423076923076923 0.9711538461538461 0.04326923076923077 0.052884615384615384