4 0.25961538461538464 0.015625 0.02403846153846154 0.03125
2 0.056490384615384616 0.03245192307692308 0.03125 0.06490384615384616
3 0.265625 0.07091346153846154 0.021634615384615384 0.09134615384615384
0 0.11658653846153846 0.0889423076923077 0.03125 0.05889423076923077
2 0.09375 0.19591346153846154 0.021634615384615384 0.10216346153846154
1 0.051682692307692304 0.23076923076923078 0.02283653846153846 0.11057692307692307
4 0.16706730769230768 0.23197115384615385 0.03485576923076923 0.08052884615384616
4 0.19831730769230768 0.3076923076923077 0.03485576923076923 0.0829326923076923
2 0.8257211538461539 0.08774038461538461 0.021634615384615384 0.07932692307692307
1 0.8954326923076923 0.18990384615384615 0.02283653846153846 0.08774038461538461
1 0.8641826923076923 0.47115384615384615 0.03125 0.028846153846153848
0 0.09134615384615384 0.5600961538461539 0.03125 0.04567307692307692
2 0.14302884615384615 0.5649038461538461 0.04326923076923077 0.078125
2 0.17668269230769232 0.75 0.037259615384615384 0.09375
1 0.3329326923076923 0.7512019230769231 0.02403846153846154 0.0625
4 0.10576923076923077 0.7608173076923077 0.03125 0.08533653846153846
1 0.21634615384615385 0.7896634615384616 0.02403846153846154 0.11177884615384616
4 0.13341346153846154 0.8100961538461539 0.027644230769230768 0.09495192307692307
4 0.109375 0.8485576923076923 0.027644230769230768 0.11298076923076923
1 0.33413461538461536 0.8581730769230769 0.03125 0.09975961538461539
1 0.8569711538461539 0.6514423076923077 0.027644230769230768 0.07692307692307693
4 0.9711538461538461 0.65625 0.027644230769230768 0.09615384615384616
4 0.953125 0.7319711538461539 0.039663461538461536 0.040865384615384616
1 0.7319711538461539 0.7439903846153846 0.02403846153846154 0.10697115384615384
2 0.7836538461538461 0.7596153846153846 0.026442307692307692 0.07451923076923077
2 0.8004807692307693 0.8713942307692307 0.021634615384615384 0.08653846153846154
0 0.9555288461538461 0.8918269230769231 0.039663461538461536 0.0829326923076923
2 0.8509615384615384 0.9675480769230769 0.028846153846153848 0.06009615384615385