2 0.47836538461538464 0.009615384615384616 0.02403846153846154 0.019230769230769232
1 0.4362980769230769 0.030048076923076924 0.026442307692307692 0.06009615384615385
4 0.5516826923076923 0.02283653846153846 0.036057692307692304 0.04567307692307692
4 0.5709134615384616 0.07932692307692307 0.01201923076923077 0.08653846153846154
1 0.35096153846153844 0.0889423076923077 0.015625 0.109375
4 0.7704326923076923 0.04927884615384615 0.036057692307692304 0.0985576923076923
2 0.5841346153846154 0.057692307692307696 0.009615384615384616 0.11538461538461539
4 0.7487980769230769 0.15504807692307693 0.039663461538461536 0.11538461538461539
4 0.20192307692307693 0.4579326923076923 0.028846153846153848 0.07451923076923077
2 0.38221153846153844 0.4639423076923077 0.018028846153846152 0.0829326923076923
2 0.4387019230769231 0.5865384615384616 0.025240384615384616 0.09014423076923077
4 0.11658653846153846 0.5973557692307693 0.02283653846153846 0.025240384615384616
3 0.1045673076923077 0.6346153846153846 0.02403846153846154 0.03485576923076923
0 0.24158653846153846 0.6742788461538461 0.03365384615384615 0.06610576923076923
4 0.09735576923076923 0.7091346153846154 0.026442307692307692 0.09014423076923077
2 0.4639423076923077 0.7139423076923077 0.02283653846153846 0.10817307692307693
4 0.2091346153846154 0.9831730769230769 0.04326923076923077 0.028846153846153848
1 0.46875 0.328125 0.019230769230769232 0.016826923076923076
4 0.23317307692307693 0.3269230769230769 0.03365384615384615 0.014423076923076924
1 0.8569711538461539 0.359375 0.03125 0.07932692307692307
4 0.7151442307692307 0.3701923076923077 0.026442307692307692 0.09615384615384616
2 0.84375 0.4326923076923077 0.03365384615384615 0.11658653846153846
2 0.8076923076923077 0.4951923076923077 0.037259615384615384 0.09375
0 0.7776442307692307 0.5492788461538461 0.03485576923076923 0.042067307692307696
3 0.6370192307692307 0.5637019230769231 0.016826923076923076 0.11899038461538461
4 0.6598557692307693 0.6418269230769231 0.026442307692307692 0.11298076923076923
4 0.8209134615384616 0.8161057692307693 0.04567307692307692 0.11298076923076923
4 0.8665865384615384 0.8557692307692307 0.028846153846153848 0.11298076923076923