4 0.08653846153846154 0.03245192307692308 0.028846153846153848 0.06490384615384616
1 0.43509615384615385 0.05889423076923077 0.019230769230769232 0.07932692307692307
4 0.11057692307692307 0.0733173076923077 0.02403846153846154 0.055288461538461536
1 0.2247596153846154 0.07451923076923077 0.02403846153846154 0.078125
2 0.15504807692307693 0.1778846153846154 0.030048076923076924 0.07932692307692307
0 0.10336538461538461 0.19831730769230768 0.02283653846153846 0.055288461538461536
1 0.42427884615384615 0.3485576923076923 0.02403846153846154 0.10697115384615384
4 0.0673076923076923 0.35697115384615385 0.030048076923076924 0.09375
2 0.2776442307692308 0.359375 0.015625 0.08653846153846154
2 0.6538461538461539 0.040865384615384616 0.028846153846153848 0.08173076923076923
1 0.9867788461538461 0.1045673076923077 0.021634615384615384 0.12740384615384615
4 0.14182692307692307 0.4483173076923077 0.025240384615384616 0.04326923076923077
3 0.13701923076923078 0.5108173076923077 0.016826923076923076 0.09735576923076923
2 0.4110576923076923 0.5336538461538461 0.025240384615384616 0.08173076923076923
0 0.2620192307692308 0.5480769230769231 0.026442307692307692 0.05889423076923077
2 0.38221153846153844 0.6526442307692307 0.025240384615384616 0.09014423076923077
4 0.18509615384615385 0.6598557692307693 0.03125 0.0673076923076923
4 0.13822115384615385 0.7764423076923077 0.027644230769230768 0.08052884615384616
1 0.30649038461538464 0.7824519230769231 0.020432692307692308 0.08774038461538461
2 0.9915865384615384 0.47475961538461536 0.01201923076923077 0.0889423076923077
1 0.7415865384615384 0.6550480769230769 0.020432692307692308 0.09975961538461539