4 0.015625 0.054086538461538464 0.030048076923076924 0.07692307692307693
2 0.125 0.07451923076923077 0.019230769230769232 0.10096153846153846
1 0.33052884615384615 0.1141826923076923 0.02283653846153846 0.09134615384615384
2 0.13221153846153846 0.29086538461538464 0.019230769230769232 0.109375
2 0.09735576923076923 0.36899038461538464 0.020432692307692308 0.10336538461538461
1 0.2956730769230769 0.47836538461538464 0.014423076923076924 0.10216346153846154
4 0.5721153846153846 0.026442307692307692 0.028846153846153848 0.052884615384615384
1 0.9507211538461539 0.04807692307692308 0.026442307692307692 0.09615384615384616
2 0.7752403846153846 0.09014423076923077 0.03485576923076923 0.14302884615384615
2 0.6105769230769231 0.22355769230769232 0.039663461538461536 0.13942307692307693
2 0.7439903846153846 0.23798076923076922 0.03485576923076923 0.140625
1 0.9735576923076923 0.34134615384615385 0.021634615384615384 0.14543269230769232
1 0.6754807692307693 0.47115384615384615 0.03365384615384615 0.15625
2 0.3329326923076923 0.6947115384615384 0.03125 0.07211538461538461
1 0.24639423076923078 0.6959134615384616 0.026442307692307692 0.07451923076923077
2 0.29447115384615385 0.7439903846153846 0.02403846153846154 0.1346153846153846
1 0.15985576923076922 0.7752403846153846 0.027644230769230768 0.12259615384615384
4 0.5180288461538461 0.7776442307692307 0.037259615384615384 0.1310096153846154
4 0.5480769230769231 0.8233173076923077 0.014423076923076924 0.12740384615384615
4 0.7211538461538461 0.7151442307692307 0.028846153846153848 0.07451923076923077
2 0.9014423076923077 0.7211538461538461 0.018028846153846152 0.0829326923076923
2 0.9579326923076923 0.84375 0.025240384615384616 0.09014423076923077
4 0.6358173076923077 0.8545673076923077 0.02283653846153846 0.025240384615384616
3 0.6237980769230769 0.8918269230769231 0.02403846153846154 0.03485576923076923
0 0.7608173076923077 0.9314903846153846 0.03365384615384615 0.06610576923076923
4 0.6177884615384616 0.9591346153846154 0.028846153846153848 0.07692307692307693
2 0.9831730769230769 0.9567307692307693 0.02403846153846154 0.08173076923076923