4 0.5168269230769231 0.05048076923076923 0.025240384615384616 0.07451923076923077
1 0.29086538461538464 0.1346153846153846 0.021634615384615384 0.0673076923076923
4 0.46153846153846156 0.15745192307692307 0.02403846153846154 0.07572115384615384
1 0.3401442307692308 0.23317307692307693 0.019230769230769232 0.07211538461538461
4 0.47596153846153844 0.3004807692307692 0.027644230769230768 0.07451923076923077
2 0.2932692307692308 0.35336538461538464 0.018028846153846152 0.07091346153846154
0 0.4098557692307692 0.4074519230769231 0.028846153846153848 0.042067307692307696
3 0.5300480769230769 0.4206730769230769 0.019230769230769232 0.08653846153846154
2 0.25841346153846156 0.4579326923076923 0.018028846153846152 0.0829326923076923
4 0.5264423076923077 0.49759615384615385 0.018028846153846152 0.07692307692307693
1 0.32572115384615385 0.02403846153846154 0.016826923076923076 0.04807692307692308
4 0.9050480769230769 0.03485576923076923 0.03125 0.06971153846153846
4 0.8737980769230769 0.08052884615384616 0.03125 0.09375
4 0.9290865384615384 0.12379807692307693 0.03125 0.09735576923076923
1 0.8028846153846154 0.12980769230769232 0.025240384615384616 0.10576923076923077
2 0.7271634615384616 0.23918269230769232 0.026442307692307692 0.12259615384615384
2 0.7391826923076923 0.35216346153846156 0.025240384615384616 0.1141826923076923
0 0.9387019230769231 0.375 0.038461538461538464 0.0733173076923077
1 0.7043269230769231 0.5300480769230769 0.03365384615384615 0.12740384615384615
1 0.9423076923076923 0.5913461538461539 0.03365384615384615 0.04807692307692308
4 0.0673076923076923 0.9134615384615384 0.026442307692307692 0.07932692307692307
4 0.03245192307692308 0.9290865384615384 0.02403846153846154 0.078125
1 0.203125 0.9471153846153846 0.025240384615384616 0.07932692307692307
2 0.17427884615384615 0.9771634615384616 0.03125 0.040865384615384616
1 0.75 0.6850961538461539 0.026442307692307692 0.10817307692307693