2 0.5300480769230769 0.10817307692307693 0.03245192307692308 0.1141826923076923
4 0.09254807692307693 0.17067307692307693 0.03125 0.11899038461538461
2 0.4206730769230769 0.21875 0.036057692307692304 0.08533653846153846
3 0.13822115384615385 0.22235576923076922 0.025240384615384616 0.15745192307692307
4 0.008413461538461538 0.22596153846153846 0.016826923076923076 0.12980769230769232
0 0.3076923076923077 0.27283653846153844 0.039663461538461536 0.08774038461538461
2 0.4963942307692308 0.3137019230769231 0.036057692307692304 0.11899038461538461
1 0.5612980769230769 0.4567307692307692 0.042067307692307696 0.14302884615384615
4 0.8221153846153846 0.2247596153846154 0.037259615384615384 0.07692307692307693
2 0.7199519230769231 0.234375 0.02283653846153846 0.0829326923076923
4 0.8798076923076923 0.3125 0.02283653846153846 0.0733173076923077
2 0.7355769230769231 0.3954326923076923 0.025240384615384616 0.09014423076923077
4 0.9651442307692307 0.4098557692307692 0.02283653846153846 0.04807692307692308
3 0.9651442307692307 0.46875 0.036057692307692304 0.09014423076923077
0 0.8449519230769231 0.49278846153846156 0.030048076923076924 0.0625
2 0.7860576923076923 0.5408653846153846 0.026442307692307692 0.08533653846153846
4 0.8221153846153846 0.09134615384615384 0.03245192307692308 0.07692307692307693
1 0.6790865384615384 0.0985576923076923 0.016826923076923076 0.07451923076923077
2 0.32211538461538464 0.6322115384615384 0.02403846153846154 0.04807692307692308
2 0.31490384615384615 0.7271634615384616 0.027644230769230768 0.0829326923076923
4 0.5865384615384616 0.7439903846153846 0.028846153846153848 0.09495192307692307
3 0.484375 0.7536057692307693 0.030048076923076924 0.051682692307692304
0 0.45072115384615385 0.78125 0.028846153846153848 0.0625
2 0.30288461538461536 0.8161057692307693 0.02403846153846154 0.09254807692307693
4 0.5024038461538461 0.8798076923076923 0.037259615384615384 0.08774038461538461
2 0.41947115384615385 0.8846153846153846 0.030048076923076924 0.0829326923076923
4 0.4807692307692308 0.9495192307692307 0.03365384615384615 0.09495192307692307
1 0.38461538461538464 0.9519230769230769 0.028846153846153848 0.09134615384615384
1 0.265625 0.9783653846153846 0.026442307692307692 0.038461538461538464
1 0.7668269230769231 0.6538461538461539 0.02283653846153846 0.07211538461538461
4 0.9639423076923077 0.7247596153846154 0.037259615384615384 0.09495192307692307
1 0.7355769230769231 0.8677884615384616 0.02283653846153846 0.0985576923076923
4 0.9122596153846154 0.890625 0.028846153846153848 0.09134615384615384
2 0.7680288461538461 0.9362980769230769 0.036057692307692304 0.042067307692307696
4 0.8521634615384616 0.9615384615384616 0.036057692307692304 0.07211538461538461
2 0.765625 0.9783653846153846 0.040865384615384616 0.038461538461538464