3 0.5612980769230769 0.03125 0.01201923076923077 0.0625
2 0.2548076923076923 0.028846153846153848 0.02403846153846154 0.057692307692307696
0 0.4098557692307692 0.038461538461538464 0.040865384615384616 0.07692307692307693
2 0.30528846153846156 0.1310096153846154 0.025240384615384616 0.10336538461538461
4 0.5024038461538461 0.24639423076923078 0.04326923076923077 0.11057692307692307
1 0.42427884615384615 0.28125 0.03245192307692308 0.12259615384615384
1 0.8954326923076923 0.05889423076923077 0.03125 0.11778846153846154
1 0.8894230769230769 0.31490384615384615 0.039663461538461536 0.13581730769230768
0 0.47716346153846156 0.4639423076923077 0.040865384615384616 0.04807692307692308
2 0.34615384615384615 0.5504807692307693 0.020432692307692308 0.09375
1 0.11538461538461539 0.6165865384615384 0.016826923076923076 0.10216346153846154
1 0.5504807692307693 0.8762019230769231 0.020432692307692308 0.12980769230769232
1 0.8810096153846154 0.546875 0.02403846153846154 0.08173076923076923
1 0.640625 0.8834134615384616 0.027644230769230768 0.08774038461538461