1 0.014423076923076924 0.05889423076923077 0.019230769230769232 0.05889423076923077
2 0.006009615384615385 0.13822115384615385 0.01201923076923077 0.08413461538461539
1 0.23798076923076922 0.13822115384615385 0.020432692307692308 0.07932692307692307
2 0.004807692307692308 0.25 0.009615384615384616 0.07692307692307693
1 0.23557692307692307 0.4230769230769231 0.021634615384615384 0.09735576923076923
4 0.859375 0.20673076923076922 0.018028846153846152 0.09375
4 0.7319711538461539 0.25600961538461536 0.020432692307692308 0.08533653846153846
3 0.7067307692307693 0.28125 0.016826923076923076 0.09735576923076923
0 0.8497596153846154 0.328125 0.02403846153846154 0.05889423076923077
4 0.8064903846153846 0.4543269230769231 0.036057692307692304 0.0625
2 0.06610576923076923 0.5144230769230769 0.03125 0.052884615384615384
2 0.036057692307692304 0.59375 0.038461538461538464 0.07211538461538461
2 0.06129807692307692 0.7127403846153846 0.02403846153846154 0.09975961538461539
1 0.09134615384615384 0.96875 0.03365384615384615 0.057692307692307696
1 0.9086538461538461 0.7427884615384616 0.020432692307692308 0.06490384615384616
2 0.9627403846153846 0.8052884615384616 0.014423076923076924 0.0733173076923077
2 0.9543269230769231 0.8233173076923077 0.021634615384615384 0.046875
1 0.8245192307692307 0.921875 0.027644230769230768 0.07211538461538461
1 0.6274038461538461 0.9411057692307693 0.019230769230769232 0.08052884615384616
4 0.9230769230769231 0.9759615384615384 0.03365384615384615 0.04326923076923077