4 0.3894230769230769 0.056490384615384616 0.020432692307692308 0.06009615384615385
4 0.39783653846153844 0.0985576923076923 0.021634615384615384 0.07451923076923077
2 0.5144230769230769 0.09975961538461539 0.025240384615384616 0.09975961538461539
4 0.3629807692307692 0.1201923076923077 0.03125 0.038461538461538464
4 0.10336538461538461 0.17668269230769232 0.03125 0.10336538461538461
3 0.20552884615384615 0.20432692307692307 0.02403846153846154 0.11538461538461539
2 0.5192307692307693 0.20793269230769232 0.03125 0.09975961538461539
0 0.3449519230769231 0.24519230769230768 0.03485576923076923 0.057692307692307696
2 0.4651442307692308 0.30408653846153844 0.027644230769230768 0.09975961538461539
1 0.6478365384615384 0.07932692307692307 0.02403846153846154 0.0625
1 0.7632211538461539 0.07932692307692307 0.020432692307692308 0.07451923076923077
1 0.8557692307692307 0.13942307692307693 0.020432692307692308 0.07091346153846154
2 0.6598557692307693 0.15504807692307693 0.026442307692307692 0.07932692307692307
2 0.7872596153846154 0.26322115384615385 0.03365384615384615 0.09975961538461539
0 0.6814903846153846 0.31009615384615385 0.036057692307692304 0.05889423076923077
2 0.8545673076923077 0.3317307692307692 0.02403846153846154 0.08413461538461539
1 0.057692307692307696 0.41586538461538464 0.019230769230769232 0.03365384615384615
4 0.15625 0.4170673076923077 0.02403846153846154 0.036057692307692304
4 0.21033653846153846 0.4495192307692308 0.020432692307692308 0.07091346153846154
2 0.06610576923076923 0.4879807692307692 0.016826923076923076 0.07091346153846154
2 0.08052884615384616 0.5432692307692307 0.018028846153846152 0.07451923076923077
3 0.3269230769230769 0.5540865384615384 0.018028846153846152 0.09134615384615384
0 0.21754807692307693 0.5588942307692307 0.019230769230769232 0.0733173076923077
4 0.3954326923076923 0.5829326923076923 0.02283653846153846 0.08173076923076923
4 0.3389423076923077 0.8533653846153846 0.02403846153846154 0.09495192307692307
1 0.2548076923076923 0.8653846153846154 0.019230769230769232 0.09615384615384616
1 0.9891826923076923 0.5192307692307693 0.016826923076923076 0.09134615384615384
1 0.8665865384615384 0.6622596153846154 0.03125 0.0829326923076923
1 0.7151442307692307 0.8894230769230769 0.025240384615384616 0.078125
4 0.8149038461538461 0.953125 0.028846153846153848 0.0889423076923077