1 0.25600961538461536 0.054086538461538464 0.018028846153846152 0.08052884615384616
4 0.11658653846153846 0.1201923076923077 0.02283653846153846 0.06850961538461539
2 0.20793269230769232 0.13701923076923078 0.025240384615384616 0.0889423076923077
4 0.15504807692307693 0.16466346153846154 0.018028846153846152 0.0829326923076923
1 0.4230769230769231 0.17668269230769232 0.019230769230769232 0.09254807692307693
4 0.10096153846153846 0.18509615384615385 0.026442307692307692 0.0733173076923077
2 0.2800480769230769 0.24759615384615385 0.016826923076923076 0.021634615384615384
3 0.10096153846153846 0.26322115384615385 0.02283653846153846 0.06490384615384616
0 0.1346153846153846 0.2956730769230769 0.03125 0.07211538461538461
2 0.2776442307692308 0.3088942307692308 0.021634615384615384 0.09975961538461539
2 0.14543269230769232 0.38221153846153844 0.021634615384615384 0.08653846153846154
1 0.8665865384615384 0.3485576923076923 0.015625 0.07451923076923077
2 0.4338942307692308 0.7920673076923077 0.025240384615384616 0.1045673076923077
1 0.18629807692307693 0.8064903846153846 0.02403846153846154 0.09375
2 0.46274038461538464 0.890625 0.03245192307692308 0.11298076923076923
1 0.04567307692307692 0.9735576923076923 0.028846153846153848 0.04807692307692308
4 0.4891826923076923 0.5817307692307693 0.016826923076923076 0.09615384615384616
1 0.2536057692307692 0.609375 0.02283653846153846 0.10817307692307693
4 0.7584134615384616 0.4651442307692308 0.040865384615384616 0.07451923076923077
1 0.6875 0.4651442307692308 0.03365384615384615 0.07451923076923077
0 0.5841346153846154 0.6899038461538461 0.038461538461538464 0.06370192307692307
3 0.7512019230769231 0.7007211538461539 0.020432692307692308 0.0829326923076923
4 0.7427884615384616 0.8161057692307693 0.036057692307692304 0.12740384615384615
4 0.5336538461538461 0.84375 0.03245192307692308 0.09375
4 0.5096153846153846 0.9290865384615384 0.019230769230769232 0.12259615384615384