4 0.040865384615384616 0.04326923076923077 0.03365384615384615 0.08653846153846154
1 0.11538461538461539 0.04807692307692308 0.03365384615384615 0.09615384615384616
4 0.037259615384615384 0.234375 0.036057692307692304 0.10216346153846154
2 0.0889423076923077 0.3473557692307692 0.04927884615384615 0.08173076923076923
2 0.20192307692307693 0.4387019230769231 0.03485576923076923 0.09495192307692307
0 0.018028846153846152 0.5120192307692307 0.036057692307692304 0.07211538461538461
2 0.21634615384615385 0.5372596153846154 0.03365384615384615 0.06009615384615385
1 0.9819711538461539 0.016826923076923076 0.03125 0.03365384615384615
4 0.6742788461538461 0.04807692307692308 0.05048076923076923 0.09615384615384616
4 0.7091346153846154 0.0829326923076923 0.03125 0.11057692307692307
2 0.8377403846153846 0.14783653846153846 0.038461538461538464 0.109375
2 0.9110576923076923 0.32091346153846156 0.040865384615384616 0.09495192307692307
3 0.515625 0.36658653846153844 0.03485576923076923 0.13701923076923078
0 0.7127403846153846 0.390625 0.03125 0.07451923076923077
2 0.9134615384615384 0.4411057692307692 0.040865384615384616 0.13581730769230768
4 0.6490384615384616 0.5360576923076923 0.04807692307692308 0.0625
1 0.8990384615384616 0.5384615384615384 0.03365384615384615 0.057692307692307696
4 0.12139423076923077 0.71875 0.027644230769230768 0.08774038461538461
4 0.09615384615384616 0.7692307692307693 0.03485576923076923 0.09495192307692307
4 0.14543269230769232 0.8112980769230769 0.030048076923076924 0.0673076923076923
2 0.014423076923076924 0.8161057692307693 0.027644230769230768 0.0673076923076923
2 0.07211538461538461 0.8930288461538461 0.038461538461538464 0.07692307692307693
3 0.28725961538461536 0.9254807692307693 0.028846153846153848 0.09254807692307693
0 0.13581730769230768 0.9639423076923077 0.036057692307692304 0.0673076923076923
4 0.3125 0.96875 0.028846153846153848 0.057692307692307696
3 0.5288461538461539 0.5949519230769231 0.02403846153846154 0.05048076923076923
0 0.6766826923076923 0.6045673076923077 0.040865384615384616 0.06971153846153846
2 0.7632211538461539 0.6286057692307693 0.025240384615384616 0.1141826923076923
4 0.5108173076923077 0.6466346153846154 0.019230769230769232 0.10817307692307693
1 0.7716346153846154 0.8221153846153846 0.020432692307692308 0.11778846153846154
4 0.5733173076923077 0.8461538461538461 0.038461538461538464 0.11298076923076923
4 0.609375 0.9146634615384616 0.030048076923076924 0.09134615384615384
1 0.734375 0.9182692307692307 0.021634615384615384 0.11538461538461539
4 0.5661057692307693 0.9362980769230769 0.027644230769230768 0.09975961538461539