3 0.375 0.03125 0.03365384615384615 0.0625
0 0.21634615384615385 0.03245192307692308 0.03365384615384615 0.06490384615384616
2 0.0733173076923077 0.056490384615384616 0.027644230769230768 0.07451923076923077
2 0.06971153846153846 0.15745192307692307 0.03125 0.09495192307692307
4 0.265625 0.16466346153846154 0.037259615384615384 0.109375
4 0.22716346153846154 0.2668269230769231 0.03245192307692308 0.09134615384615384
1 0.009615384615384616 0.2980769230769231 0.019230769230769232 0.1346153846153846
1 0.12740384615384615 0.30408653846153844 0.027644230769230768 0.11177884615384616
4 0.28846153846153844 0.3293269230769231 0.04567307692307692 0.12259615384615384
0 0.90625 0.20552884615384615 0.040865384615384616 0.09134615384615384
2 0.7379807692307693 0.20673076923076922 0.03125 0.1045673076923077
2 0.7752403846153846 0.3269230769230769 0.02403846153846154 0.10336538461538461
4 0.9639423076923077 0.35096153846153844 0.030048076923076924 0.0673076923076923
4 0.9855769230769231 0.3870192307692308 0.02403846153846154 0.07692307692307693
1 0.5540865384615384 0.39783653846153844 0.040865384615384616 0.055288461538461536
1 0.002403846153846154 0.5552884615384616 0.004807692307692308 0.07692307692307693
2 0.3245192307692308 0.7548076923076923 0.027644230769230768 0.10096153846153846
2 0.3870192307692308 0.9423076923076923 0.038461538461538464 0.11057692307692307
1 0.14543269230769232 0.9603365384615384 0.026442307692307692 0.07451923076923077
1 0.9278846153846154 0.4723557692307692 0.02403846153846154 0.0889423076923077
2 0.43509615384615385 0.6802884615384616 0.03365384615384615 0.09615384615384616
1 0.5877403846153846 0.6814903846153846 0.02403846153846154 0.0625
1 0.47115384615384615 0.7199519230769231 0.02403846153846154 0.11177884615384616
1 0.5889423076923077 0.7884615384615384 0.03125 0.09975961538461539