2 0.484375 0.010817307692307692 0.026442307692307692 0.021634615384615384
1 0.28365384615384615 0.04567307692307692 0.02403846153846154 0.09014423076923077
1 0.46274038461538464 0.16466346153846154 0.02403846153846154 0.10697115384615384
1 0.8689903846153846 0.039663461538461536 0.021634615384615384 0.07211538461538461
1 0.9230769230769231 0.09975961538461539 0.02403846153846154 0.08533653846153846
4 0.9903846153846154 0.13221153846153846 0.014423076923076924 0.07692307692307693
2 0.9519230769230769 0.14543269230769232 0.03125 0.07451923076923077
2 0.8064903846153846 0.1935096153846154 0.028846153846153848 0.07932692307692307
1 0.4651442307692308 0.3641826923076923 0.025240384615384616 0.09134615384615384
1 0.44471153846153844 0.38341346153846156 0.027644230769230768 0.0673076923076923
4 0.2932692307692308 0.390625 0.03245192307692308 0.039663461538461536
4 0.31490384615384615 0.43028846153846156 0.018028846153846152 0.06971153846153846
2 0.4483173076923077 0.4519230769230769 0.025240384615384616 0.09254807692307693
4 0.052884615384615384 0.4567307692307692 0.026442307692307692 0.06129807692307692
3 0.265625 0.47596153846153844 0.025240384615384616 0.054086538461538464
0 0.29086538461538464 0.5084134615384616 0.02403846153846154 0.06850961538461539
2 0.47115384615384615 0.5096153846153846 0.027644230769230768 0.09735576923076923
2 0.19831730769230768 0.5384615384615384 0.028846153846153848 0.109375
2 0.4026442307692308 0.5925480769230769 0.019230769230769232 0.10336538461538461
4 0.15745192307692307 0.7788461538461539 0.037259615384615384 0.1045673076923077
1 0.2920673076923077 0.8125 0.026442307692307692 0.11899038461538461
1 0.6706730769230769 0.49759615384615385 0.021634615384615384 0.11778846153846154
2 0.8798076923076923 0.6358173076923077 0.026442307692307692 0.12620192307692307
2 0.9387019230769231 0.7572115384615384 0.028846153846153848 0.07572115384615384
0 0.8161057692307693 0.7920673076923077 0.038461538461538464 0.057692307692307696
3 0.6418269230769231 0.8365384615384616 0.025240384615384616 0.12379807692307693
2 0.9555288461538461 0.8605769230769231 0.036057692307692304 0.1141826923076923
4 0.6766826923076923 0.9074519230769231 0.03485576923076923 0.11538461538461539