4 0.6694711538461539 0.036057692307692304 0.036057692307692304 0.07211538461538461
1 0.4879807692307692 0.19951923076923078 0.015625 0.0889423076923077
4 0.6045673076923077 0.20673076923076922 0.028846153846153848 0.07692307692307693
1 0.18629807692307693 0.2548076923076923 0.013221153846153846 0.10697115384615384
2 0.41947115384615385 0.4026442307692308 0.019230769230769232 0.09735576923076923
0 0.5492788461538461 0.44471153846153844 0.037259615384615384 0.046875
3 0.6778846153846154 0.4639423076923077 0.019230769230769232 0.10576923076923077
1 0.1622596153846154 0.546875 0.02283653846153846 0.11177884615384616
4 0.5420673076923077 0.5817307692307693 0.028846153846153848 0.06971153846153846
4 0.47475961538461536 0.59375 0.025240384615384616 0.11538461538461539
1 0.3798076923076923 0.6346153846153846 0.025240384615384616 0.1141826923076923
1 0.46153846153846156 0.02403846153846154 0.014423076923076924 0.04807692307692308
4 0.546875 0.6875 0.03125 0.038461538461538464
2 0.7932692307692307 0.3233173076923077 0.02403846153846154 0.07451923076923077
2 0.8449519230769231 0.4567307692307692 0.026442307692307692 0.09254807692307693
2 0.8040865384615384 0.5745192307692307 0.02283653846153846 0.10336538461538461
4 0.6947115384615384 0.5853365384615384 0.009615384615384616 0.09375
4 0.2644230769230769 0.7475961538461539 0.03365384615384615 0.07692307692307693
1 0.515625 0.7475961538461539 0.03125 0.07692307692307693
1 0.6754807692307693 0.7836538461538461 0.02403846153846154 0.12980769230769232
4 0.20432692307692307 0.9639423076923077 0.04807692307692308 0.0673076923076923
1 0.2800480769230769 0.9771634615384616 0.03125 0.040865384615384616
3 0.9735576923076923 0.7475961538461539 0.028846153846153848 0.07692307692307693
0 0.8365384615384616 0.7403846153846154 0.028846153846153848 0.0625
2 0.6995192307692307 0.796875 0.019230769230769232 0.07932692307692307
4 0.8882211538461539 0.8485576923076923 0.04326923076923077 0.09975961538461539