1 0.11298076923076923 0.13341346153846154 0.026442307692307692 0.08533653846153846
2 0.27524038461538464 0.27524038461538464 0.021634615384615384 0.09375
1 0.013221153846153846 0.3088942307692308 0.026442307692307692 0.036057692307692304
4 0.4579326923076923 0.03245192307692308 0.06490384615384616 0.06490384615384616
4 0.3605769230769231 0.04447115384615385 0.0673076923076923 0.0889423076923077
4 0.6862980769230769 0.11177884615384616 0.052884615384615384 0.1201923076923077
1 0.8665865384615384 0.1346153846153846 0.04927884615384615 0.19230769230769232
4 0.21394230769230768 0.6033653846153846 0.019230769230769232 0.05048076923076923
3 0.2127403846153846 0.65625 0.015625 0.0829326923076923
4 0.2764423076923077 0.8028846153846154 0.019230769230769232 0.07211538461538461
4 0.24759615384615385 0.9447115384615384 0.028846153846153848 0.0673076923076923
1 0.5048076923076923 0.3473557692307692 0.019230769230769232 0.036057692307692304
4 0.7596153846153846 0.38461538461538464 0.03245192307692308 0.09735576923076923
2 0.5528846153846154 0.46274038461538464 0.016826923076923076 0.11658653846153846
3 0.8557692307692307 0.5576923076923077 0.027644230769230768 0.10697115384615384
2 0.5348557692307693 0.5709134615384616 0.016826923076923076 0.12980769230769232
1 0.2956730769230769 0.5745192307692307 0.014423076923076924 0.11057692307692307
0 0.7115384615384616 0.5829326923076923 0.03125 0.078125
2 0.6129807692307693 0.7211538461538461 0.025240384615384616 0.11057692307692307
4 0.7692307692307693 0.78125 0.03125 0.1045673076923077
4 0.7524038461538461 0.8257211538461539 0.03365384615384615 0.09735576923076923
1 0.5060096153846154 0.8930288461538461 0.02283653846153846 0.10336538461538461