3 0.0889423076923077 0.015625 0.028846153846153848 0.03125
0 0.11658653846153846 0.03245192307692308 0.03125 0.06490384615384616
2 0.24278846153846154 0.07572115384615384 0.019230769230769232 0.09254807692307693
4 0.08173076923076923 0.13822115384615385 0.027644230769230768 0.0625
4 0.04807692307692308 0.15985576923076922 0.02283653846153846 0.07091346153846154
2 0.1141826923076923 0.16706730769230768 0.026442307692307692 0.052884615384615384
1 0.125 0.24278846153846154 0.019230769230769232 0.10697115384615384
1 0.47115384615384615 0.25961538461538464 0.018028846153846152 0.10697115384615384
1 0.13581730769230768 0.4338942307692308 0.026442307692307692 0.04567307692307692
2 0.7692307692307693 0.06971153846153846 0.02283653846153846 0.11658653846153846
1 0.9230769230769231 0.2512019230769231 0.030048076923076924 0.12860576923076922
1 0.7788461538461539 0.36538461538461536 0.027644230769230768 0.1310096153846154
2 0.22956730769230768 0.4699519230769231 0.026442307692307692 0.021634615384615384
4 0.5324519230769231 0.484375 0.019230769230769232 0.039663461538461536
4 0.3954326923076923 0.49278846153846156 0.028846153846153848 0.05889423076923077
3 0.5384615384615384 0.5552884615384616 0.019230769230769232 0.1141826923076923
2 0.2439903846153846 0.5709134615384616 0.03125 0.09254807692307693
0 0.3954326923076923 0.5889423076923077 0.03485576923076923 0.0625
2 0.2860576923076923 0.6514423076923077 0.03125 0.0625
4 0.4639423076923077 0.6778846153846154 0.038461538461538464 0.07091346153846154
4 0.4987980769230769 0.7043269230769231 0.040865384615384616 0.07932692307692307
2 0.40625 0.7055288461538461 0.028846153846153848 0.10817307692307693
1 0.265625 0.7620192307692307 0.027644230769230768 0.12620192307692307
4 0.6935096153846154 0.6057692307692307 0.03365384615384615 0.07091346153846154
3 0.6706730769230769 0.7115384615384616 0.027644230769230768 0.07091346153846154
0 0.640625 0.7247596153846154 0.021634615384615384 0.06009615384615385
4 0.8653846153846154 0.7283653846153846 0.030048076923076924 0.09495192307692307