1 0.5420673076923077 0.07572115384615384 0.026442307692307692 0.0889423076923077
1 0.17548076923076922 0.14423076923076922 0.02283653846153846 0.11057692307692307
4 0.5420673076923077 0.16947115384615385 0.015625 0.125
2 0.4807692307692308 0.19831730769230768 0.026442307692307692 0.1346153846153846
0 0.6189903846153846 0.30408653846153844 0.016826923076923076 0.06009615384615385
4 0.5228365384615384 0.3233173076923077 0.03245192307692308 0.11298076923076923
2 0.5192307692307693 0.45072115384615385 0.027644230769230768 0.1201923076923077
4 0.65625 0.019230769230769232 0.028846153846153848 0.038461538461538464
2 0.7800480769230769 0.07451923076923077 0.025240384615384616 0.07091346153846154
0 0.6382211538461539 0.11778846153846154 0.016826923076923076 0.0625
2 0.7139423076923077 0.29927884615384615 0.020432692307692308 0.0829326923076923
1 0.7427884615384616 0.4855769230769231 0.03125 0.08653846153846154
1 0.3329326923076923 0.6009615384615384 0.021634615384615384 0.04326923076923077
2 0.3269230769230769 0.6237980769230769 0.028846153846153848 0.0733173076923077
2 0.19110576923076922 0.6875 0.019230769230769232 0.07091346153846154
4 0.4795673076923077 0.7536057692307693 0.02403846153846154 0.09134615384615384
0 0.3173076923076923 0.7620192307692307 0.03125 0.054086538461538464
2 0.14903846153846154 0.7872596153846154 0.016826923076923076 0.07451923076923077
3 0.4567307692307692 0.8052884615384616 0.021634615384615384 0.11658653846153846
4 0.2848557692307692 0.8677884615384616 0.02403846153846154 0.06971153846153846
4 0.30288461538461536 0.8990384615384616 0.027644230769230768 0.10096153846153846
2 0.18028846153846154 0.9110576923076923 0.025240384615384616 0.07692307692307693
1 0.01201923076923077 0.953125 0.02403846153846154 0.07451923076923077
4 0.875 0.6838942307692307 0.020432692307692308 0.07091346153846154
0 0.7355769230769231 0.7067307692307693 0.028846153846153848 0.04447115384615385
3 0.8413461538461539 0.7247596153846154 0.019230769230769232 0.09134615384615384
4 0.6838942307692307 0.8978365384615384 0.02403846153846154 0.08052884615384616
4 0.6778846153846154 0.9891826923076923 0.028846153846153848 0.016826923076923076