2 0.11658653846153846 0.013221153846153846 0.040865384615384616 0.026442307692307692
4 0.010817307692307692 0.03245192307692308 0.021634615384615384 0.04567307692307692
2 0.17307692307692307 0.056490384615384616 0.02403846153846154 0.11298076923076923
1 0.46634615384615385 0.13822115384615385 0.02283653846153846 0.10336538461538461
0 0.019230769230769232 0.16826923076923078 0.03365384615384615 0.0733173076923077
2 0.16826923076923078 0.1971153846153846 0.026442307692307692 0.10096153846153846
1 0.7403846153846154 0.07211538461538461 0.019230769230769232 0.06490384615384616
1 0.9423076923076923 0.19471153846153846 0.019230769230769232 0.06490384615384616
1 0.9867788461538461 0.30528846153846156 0.016826923076923076 0.04326923076923077
4 0.078125 0.3425480769230769 0.05048076923076923 0.026442307692307692
1 0.19591346153846154 0.34375 0.036057692307692304 0.028846153846153848
2 0.0889423076923077 0.48677884615384615 0.04447115384615385 0.10697115384615384
1 0.4963942307692308 0.5673076923076923 0.021634615384615384 0.13221153846153846
1 0.22235576923076922 0.5769230769230769 0.027644230769230768 0.14783653846153846
2 0.19230769230769232 0.6959134615384616 0.036057692307692304 0.15264423076923078
2 0.22355769230769232 0.7596153846153846 0.03125 0.13701923076923078
1 0.24759615384615385 0.8774038461538461 0.03485576923076923 0.140625
0 0.6346153846153846 0.4050480769230769 0.027644230769230768 0.052884615384615384
4 0.5600961538461539 0.47475961538461536 0.030048076923076924 0.0829326923076923
2 0.6538461538461539 0.49038461538461536 0.02283653846153846 0.07932692307692307
1 0.9891826923076923 0.5637019230769231 0.016826923076923076 0.0985576923076923
4 0.5673076923076923 0.5685096153846154 0.027644230769230768 0.078125
1 0.6298076923076923 0.5865384615384616 0.02403846153846154 0.07932692307692307
1 0.7704326923076923 0.8545673076923077 0.021634615384615384 0.09134615384615384