2 0.27524038461538464 0.07692307692307693 0.03365384615384615 0.10817307692307693
2 0.25 0.1971153846153846 0.036057692307692304 0.14182692307692307
1 0.16346153846153846 0.30408653846153844 0.027644230769230768 0.12379807692307693
1 0.18990384615384615 0.4723557692307692 0.038461538461538464 0.1466346153846154
4 0.8016826923076923 0.039663461538461536 0.026442307692307692 0.07932692307692307
2 0.9182692307692307 0.1346153846153846 0.025240384615384616 0.07692307692307693
3 0.5949519230769231 0.1622596153846154 0.028846153846153848 0.09014423076923077
0 0.6995192307692307 0.21394230769230768 0.026442307692307692 0.06009615384615385
2 0.8052884615384616 0.2956730769230769 0.021634615384615384 0.07932692307692307
4 0.6370192307692307 0.3016826923076923 0.03485576923076923 0.0625
4 0.5276442307692307 0.4074519230769231 0.03245192307692308 0.08653846153846154
1 0.7163461538461539 0.4675480769230769 0.020432692307692308 0.09975961538461539
1 0.140625 0.6382211538461539 0.021634615384615384 0.08774038461538461
4 0.2283653846153846 0.6454326923076923 0.037259615384615384 0.08173076923076923
4 0.265625 0.8774038461538461 0.04567307692307692 0.0829326923076923
1 0.19110576923076922 0.8858173076923077 0.028846153846153848 0.1045673076923077
1 0.37259615384615385 0.7259615384615384 0.025240384615384616 0.07091346153846154
2 0.5336538461538461 0.7644230769230769 0.03125 0.08653846153846154
1 0.8125 0.7680288461538461 0.03125 0.11899038461538461
2 0.5889423076923077 0.8689903846153846 0.03125 0.09495192307692307
0 0.40384615384615385 0.8762019230769231 0.039663461538461536 0.06370192307692307
4 0.3088942307692308 0.9663461538461539 0.021634615384615384 0.0625
2 0.6442307692307693 0.9615384615384616 0.03365384615384615 0.07211538461538461