2 0.12860576923076922 0.21875 0.036057692307692304 0.0829326923076923
1 0.171875 0.32572115384615385 0.03365384615384615 0.1346153846153846
2 0.02403846153846154 0.3870192307692308 0.039663461538461536 0.11899038461538461
1 0.39783653846153844 0.4110576923076923 0.026442307692307692 0.12980769230769232
2 0.6923076923076923 0.030048076923076924 0.028846153846153848 0.06009615384615385
4 0.4951923076923077 0.027644230769230768 0.03365384615384615 0.055288461538461536
1 0.6165865384615384 0.14302884615384615 0.020432692307692308 0.08774038461538461
1 0.9903846153846154 0.203125 0.014423076923076924 0.10336538461538461
1 0.6225961538461539 0.42908653846153844 0.021634615384615384 0.09615384615384616
1 0.09615384615384616 0.5637019230769231 0.02403846153846154 0.07572115384615384
4 0.21514423076923078 0.5709134615384616 0.026442307692307692 0.07211538461538461
4 0.22355769230769232 0.7463942307692307 0.027644230769230768 0.046875
2 0.06850961538461539 0.8004807692307693 0.021634615384615384 0.08413461538461539
3 0.31490384615384615 0.8533653846153846 0.019230769230769232 0.08052884615384616
0 0.18389423076923078 0.8605769230769231 0.03125 0.05889423076923077
2 0.06009615384615385 0.9038461538461539 0.026442307692307692 0.0829326923076923
4 0.3245192307692308 0.9158653846153846 0.02403846153846154 0.09134615384615384
2 0.09254807692307693 0.9459134615384616 0.018028846153846152 0.09134615384615384
1 0.8882211538461539 0.6069711538461539 0.025240384615384616 0.1141826923076923
4 0.7415865384615384 0.6286057692307693 0.03485576923076923 0.04447115384615385
2 0.8173076923076923 0.6730769230769231 0.03245192307692308 0.0889423076923077
4 0.5 0.7223557692307693 0.02403846153846154 0.09495192307692307
3 0.6622596153846154 0.7548076923076923 0.025240384615384616 0.06971153846153846
2 0.875 0.7620192307692307 0.026442307692307692 0.12740384615384615
0 0.6923076923076923 0.8016826923076923 0.04326923076923077 0.06971153846153846
2 0.8197115384615384 0.8810096153846154 0.03485576923076923 0.11057692307692307
4 0.6045673076923077 0.9086538461538461 0.038461538461538464 0.0829326923076923
2 0.78125 0.9543269230769231 0.028846153846153848 0.08653846153846154