4 0.3737980769230769 0.054086538461538464 0.021634615384615384 0.08653846153846154
2 0.21394230769230768 0.056490384615384616 0.020432692307692308 0.09495192307692307
1 0.1502403846153846 0.06370192307692307 0.016826923076923076 0.09975961538461539
4 0.41225961538461536 0.36538461538461536 0.03245192307692308 0.09014423076923077
1 0.33533653846153844 0.38100961538461536 0.026442307692307692 0.1141826923076923
2 0.5264423076923077 0.027644230769230768 0.014423076923076924 0.055288461538461536
4 0.703125 0.07692307692307693 0.06971153846153846 0.12980769230769232
4 0.5949519230769231 0.24278846153846154 0.040865384615384616 0.22115384615384615
1 0.08774038461538461 0.5252403846153846 0.03125 0.09375
1 0.26802884615384615 0.5853365384615384 0.027644230769230768 0.08774038461538461
2 0.07451923076923077 0.6057692307692307 0.03365384615384615 0.11658653846153846
2 0.038461538461538464 0.6682692307692307 0.037259615384615384 0.09375
0 0.013221153846153846 0.7223557692307693 0.026442307692307692 0.04567307692307692
1 0.49038461538461536 0.8221153846153846 0.028846153846153848 0.12259615384615384
4 0.052884615384615384 0.9651442307692307 0.04807692307692308 0.06490384615384616
4 0.09735576923076923 0.984375 0.03125 0.026442307692307692
1 0.7680288461538461 0.6370192307692307 0.02403846153846154 0.09975961538461539
2 0.6574519230769231 0.6454326923076923 0.020432692307692308 0.10697115384615384
2 0.7259615384615384 0.7271634615384616 0.03125 0.08774038461538461
0 0.6117788461538461 0.8040865384615384 0.038461538461538464 0.052884615384615384
2 0.7860576923076923 0.8233173076923077 0.03125 0.09134615384615384
1 0.9591346153846154 0.9723557692307693 0.02403846153846154 0.05048076923076923
1 0.6983173076923077 0.5264423076923077 0.021634615384615384 0.09615384615384616