1 0.07572115384615384 0.014423076923076924 0.03125 0.028846153846153848
1 0.29447115384615385 0.02403846153846154 0.021634615384615384 0.04807692307692308
2 0.0625 0.21033653846153846 0.027644230769230768 0.09975961538461539
1 0.4387019230769231 0.3233173076923077 0.025240384615384616 0.10697115384615384
2 0.07091346153846154 0.33533653846153844 0.03485576923076923 0.09735576923076923
1 0.9927884615384616 0.014423076923076924 0.009615384615384616 0.028846153846153848
1 0.7836538461538461 0.02403846153846154 0.014423076923076924 0.04807692307692308
2 0.8858173076923077 0.07572115384615384 0.019230769230769232 0.08052884615384616
1 0.546875 0.13942307692307693 0.013221153846153846 0.0889423076923077
2 0.84375 0.1658653846153846 0.020432692307692308 0.07091346153846154
2 0.7668269230769231 0.22596153846153846 0.020432692307692308 0.08413461538461539
0 0.90625 0.23677884615384615 0.028846153846153848 0.052884615384615384
2 0.7055288461538461 0.2932692307692308 0.021634615384615384 0.0889423076923077
4 0.9879807692307693 0.2932692307692308 0.019230769230769232 0.08653846153846154
1 0.5721153846153846 0.33774038461538464 0.021634615384615384 0.09975961538461539
4 0.7788461538461539 0.38341346153846156 0.040865384615384616 0.11298076923076923
4 0.20072115384615385 0.48197115384615385 0.036057692307692304 0.04567307692307692
1 0.4026442307692308 0.49399038461538464 0.026442307692307692 0.06971153846153846
2 0.24519230769230768 0.6790865384615384 0.030048076923076924 0.07572115384615384
3 0.06129807692307692 0.703125 0.027644230769230768 0.05889423076923077
0 0.09495192307692307 0.734375 0.027644230769230768 0.0625
2 0.23557692307692307 0.7644230769230769 0.028846153846153848 0.08774038461538461
4 0.013221153846153846 0.8365384615384616 0.026442307692307692 0.0625
2 0.20552884615384615 0.8377403846153846 0.027644230769230768 0.08653846153846154
1 0.0889423076923077 0.90625 0.02283653846153846 0.09975961538461539
1 0.15865384615384615 0.9735576923076923 0.02403846153846154 0.04807692307692308
2 0.4723557692307692 0.4675480769230769 0.026442307692307692 0.016826923076923076
4 0.7788461538461539 0.4987980769230769 0.020432692307692308 0.046875
3 0.8269230769230769 0.5120192307692307 0.03125 0.09495192307692307
4 0.8629807692307693 0.5276442307692307 0.02403846153846154 0.07451923076923077
2 0.5841346153846154 0.5492788461538461 0.027644230769230768 0.10817307692307693
0 0.7211538461538461 0.5492788461538461 0.028846153846153848 0.06490384615384616
2 0.6778846153846154 0.6201923076923077 0.021634615384615384 0.0889423076923077
4 0.9170673076923077 0.6742788461538461 0.03245192307692308 0.1045673076923077
1 0.8725961538461539 0.7019230769230769 0.027644230769230768 0.0829326923076923
1 0.5649038461538461 0.7223557692307693 0.03245192307692308 0.09014423076923077