1 0.15745192307692307 0.03485576923076923 0.026442307692307692 0.06971153846153846
1 0.22716346153846154 0.4795673076923077 0.021634615384615384 0.11177884615384616
4 0.8882211538461539 0.009615384615384616 0.036057692307692304 0.019230769230769232
2 0.7391826923076923 0.03485576923076923 0.026442307692307692 0.06971153846153846
1 0.5120192307692307 0.046875 0.020432692307692308 0.0829326923076923
2 0.7920673076923077 0.1346153846153846 0.03125 0.07091346153846154
0 0.9555288461538461 0.15144230769230768 0.028846153846153848 0.052884615384615384
2 0.8521634615384616 0.21153846153846154 0.025240384615384616 0.09014423076923077
1 0.6514423076923077 0.28125 0.02403846153846154 0.09014423076923077
1 0.8305288461538461 0.40024038461538464 0.02403846153846154 0.10697115384615384
1 0.203125 0.5757211538461539 0.026442307692307692 0.07451923076923077
4 0.15144230769230768 0.5757211538461539 0.028846153846153848 0.07451923076923077
0 0.21995192307692307 0.7487980769230769 0.03485576923076923 0.03485576923076923
3 0.0625 0.7680288461538461 0.02403846153846154 0.11298076923076923
4 0.042067307692307696 0.8245192307692307 0.025240384615384616 0.11057692307692307
4 0.171875 0.8461538461538461 0.027644230769230768 0.08533653846153846
4 0.21634615384615385 0.9747596153846154 0.038461538461538464 0.04567307692307692
1 0.5528846153846154 0.5889423076923077 0.038461538461538464 0.10096153846153846
4 0.7415865384615384 0.6670673076923077 0.039663461538461536 0.07091346153846154
1 0.38100961538461536 0.7103365384615384 0.027644230769230768 0.12259615384615384
4 0.7848557692307693 0.7139423076923077 0.040865384615384616 0.08653846153846154
2 0.49759615384615385 0.8016826923076923 0.027644230769230768 0.09254807692307693
3 0.7067307692307693 0.8040865384615384 0.04326923076923077 0.09495192307692307
0 0.6706730769230769 0.8088942307692307 0.056490384615384616 0.054086538461538464
4 0.8341346153846154 0.8401442307692307 0.055288461538461536 0.08774038461538461
2 0.4723557692307692 0.9122596153846154 0.039663461538461536 0.10817307692307693
4 0.7127403846153846 0.9447115384615384 0.046875 0.10697115384615384
4 0.6165865384615384 0.9459134615384616 0.04567307692307692 0.10336538461538461
1 0.4855769230769231 0.96875 0.038461538461538464 0.057692307692307696