2 0.016826923076923076 0.026442307692307692 0.028846153846153848 0.052884615384615384
4 0.32091346153846156 0.03365384615384615 0.021634615384615384 0.0673076923076923
3 0.3173076923076923 0.07932692307692307 0.020432692307692308 0.08413461538461539
0 0.17668269230769232 0.09975961538461539 0.026442307692307692 0.06610576923076923
2 0.021634615384615384 0.125 0.026442307692307692 0.11177884615384616
2 0.3269230769230769 0.171875 0.026442307692307692 0.08413461538461539
2 0.13581730769230768 0.23197115384615385 0.027644230769230768 0.11177884615384616
4 0.18870192307692307 0.4206730769230769 0.04447115384615385 0.08653846153846154
1 0.1346153846153846 0.42908653846153844 0.028846153846153848 0.09254807692307693
4 0.5168269230769231 0.12379807692307693 0.027644230769230768 0.07451923076923077
1 0.6334134615384616 0.13701923076923078 0.018028846153846152 0.07572115384615384
1 0.8173076923076923 0.16346153846153846 0.020432692307692308 0.07932692307692307
4 0.5168269230769231 0.22596153846153846 0.027644230769230768 0.038461538461538464
2 0.640625 0.28365384615384615 0.025240384615384616 0.07091346153846154
0 0.49278846153846156 0.3269230769230769 0.027644230769230768 0.06009615384615385
2 0.5745192307692307 0.48677884615384615 0.02403846153846154 0.040865384615384616
4 0.43509615384615385 0.49038461538461536 0.03365384615384615 0.03365384615384615
1 0.8737980769230769 0.4951923076923077 0.03125 0.02403846153846154
4 0.5540865384615384 0.015625 0.026442307692307692 0.03125
1 0.6742788461538461 0.02283653846153846 0.021634615384615384 0.04567307692307692
4 0.2692307692307692 0.6129807692307693 0.027644230769230768 0.04326923076923077
4 0.1310096153846154 0.6442307692307693 0.026442307692307692 0.038461538461538464
2 0.39663461538461536 0.6706730769230769 0.019230769230769232 0.08653846153846154
3 0.11778846153846154 0.6995192307692307 0.02403846153846154 0.07091346153846154
0 0.2536057692307692 0.7247596153846154 0.028846153846153848 0.037259615384615384
2 0.3713942307692308 0.7307692307692307 0.027644230769230768 0.07451923076923077
2 0.3088942307692308 0.9170673076923077 0.027644230769230768 0.07932692307692307
1 0.3954326923076923 0.9783653846153846 0.021634615384615384 0.038461538461538464
4 0.5336538461538461 0.5240384615384616 0.03365384615384615 0.028846153846153848
2 0.6274038461538461 0.53125 0.02403846153846154 0.04326923076923077
1 0.9663461538461539 0.5841346153846154 0.020432692307692308 0.09615384615384616
4 0.5408653846153846 0.5901442307692307 0.027644230769230768 0.078125
1 0.6033653846153846 0.6081730769230769 0.02403846153846154 0.07932692307692307
1 0.7439903846153846 0.8762019230769231 0.021634615384615384 0.09134615384615384
4 0.4266826923076923 0.9206730769230769 0.030048076923076924 0.09495192307692307