1 0.3798076923076923 0.03125 0.019230769230769232 0.0625
1 0.34615384615384615 0.0889423076923077 0.015625 0.078125
2 0.36177884615384615 0.15384615384615385 0.019230769230769232 0.07572115384615384
1 0.07211538461538461 0.19951923076923078 0.014423076923076924 0.09495192307692307
0 0.4230769230769231 0.28725961538461536 0.03365384615384615 0.042067307692307696
2 0.24759615384615385 0.38461538461538464 0.015625 0.09014423076923077
4 0.3737980769230769 0.43028846153846156 0.027644230769230768 0.08533653846153846
3 0.8173076923076923 0.16466346153846154 0.021634615384615384 0.12259615384615384
2 0.5024038461538461 0.19110576923076922 0.021634615384615384 0.1045673076923077
0 0.671875 0.20793269230769232 0.04567307692307692 0.08413461538461539
4 0.875 0.22355769230769232 0.026442307692307692 0.11177884615384616
2 0.5084134615384616 0.3016826923076923 0.027644230769230768 0.10697115384615384
4 0.8245192307692307 0.4567307692307692 0.03365384615384615 0.11298076923076923
1 0.5793269230769231 0.4675480769230769 0.02403846153846154 0.1310096153846154
4 0.25961538461538464 0.6610576923076923 0.03245192307692308 0.054086538461538464
1 0.07932692307692307 0.6610576923076923 0.026442307692307692 0.08173076923076923
2 0.10817307692307693 0.7115384615384616 0.02283653846153846 0.07091346153846154
3 0.42788461538461536 0.7379807692307693 0.030048076923076924 0.10336538461538461
0 0.2848557692307692 0.7872596153846154 0.03125 0.07932692307692307
2 0.1045673076923077 0.7944711538461539 0.02403846153846154 0.12860576923076922
4 0.45552884615384615 0.8064903846153846 0.025240384615384616 0.11899038461538461
4 0.390625 0.953125 0.036057692307692304 0.0889423076923077
1 0.31490384615384615 0.9627403846153846 0.028846153846153848 0.06971153846153846
4 0.4519230769230769 0.9711538461538461 0.04326923076923077 0.052884615384615384
1 0.21033653846153846 0.984375 0.026442307692307692 0.026442307692307692
2 0.8617788461538461 0.6298076923076923 0.018028846153846152 0.0829326923076923
4 0.9807692307692307 0.6382211538461539 0.027644230769230768 0.0673076923076923
4 0.9735576923076923 0.7367788461538461 0.019230769230769232 0.0625
2 0.8978365384615384 0.7908653846153846 0.025240384615384616 0.07451923076923077
1 0.6322115384615384 0.8028846153846154 0.016826923076923076 0.07451923076923077
2 0.8521634615384616 0.9098557692307693 0.020432692307692308 0.07211538461538461
0 0.9915865384615384 0.9483173076923077 0.01201923076923077 0.06009615384615385