2 0.31850961538461536 0.019230769230769232 0.026442307692307692 0.038461538461538464
4 0.22355769230769232 0.02283653846153846 0.038461538461538464 0.04567307692307692
1 0.4519230769230769 0.25240384615384615 0.03245192307692308 0.09014423076923077
4 0.15985576923076922 0.2620192307692308 0.03125 0.09134615384615384
2 0.96875 0.021634615384615384 0.028846153846153848 0.04326923076923077
4 0.8810096153846154 0.030048076923076924 0.025240384615384616 0.05889423076923077
4 0.8125 0.08774038461538461 0.02403846153846154 0.054086538461538464
0 0.9591346153846154 0.15504807692307693 0.03485576923076923 0.054086538461538464
3 0.8149038461538461 0.16466346153846154 0.019230769230769232 0.1141826923076923
4 0.8317307692307693 0.22716346153846154 0.021634615384615384 0.08413461538461539
1 0.5625 0.4375 0.018028846153846152 0.0889423076923077
1 0.546875 0.48197115384615385 0.02283653846153846 0.08173076923076923
1 0.29447115384615385 0.5745192307692307 0.027644230769230768 0.08774038461538461
4 0.5889423076923077 0.6009615384615384 0.025240384615384616 0.10697115384615384
2 0.4026442307692308 0.7139423076923077 0.02403846153846154 0.07692307692307693
1 0.16466346153846154 0.7175480769230769 0.03125 0.0829326923076923
0 0.4230769230769231 0.734375 0.025240384615384616 0.030048076923076924
2 0.3701923076923077 0.7427884615384616 0.025240384615384616 0.09375
3 0.5408653846153846 0.7572115384615384 0.019230769230769232 0.07451923076923077
4 0.5336538461538461 0.8473557692307693 0.027644230769230768 0.09134615384615384
1 0.013221153846153846 0.9447115384615384 0.025240384615384616 0.078125
4 0.11298076923076923 0.9807692307692307 0.028846153846153848 0.03365384615384615
1 0.7920673076923077 0.6682692307692307 0.020432692307692308 0.07692307692307693