3 0.4567307692307692 0.018028846153846152 0.019230769230769232 0.036057692307692304
2 0.26322115384615385 0.027644230769230768 0.021634615384615384 0.055288461538461536
0 0.359375 0.018028846153846152 0.026442307692307692 0.036057692307692304
4 0.46153846153846156 0.04927884615384615 0.015625 0.054086538461538464
2 0.2848557692307692 0.125 0.015625 0.07451923076923077
1 0.18629807692307693 0.35336538461538464 0.020432692307692308 0.08052884615384616
4 0.3088942307692308 0.4375 0.026442307692307692 0.057692307692307696
1 0.12860576923076922 0.4495192307692308 0.026442307692307692 0.03365384615384615
4 0.35096153846153844 0.4579326923076923 0.028846153846153848 0.016826923076923076
1 0.8978365384615384 0.10216346153846154 0.020432692307692308 0.09254807692307693
1 0.7115384615384616 0.32091346153846156 0.026442307692307692 0.0889423076923077
4 0.9627403846153846 0.38822115384615385 0.03245192307692308 0.08653846153846154
4 0.4855769230769231 0.515625 0.028846153846153848 0.09375
3 0.1658653846153846 0.8076923076923077 0.027644230769230768 0.14903846153846154
4 0.07932692307692307 0.8100961538461539 0.030048076923076924 0.11177884615384616
2 0.4831730769230769 0.8293269230769231 0.039663461538461536 0.11057692307692307
0 0.35216346153846156 0.8473557692307693 0.04807692307692308 0.09975961538461539
2 0.4567307692307692 0.8497596153846154 0.030048076923076924 0.10336538461538461
4 0.140625 0.8629807692307693 0.02283653846153846 0.1141826923076923
4 0.24519230769230768 0.921875 0.03485576923076923 0.10216346153846154
2 0.46033653846153844 0.9495192307692307 0.040865384615384616 0.09615384615384616
4 0.8353365384615384 0.47596153846153844 0.026442307692307692 0.014423076923076924
2 0.6911057692307693 0.5084134615384616 0.016826923076923076 0.07932692307692307
4 0.8918269230769231 0.5709134615384616 0.02283653846153846 0.07451923076923077
2 0.6418269230769231 0.5721153846153846 0.021634615384615384 0.06129807692307692
0 0.7620192307692307 0.5841346153846154 0.03365384615384615 0.055288461538461536
3 0.8737980769230769 0.5901442307692307 0.019230769230769232 0.0829326923076923
2 0.625 0.6514423076923077 0.02403846153846154 0.07692307692307693
1 0.5625 0.703125 0.021634615384615384 0.08774038461538461
4 0.7139423076923077 0.7043269230769231 0.03245192307692308 0.08774038461538461
4 0.6983173076923077 0.7980769230769231 0.038461538461538464 0.09134615384615384
4 0.6177884615384616 0.9507211538461539 0.03365384615384615 0.09375