4 0.05048076923076923 0.008413461538461538 0.03365384615384615 0.016826923076923076
1 0.22956730769230768 0.016826923076923076 0.021634615384615384 0.03365384615384615
4 0.07451923076923077 0.04567307692307692 0.036057692307692304 0.0829326923076923
2 0.21514423076923078 0.0829326923076923 0.019230769230769232 0.0829326923076923
1 0.4519230769230769 0.0829326923076923 0.020432692307692308 0.07932692307692307
2 0.2127403846153846 0.19471153846153846 0.018028846153846152 0.07451923076923077
0 0.07451923076923077 0.26322115384615385 0.025240384615384616 0.07091346153846154
2 0.19471153846153846 0.2860576923076923 0.026442307692307692 0.09134615384615384
1 0.4495192307692308 0.36778846153846156 0.021634615384615384 0.09735576923076923
4 0.06129807692307692 0.5180288461538461 0.03245192307692308 0.08774038461538461
1 0.140625 0.5216346153846154 0.026442307692307692 0.09615384615384616
4 0.8040865384615384 0.17668269230769232 0.03125 0.09375
2 0.9543269230769231 0.36899038461538464 0.028846153846153848 0.09134615384615384
4 0.71875 0.3713942307692308 0.03245192307692308 0.07572115384615384
4 0.6117788461538461 0.39302884615384615 0.026442307692307692 0.06490384615384616
3 0.6057692307692307 0.46033653846153844 0.014423076923076924 0.10336538461538461
0 0.7728365384615384 0.4723557692307692 0.030048076923076924 0.06971153846153846
2 0.9579326923076923 0.5036057692307693 0.02403846153846154 0.09735576923076923
2 0.8221153846153846 0.5913461538461539 0.028846153846153848 0.04807692307692308
4 0.7079326923076923 0.59375 0.03125 0.04326923076923077
2 0.05889423076923077 0.6682692307692307 0.02283653846153846 0.04807692307692308
2 0.09134615384615384 0.7175480769230769 0.02283653846153846 0.06850961538461539
0 0.015625 0.7439903846153846 0.02283653846153846 0.05889423076923077
4 0.006009615384615385 0.8557692307692307 0.01201923076923077 0.07692307692307693
1 0.35216346153846156 0.8930288461538461 0.015625 0.08173076923076923
1 0.15985576923076922 0.9627403846153846 0.03125 0.06971153846153846
4 0.7127403846153846 0.7007211538461539 0.021634615384615384 0.08052884615384616
1 0.9302884615384616 0.7067307692307693 0.015625 0.06971153846153846
1 0.9350961538461539 0.8293269230769231 0.018028846153846152 0.0673076923076923
4 0.7379807692307693 0.8641826923076923 0.019230769230769232 0.07451923076923077
2 0.8918269230769231 0.9122596153846154 0.016826923076923076 0.07091346153846154
4 0.6706730769230769 0.9627403846153846 0.021634615384615384 0.06129807692307692
2 0.9314903846153846 0.9663461538461539 0.016826923076923076 0.0625
0 0.8100961538461539 0.9831730769230769 0.028846153846153848 0.028846153846153848
3 0.6959134615384616 0.9759615384615384 0.026442307692307692 0.04326923076923077