1 0.2439903846153846 0.22115384615384615 0.016826923076923076 0.1141826923076923
2 0.515625 0.03485576923076923 0.026442307692307692 0.06971153846153846
1 0.8161057692307693 0.10336538461538461 0.018028846153846152 0.1201923076923077
2 0.5204326923076923 0.13341346153846154 0.02283653846153846 0.10576923076923077
1 0.4651442307692308 0.23557692307692307 0.026442307692307692 0.09134615384615384
1 0.4831730769230769 0.4807692307692308 0.03365384615384615 0.052884615384615384
2 0.3161057692307692 0.5997596153846154 0.028846153846153848 0.07932692307692307
1 0.08413461538461539 0.6634615384615384 0.020432692307692308 0.0889423076923077
2 0.28846153846153844 0.6911057692307693 0.03125 0.0889423076923077
1 0.20072115384615385 0.8341346153846154 0.027644230769230768 0.09495192307692307
3 0.59375 0.5432692307692307 0.019230769230769232 0.0673076923076923
0 0.6850961538461539 0.5576923076923077 0.026442307692307692 0.051682692307692304
2 0.7379807692307693 0.5588942307692307 0.021634615384615384 0.0625
4 0.6622596153846154 0.6790865384615384 0.025240384615384616 0.07091346153846154
1 0.7079326923076923 0.7043269230769231 0.018028846153846152 0.078125
4 0.6286057692307693 0.8221153846153846 0.030048076923076924 0.07091346153846154
1 0.7596153846153846 0.8509615384615384 0.021634615384615384 0.0829326923076923
4 0.5661057692307693 0.9759615384615384 0.036057692307692304 0.04326923076923077
1 0.6694711538461539 0.9807692307692307 0.026442307692307692 0.03365384615384615