4 0.3641826923076923 0.02403846153846154 0.040865384615384616 0.04807692307692308
1 0.5192307692307693 0.038461538461538464 0.014423076923076924 0.07692307692307693
2 0.43509615384615385 0.32211538461538464 0.03485576923076923 0.07692307692307693
3 0.24519230769230768 0.3389423076923077 0.03125 0.0625
4 0.038461538461538464 0.3449519230769231 0.028846153846153848 0.09375
0 0.2776442307692308 0.37259615384615385 0.026442307692307692 0.06009615384615385
2 0.421875 0.39903846153846156 0.03485576923076923 0.0829326923076923
4 0.22115384615384615 0.484375 0.04326923076923077 0.07932692307692307
2 0.2800480769230769 0.4963942307692308 0.040865384615384616 0.06009615384615385
4 0.1935096153846154 0.5060096153846154 0.05048076923076923 0.040865384615384616
2 0.9783653846153846 0.12259615384615384 0.038461538461538464 0.11057692307692307
1 0.828125 0.20673076923076922 0.037259615384615384 0.13581730769230768
2 0.8341346153846154 0.33774038461538464 0.038461538461538464 0.0985576923076923
2 0.8173076923076923 0.4579326923076923 0.03365384615384615 0.13701923076923078
4 0.04807692307692308 0.6478365384615384 0.02283653846153846 0.06370192307692307
1 0.34375 0.6899038461538461 0.027644230769230768 0.11177884615384616
4 0.07091346153846154 0.7019230769230769 0.028846153846153848 0.10697115384615384
4 0.027644230769230768 0.71875 0.040865384615384616 0.05048076923076923
1 0.20432692307692307 0.7211538461538461 0.02283653846153846 0.12379807692307693
2 0.13221153846153846 0.7367788461538461 0.040865384615384616 0.1045673076923077
2 0.2536057692307692 0.7980769230769231 0.037259615384615384 0.1310096153846154
0 0.02283653846153846 0.8990384615384616 0.03125 0.08052884615384616
2 0.18509615384615385 0.9627403846153846 0.038461538461538464 0.06971153846153846
1 0.9290865384615384 0.5540865384615384 0.021634615384615384 0.05048076923076923
2 0.5805288461538461 0.5649038461538461 0.021634615384615384 0.07211538461538461
1 0.6514423076923077 0.6382211538461539 0.025240384615384616 0.09975961538461539
1 0.6274038461538461 0.9423076923076923 0.03245192307692308 0.09014423076923077