1 0.18389423076923078 0.21394230769230768 0.026442307692307692 0.09375
4 0.25600961538461536 0.21995192307692307 0.03485576923076923 0.09254807692307693
2 0.1310096153846154 0.35336538461538464 0.03485576923076923 0.07932692307692307
2 0.016826923076923076 0.3713942307692308 0.03125 0.06971153846153846
4 0.18269230769230768 0.40024038461538464 0.027644230769230768 0.06610576923076923
3 0.1658653846153846 0.46875 0.03485576923076923 0.08173076923076923
0 0.12620192307692307 0.47716346153846156 0.03245192307692308 0.06009615384615385
1 0.41466346153846156 0.14182692307692307 0.025240384615384616 0.09134615384615384
2 0.5336538461538461 0.22716346153846154 0.027644230769230768 0.09975961538461539
3 0.7884615384615384 0.23557692307692307 0.030048076923076924 0.10336538461538461
0 0.6490384615384616 0.24879807692307693 0.019230769230769232 0.06370192307692307
4 0.8161057692307693 0.27884615384615385 0.028846153846153848 0.09975961538461539
2 0.5480769230769231 0.29927884615384615 0.030048076923076924 0.09254807692307693
4 0.6790865384615384 0.36778846153846156 0.037259615384615384 0.09735576923076923
1 0.5288461538461539 0.43509615384615385 0.03125 0.0985576923076923
4 0.7247596153846154 0.453125 0.037259615384615384 0.10336538461538461
4 0.6682692307692307 0.046875 0.037259615384615384 0.08052884615384616
1 0.5985576923076923 0.052884615384615384 0.025240384615384616 0.078125
1 0.27403846153846156 0.8269230769230769 0.016826923076923076 0.08173076923076923
1 0.8137019230769231 0.7560096153846154 0.016826923076923076 0.08052884615384616
4 0.390625 0.8509615384615384 0.016826923076923076 0.038461538461538464
2 0.5540865384615384 0.8665865384615384 0.021634615384615384 0.07451923076923077
3 0.37740384615384615 0.9002403846153846 0.015625 0.08653846153846154
0 0.5 0.9350961538461539 0.03485576923076923 0.04447115384615385
2 0.546875 0.9699519230769231 0.03125 0.055288461538461536
4 0.5564903846153846 0.5685096153846154 0.020432692307692308 0.06610576923076923
1 0.609375 0.5733173076923077 0.020432692307692308 0.0829326923076923