3 0.2764423076923077 0.25240384615384615 0.03245192307692308 0.1141826923076923
0 0.32572115384615385 0.25600961538461536 0.038461538461538464 0.0625
4 0.04326923076923077 0.30649038461538464 0.038461538461538464 0.12740384615384615
4 0.3245192307692308 0.4014423076923077 0.04927884615384615 0.0625
4 0.33052884615384615 0.46875 0.026442307692307692 0.07692307692307693
4 0.3004807692307692 0.47475961538461536 0.03365384615384615 0.06490384615384616
2 0.47115384615384615 0.02403846153846154 0.019230769230769232 0.04807692307692308
4 0.5865384615384616 0.026442307692307692 0.02403846153846154 0.052884615384615384
4 0.6117788461538461 0.054086538461538464 0.02283653846153846 0.06850961538461539
2 0.5216346153846154 0.19831730769230768 0.014423076923076924 0.06850961538461539
3 0.7295673076923077 0.2644230769230769 0.020432692307692308 0.06850961538461539
0 0.6237980769230769 0.296875 0.027644230769230768 0.05889423076923077
2 0.5576923076923077 0.3389423076923077 0.020432692307692308 0.07451923076923077
2 0.3954326923076923 0.5408653846153846 0.036057692307692304 0.0625
1 0.25961538461538464 0.6742788461538461 0.03485576923076923 0.13221153846153846
2 0.8100961538461539 0.5420673076923077 0.02403846153846154 0.054086538461538464
4 0.8774038461538461 0.5540865384615384 0.028846153846153848 0.0889423076923077
2 0.7620192307692307 0.6454326923076923 0.02403846153846154 0.07692307692307693
4 0.9651442307692307 0.65625 0.028846153846153848 0.09134615384615384
0 0.8052884615384616 0.6754807692307693 0.030048076923076924 0.028846153846153848
2 0.7475961538461539 0.6766826923076923 0.030048076923076924 0.056490384615384616
3 0.9483173076923077 0.6899038461538461 0.025240384615384616 0.1045673076923077
4 0.7367788461538461 0.8185096153846154 0.03125 0.09134615384615384
1 0.5096153846153846 0.8617788461538461 0.020432692307692308 0.09735576923076923
4 0.7295673076923077 0.8882211538461539 0.03365384615384615 0.1045673076923077