4 0.13581730769230768 0.03125 0.03125 0.0625
4 0.2620192307692308 0.039663461538461536 0.03365384615384615 0.07932692307692307
4 0.16105769230769232 0.07091346153846154 0.03245192307692308 0.09735576923076923
4 0.28125 0.1346153846153846 0.039663461538461536 0.07932692307692307
1 0.11177884615384616 0.16826923076923078 0.02403846153846154 0.11177884615384616
1 0.9447115384615384 0.22355769230769232 0.016826923076923076 0.09375
1 0.546875 0.4795673076923077 0.020432692307692308 0.09735576923076923
2 0.5420673076923077 0.6634615384615384 0.030048076923076924 0.0829326923076923
3 0.3016826923076923 0.7043269230769231 0.026442307692307692 0.10817307692307693
0 0.3629807692307692 0.734375 0.037259615384615384 0.08052884615384616
2 0.5276442307692307 0.75 0.027644230769230768 0.12259615384615384
4 0.16947115384615385 0.7560096153846154 0.025240384615384616 0.11057692307692307
1 0.45913461538461536 0.9663461538461539 0.028846153846153848 0.0625
4 0.3485576923076923 0.9747596153846154 0.03365384615384615 0.04567307692307692
1 0.5600961538461539 0.31850961538461536 0.014423076923076924 0.040865384615384616
4 0.3425480769230769 0.33653846153846156 0.03125 0.07692307692307693
1 0.46634615384615385 0.390625 0.02403846153846154 0.10817307692307693
4 0.27283653846153844 0.3918269230769231 0.027644230769230768 0.0829326923076923
4 0.31009615384615385 0.44350961538461536 0.021634615384615384 0.08653846153846154
4 0.7608173076923077 0.3473557692307692 0.03245192307692308 0.054086538461538464
2 0.5721153846153846 0.35697115384615385 0.004807692307692308 0.08413461538461539
4 0.8978365384615384 0.47836538461538464 0.02283653846153846 0.051682692307692304
2 0.7283653846153846 0.5036057692307693 0.010817307692307692 0.0625
3 0.8942307692307693 0.5336538461538461 0.03125 0.10216346153846154
0 0.7836538461538461 0.5408653846153846 0.026442307692307692 0.11057692307692307
2 0.7403846153846154 0.6646634615384616 0.01201923076923077 0.0625
4 0.8329326923076923 0.6682692307692307 0.020432692307692308 0.09615384615384616
1 0.7668269230769231 0.7680288461538461 0.019230769230769232 0.09975961538461539
4 0.8894230769230769 0.9459134615384616 0.038461538461538464 0.10336538461538461
1 0.5805288461538461 0.9615384615384616 0.021634615384615384 0.07211538461538461
1 0.671875 0.3125 0.016826923076923076 0.028846153846153848
4 0.7800480769230769 0.3125 0.040865384615384616 0.028846153846153848