1 0.2127403846153846 0.15264423076923078 0.030048076923076924 0.09495192307692307
1 0.36778846153846156 0.2247596153846154 0.028846153846153848 0.10096153846153846
2 0.09254807692307693 0.28125 0.02403846153846154 0.12860576923076922
2 0.19471153846153846 0.390625 0.03365384615384615 0.11298076923076923
3 0.78125 0.014423076923076924 0.03365384615384615 0.028846153846153848
0 0.6706730769230769 0.020432692307692308 0.028846153846153848 0.040865384615384616
2 0.6274038461538461 0.10697115384615384 0.01201923076923077 0.0625
4 0.7199519230769231 0.11057692307692307 0.020432692307692308 0.09615384615384616
1 0.6538461538461539 0.21033653846153846 0.019230769230769232 0.09975961538461539
4 0.7764423076923077 0.390625 0.037259615384615384 0.1045673076923077
1 0.4735576923076923 0.4074519230769231 0.009615384615384616 0.07932692307692307
4 0.037259615384615384 0.546875 0.04927884615384615 0.11177884615384616
1 0.23317307692307693 0.5997596153846154 0.03485576923076923 0.11298076923076923
4 0.007211538461538462 0.6850961538461539 0.014423076923076924 0.11538461538461539
4 0.09735576923076923 0.7740384615384616 0.051682692307692304 0.09975961538461539
2 0.21514423076923078 0.8521634615384616 0.03485576923076923 0.1201923076923077
0 0.013221153846153846 0.9266826923076923 0.026442307692307692 0.06971153846153846
2 0.19591346153846154 0.9603365384615384 0.040865384615384616 0.07451923076923077
2 0.5504807692307693 0.5420673076923077 0.030048076923076924 0.10096153846153846