1 0.28966346153846156 0.036057692307692304 0.03125 0.07211538461538461
4 0.4026442307692308 0.04326923076923077 0.026442307692307692 0.08653846153846154
4 0.3858173076923077 0.11177884615384616 0.039663461538461536 0.040865384615384616
1 0.16466346153846154 0.12379807692307693 0.02403846153846154 0.10697115384615384
2 0.21634615384615385 0.13942307692307693 0.026442307692307692 0.07451923076923077
2 0.23317307692307693 0.2512019230769231 0.021634615384615384 0.08653846153846154
0 0.38822115384615385 0.27163461538461536 0.039663461538461536 0.0829326923076923
2 0.28365384615384615 0.36899038461538464 0.025240384615384616 0.10336538461538461
1 0.40024038461538464 0.5192307692307693 0.03125 0.125
1 0.9927884615384616 0.025240384615384616 0.009615384615384616 0.05048076923076923
1 0.5012019230769231 0.2247596153846154 0.02403846153846154 0.07451923076923077
1 0.96875 0.22596153846153846 0.02283653846153846 0.0985576923076923
2 0.9903846153846154 0.29447115384615385 0.014423076923076924 0.04567307692307692
2 0.9879807692307693 0.35096153846153844 0.019230769230769232 0.0673076923076923
2 0.8341346153846154 0.4254807692307692 0.027644230769230768 0.10096153846153846
0 0.9939903846153846 0.4807692307692308 0.007211538461538462 0.04807692307692308
4 0.9855769230769231 0.5661057692307693 0.02403846153846154 0.0985576923076923
2 0.8954326923076923 0.6165865384615384 0.036057692307692304 0.11658653846153846
4 0.9495192307692307 0.6237980769230769 0.038461538461538464 0.10336538461538461
1 0.6550480769230769 0.6346153846153846 0.026442307692307692 0.08173076923076923
1 0.18990384615384615 0.7704326923076923 0.015625 0.04567307692307692
4 0.12860576923076922 0.7752403846153846 0.026442307692307692 0.06610576923076923
4 0.13942307692307693 0.890625 0.02403846153846154 0.0673076923076923
1 0.2848557692307692 0.890625 0.01201923076923077 0.054086538461538464
4 0.6850961538461539 0.6899038461538461 0.019230769230769232 0.02403846153846154
1 0.7355769230769231 0.6911057692307693 0.014423076923076924 0.026442307692307692
1 0.7379807692307693 0.7920673076923077 0.013221153846153846 0.056490384615384616
4 0.5300480769230769 0.8689903846153846 0.014423076923076924 0.0673076923076923
1 0.9435096153846154 0.9014423076923077 0.013221153846153846 0.06490384615384616
1 0.9387019230769231 0.9014423076923077 0.015625 0.06971153846153846
3 0.5336538461538461 0.9014423076923077 0.020432692307692308 0.09014423076923077
2 0.7596153846153846 0.9146634615384616 0.016826923076923076 0.05889423076923077
0 0.6225961538461539 0.9302884615384616 0.027644230769230768 0.04807692307692308
4 0.5108173076923077 0.9591346153846154 0.019230769230769232 0.06610576923076923
2 0.734375 0.9783653846153846 0.026442307692307692 0.038461538461538464