1 0.2283653846153846 0.203125 0.018028846153846152 0.10697115384615384
4 0.5144230769230769 0.21875 0.027644230769230768 0.06971153846153846
1 0.0985576923076923 0.3557692307692308 0.021634615384615384 0.10697115384615384
4 0.6189903846153846 0.39903846153846156 0.016826923076923076 0.09615384615384616
2 0.36177884615384615 0.4495192307692308 0.028846153846153848 0.109375
0 0.578125 0.48197115384615385 0.03245192307692308 0.055288461538461536
2 0.40384615384615385 0.5444711538461539 0.028846153846153848 0.10336538461538461
1 0.265625 0.5637019230769231 0.026442307692307692 0.06490384615384616
4 0.46875 0.08413461538461539 0.027644230769230768 0.08052884615384616
1 0.22716346153846154 0.0985576923076923 0.021634615384615384 0.078125
1 0.9459134615384616 0.09014423076923077 0.028846153846153848 0.03245192307692308
4 0.9038461538461539 0.11899038461538461 0.03125 0.09134615384615384
2 0.9663461538461539 0.14543269230769232 0.03245192307692308 0.09735576923076923
4 0.8569711538461539 0.18028846153846154 0.026442307692307692 0.0829326923076923
4 0.7764423076923077 0.2439903846153846 0.02283653846153846 0.10096153846153846
0 0.9387019230769231 0.27283653846153844 0.040865384615384616 0.037259615384615384
3 0.8004807692307693 0.28365384615384615 0.027644230769230768 0.11177884615384616
4 0.9170673076923077 0.4891826923076923 0.021634615384615384 0.12379807692307693
4 0.2692307692307692 0.7175480769230769 0.030048076923076924 0.07091346153846154
1 0.6021634615384616 0.8329326923076923 0.019230769230769232 0.08052884615384616
2 0.44471153846153844 0.9326923076923077 0.019230769230769232 0.0829326923076923
3 0.29086538461538464 0.9579326923076923 0.02283653846153846 0.05048076923076923
4 0.109375 0.9615384615384616 0.016826923076923076 0.07211538461538461
0 0.3233173076923077 0.9675480769230769 0.026442307692307692 0.06009615384615385
2 0.4675480769230769 0.9723557692307693 0.026442307692307692 0.05048076923076923
1 0.49158653846153844 0.6850961538461539 0.021634615384615384 0.0673076923076923
2 0.6838942307692307 0.7055288461538461 0.021634615384615384 0.07091346153846154
1 0.8329326923076923 0.7463942307692307 0.018028846153846152 0.08413461538461539
2 0.6935096153846154 0.7932692307692307 0.02283653846153846 0.08052884615384616