1 0.2980769230769231 0.16826923076923078 0.018028846153846152 0.078125
1 0.5540865384615384 0.021634615384615384 0.03125 0.04326923076923077
2 0.9182692307692307 0.03365384615384615 0.03365384615384615 0.0673076923076923
2 0.8653846153846154 0.12139423076923077 0.03125 0.09254807692307693
2 0.9350961538461539 0.2536057692307692 0.046875 0.09254807692307693
1 0.7884615384615384 0.27163461538461536 0.027644230769230768 0.09254807692307693
1 0.84375 0.33774038461538464 0.028846153846153848 0.10336538461538461
2 0.4362980769230769 0.6141826923076923 0.03125 0.01201923076923077
4 0.15144230769230768 0.6802884615384616 0.025240384615384616 0.09375
3 0.35096153846153844 0.6838942307692307 0.02283653846153846 0.05889423076923077
4 0.24158653846153846 0.6959134615384616 0.03125 0.07091346153846154
0 0.38461538461538464 0.7151442307692307 0.026442307692307692 0.0625
4 0.3449519230769231 0.8197115384615384 0.039663461538461536 0.06009615384615385
2 0.4182692307692308 0.8581730769230769 0.02403846153846154 0.07572115384615384
4 0.29086538461538464 0.9579326923076923 0.027644230769230768 0.07932692307692307
1 0.4951923076923077 0.7427884615384616 0.019230769230769232 0.10216346153846154
2 0.9591346153846154 0.7908653846153846 0.021634615384615384 0.06850961538461539
1 0.7079326923076923 0.9831730769230769 0.021634615384615384 0.028846153846153848