1 0.36658653846153844 0.007211538461538462 0.016826923076923076 0.014423076923076924
2 0.12379807692307693 0.01201923076923077 0.026442307692307692 0.02403846153846154
0 0.039663461538461536 0.03365384615384615 0.02403846153846154 0.03245192307692308
2 0.1502403846153846 0.03485576923076923 0.020432692307692308 0.06850961538461539
4 0.039663461538461536 0.13341346153846154 0.014423076923076924 0.0889423076923077
2 0.18269230769230768 0.15745192307692307 0.015625 0.09014423076923077
1 0.30528846153846156 0.25600961538461536 0.019230769230769232 0.09014423076923077
4 0.12980769230769232 0.30649038461538464 0.027644230769230768 0.07692307692307693
1 0.43990384615384615 0.3942307692307692 0.016826923076923076 0.08653846153846154
4 0.2439903846153846 0.45552884615384615 0.030048076923076924 0.07091346153846154
1 0.9242788461538461 0.1045673076923077 0.021634615384615384 0.10697115384615384
1 0.6189903846153846 0.15264423076923078 0.025240384615384616 0.09975961538461539
1 0.9927884615384616 0.20673076923076922 0.009615384615384616 0.11057692307692307
1 0.9146634615384616 0.32572115384615385 0.019230769230769232 0.11057692307692307
2 0.22596153846153846 0.5612980769230769 0.019230769230769232 0.05889423076923077
4 0.06971153846153846 0.5661057692307693 0.030048076923076924 0.03485576923076923
2 0.22235576923076922 0.6286057692307693 0.025240384615384616 0.07692307692307693
3 0.07091346153846154 0.6394230769230769 0.025240384615384616 0.0625
0 0.1045673076923077 0.6538461538461539 0.02403846153846154 0.046875
1 0.19471153846153846 0.7536057692307693 0.018028846153846152 0.09975961538461539
1 0.6298076923076923 0.5360576923076923 0.02403846153846154 0.052884615384615384
2 0.7644230769230769 0.5408653846153846 0.028846153846153848 0.0625
0 0.9807692307692307 0.6442307692307693 0.026442307692307692 0.056490384615384616
2 0.8377403846153846 0.6574519230769231 0.03125 0.0889423076923077
1 0.6935096153846154 0.7091346153846154 0.028846153846153848 0.09254807692307693
1 0.9110576923076923 0.7512019230769231 0.021634615384615384 0.10096153846153846
1 0.7367788461538461 0.8233173076923077 0.025240384615384616 0.09975961538461539
1 0.9134615384615384 0.9314903846153846 0.027644230769230768 0.1045673076923077