1 0.2644230769230769 0.02403846153846154 0.014423076923076924 0.04807692307692308
1 0.11057692307692307 0.078125 0.018028846153846152 0.05889423076923077
2 0.025240384615384616 0.1778846153846154 0.026442307692307692 0.06490384615384616
2 0.1045673076923077 0.24639423076923078 0.021634615384615384 0.07091346153846154
1 0.2536057692307692 0.28725961538461536 0.018028846153846152 0.08413461538461539
2 0.1141826923076923 0.33413461538461536 0.02283653846153846 0.08052884615384616
1 0.9326923076923077 0.052884615384615384 0.02403846153846154 0.10576923076923077
2 0.6730769230769231 0.11658653846153846 0.03365384615384615 0.09375
2 0.6213942307692307 0.15264423076923078 0.04567307692307692 0.0829326923076923
0 0.5600961538461539 0.18028846153846154 0.03245192307692308 0.054086538461538464
1 0.7560096153846154 0.32091346153846156 0.028846153846153848 0.12259615384615384
4 0.6237980769230769 0.3449519230769231 0.046875 0.09975961538461539
1 0.9302884615384616 0.4182692307692308 0.040865384615384616 0.12259615384615384
4 0.6622596153846154 0.4639423076923077 0.03365384615384615 0.1045673076923077
1 0.9867788461538461 0.546875 0.021634615384615384 0.10817307692307693
4 0.7319711538461539 0.6105769230769231 0.04567307692307692 0.09134615384615384
0 0.01201923076923077 0.671875 0.02403846153846154 0.026442307692307692
2 0.15865384615384615 0.6887019230769231 0.028846153846153848 0.06009615384615385
1 0.21153846153846154 0.8798076923076923 0.019230769230769232 0.09134615384615384
4 0.015625 0.8930288461538461 0.03125 0.0889423076923077
1 0.2283653846153846 0.9723557692307693 0.02403846153846154 0.05048076923076923
3 0.8221153846153846 0.6850961538461539 0.02403846153846154 0.052884615384615384
0 0.6814903846153846 0.6826923076923077 0.03125 0.04807692307692308
2 0.5048076923076923 0.7319711538461539 0.009615384615384616 0.11778846153846154
1 0.6418269230769231 0.8137019230769231 0.027644230769230768 0.11177884615384616
4 0.7079326923076923 0.8185096153846154 0.038461538461538464 0.08774038461538461
4 0.7427884615384616 0.9543269230769231 0.028846153846153848 0.08653846153846154
1 0.6430288461538461 0.9615384615384616 0.026442307692307692 0.07211538461538461