4 0.052884615384615384 0.18509615384615385 0.020432692307692308 0.05048076923076923
2 0.11658653846153846 0.18509615384615385 0.021634615384615384 0.06490384615384616
1 0.3762019230769231 0.203125 0.019230769230769232 0.07211538461538461
2 0.18870192307692307 0.2536057692307692 0.025240384615384616 0.0625
0 0.06971153846153846 0.2860576923076923 0.03365384615384615 0.04567307692307692
2 0.17908653846153846 0.33533653846153844 0.025240384615384616 0.07692307692307693
2 0.11298076923076923 0.4423076923076923 0.015625 0.1045673076923077
1 0.30528846153846156 0.47596153846153844 0.021634615384615384 0.08413461538461539
4 0.12259615384615384 0.009615384615384616 0.02403846153846154 0.019230769230769232
1 0.17908653846153846 0.016826923076923076 0.021634615384615384 0.03365384615384615
1 0.7427884615384616 0.21394230769230768 0.027644230769230768 0.07692307692307693
1 0.7944711538461539 0.29927884615384615 0.020432692307692308 0.07091346153846154
4 0.8461538461538461 0.3004807692307692 0.027644230769230768 0.07091346153846154
2 0.7860576923076923 0.3485576923076923 0.025240384615384616 0.05889423076923077
2 0.6514423076923077 0.3641826923076923 0.027644230769230768 0.08173076923076923
4 0.8497596153846154 0.3762019230769231 0.03125 0.0733173076923077
4 0.8762019230769231 0.4254807692307692 0.026442307692307692 0.054086538461538464
0 0.7848557692307693 0.45072115384615385 0.026442307692307692 0.04807692307692308
3 0.8076923076923077 0.4639423076923077 0.019230769230769232 0.0829326923076923
2 0.6069711538461539 0.46875 0.016826923076923076 0.07692307692307693
4 0.9639423076923077 0.4855769230769231 0.020432692307692308 0.08653846153846154
2 0.7091346153846154 0.5444711538461539 0.028846153846153848 0.04567307692307692
4 0.42908653846153844 0.7019230769230769 0.018028846153846152 0.09375
4 0.3016826923076923 0.7512019230769231 0.020432692307692308 0.08533653846153846
3 0.2764423076923077 0.7764423076923077 0.016826923076923076 0.09735576923076923
0 0.41947115384615385 0.8233173076923077 0.02403846153846154 0.05889423076923077
4 0.3762019230769231 0.9579326923076923 0.036057692307692304 0.07932692307692307
0 0.8173076923076923 0.8173076923076923 0.037259615384615384 0.06971153846153846
2 0.6899038461538461 0.859375 0.019230769230769232 0.09134615384615384
4 0.9399038461538461 0.8834134615384616 0.040865384615384616 0.10576923076923077
1 0.6045673076923077 0.9651442307692307 0.01201923076923077 0.06490384615384616
1 0.8149038461538461 0.6911057692307693 0.027644230769230768 0.078125
1 0.6526442307692307 0.7319711538461539 0.036057692307692304 0.09735576923076923
4 0.9350961538461539 0.7632211538461539 0.020432692307692308 0.04447115384615385
2 0.7427884615384616 0.7872596153846154 0.030048076923076924 0.042067307692307696
3 0.9639423076923077 0.8137019230769231 0.03125 0.078125