4 0.3076923076923077 0.22115384615384615 0.019230769230769232 0.052884615384615384
4 0.1466346153846154 0.2980769230769231 0.020432692307692308 0.07451923076923077
3 0.22716346153846154 0.3016826923076923 0.02283653846153846 0.0829326923076923
0 0.3137019230769231 0.32211538461538464 0.007211538461538462 0.04807692307692308
1 0.4579326923076923 0.24879807692307693 0.027644230769230768 0.06850961538461539
4 0.4014423076923077 0.25 0.03125 0.0829326923076923
2 0.5528846153846154 0.28966346153846156 0.02403846153846154 0.07932692307692307
1 0.7848557692307693 0.34615384615384615 0.025240384615384616 0.09134615384615384
4 0.32572115384615385 0.38100961538461536 0.01201923076923077 0.06971153846153846
0 0.4639423076923077 0.43149038461538464 0.03125 0.056490384615384616
3 0.328125 0.43149038461538464 0.016826923076923076 0.06971153846153846
4 0.12379807692307693 0.6574519230769231 0.025240384615384616 0.09134615384615384
0 0.2932692307692308 0.6802884615384616 0.03245192307692308 0.054086538461538464
3 0.1622596153846154 0.6959134615384616 0.02403846153846154 0.11057692307692307
1 0.22956730769230768 0.4795673076923077 0.040865384615384616 0.021634615384615384
4 0.15144230769230768 0.4831730769230769 0.038461538461538464 0.028846153846153848
4 0.5216346153846154 0.5252403846153846 0.02403846153846154 0.09375
1 0.7848557692307693 0.5949519230769231 0.02403846153846154 0.08774038461538461
4 0.4639423076923077 0.7091346153846154 0.02403846153846154 0.10096153846153846
1 0.5985576923076923 0.7415865384615384 0.02403846153846154 0.109375
4 0.3858173076923077 0.7920673076923077 0.019230769230769232 0.05889423076923077
2 0.5408653846153846 0.8052884615384616 0.025240384615384616 0.10336538461538461
1 0.9591346153846154 0.8161057692307693 0.019230769230769232 0.11899038461538461
2 0.47596153846153844 0.8221153846153846 0.040865384615384616 0.08653846153846154
0 0.39783653846153844 0.9651442307692307 0.036057692307692304 0.06490384615384616
2 0.5612980769230769 0.9723557692307693 0.026442307692307692 0.05048076923076923