1 0.08052884615384616 0.027644230769230768 0.016826923076923076 0.055288461538461536
2 0.06850961538461539 0.056490384615384616 0.014423076923076924 0.051682692307692304
2 0.15384615384615385 0.1201923076923077 0.010817307692307692 0.0625
1 0.32572115384615385 0.12139423076923077 0.01201923076923077 0.06129807692307692
0 0.05048076923076923 0.14783653846153846 0.021634615384615384 0.037259615384615384
2 0.1935096153846154 0.20432692307692307 0.02283653846153846 0.06610576923076923
4 0.015625 0.21995192307692307 0.025240384615384616 0.0733173076923077
1 0.3786057692307692 0.27403846153846156 0.018028846153846152 0.07091346153846154
4 0.07211538461538461 0.3581730769230769 0.02403846153846154 0.014423076923076924
0 0.6802884615384616 0.016826923076923076 0.02403846153846154 0.03365384615384615
2 0.7199519230769231 0.038461538461538464 0.016826923076923076 0.07692307692307693
1 0.6430288461538461 0.19471153846153846 0.02403846153846154 0.09014423076923077
1 0.39903846153846156 0.7079326923076923 0.015625 0.052884615384615384
4 0.4699519230769231 0.7127403846153846 0.03245192307692308 0.0733173076923077
1 0.19951923076923078 0.7235576923076923 0.020432692307692308 0.06490384615384616
4 0.4182692307692308 0.7427884615384616 0.026442307692307692 0.07211538461538461
2 0.3004807692307692 0.7572115384615384 0.026442307692307692 0.056490384615384616
2 0.2536057692307692 0.7860576923076923 0.014423076923076924 0.0733173076923077
2 0.24519230769230768 0.8040865384615384 0.021634615384615384 0.046875
0 0.3293269230769231 0.8245192307692307 0.02403846153846154 0.046875
4 0.4567307692307692 0.8389423076923077 0.030048076923076924 0.07451923076923077
3 0.4266826923076923 0.8557692307692307 0.021634615384615384 0.08413461538461539
1 0.11538461538461539 0.9026442307692307 0.027644230769230768 0.07211538461538461
4 0.21394230769230768 0.9663461538461539 0.03365384615384615 0.0625
1 0.7860576923076923 0.3954326923076923 0.019230769230769232 0.055288461538461536
2 0.9098557692307693 0.4495192307692308 0.019230769230769232 0.07932692307692307
2 0.90625 0.5372596153846154 0.02403846153846154 0.07451923076923077
1 0.6442307692307693 0.6971153846153846 0.03245192307692308 0.11177884615384616
1 0.7920673076923077 0.9375 0.03125 0.1201923076923077