1 0.03485576923076923 0.03485576923076923 0.026442307692307692 0.06971153846153846
2 0.15384615384615385 0.10697115384615384 0.027644230769230768 0.09975961538461539
0 0.2692307692307692 0.12860576923076922 0.019230769230769232 0.06370192307692307
2 0.16826923076923078 0.17908653846153846 0.030048076923076924 0.09254807692307693
4 0.29927884615384615 0.24759615384615385 0.037259615384615384 0.09735576923076923
1 0.14903846153846154 0.31490384615384615 0.03125 0.0985576923076923
4 0.3449519230769231 0.3329326923076923 0.037259615384615384 0.10336538461538461
1 0.16947115384615385 0.47836538461538464 0.036057692307692304 0.09615384615384616
4 0.3425480769230769 0.484375 0.04567307692307692 0.08413461538461539
3 0.5336538461538461 0.03365384615384615 0.019230769230769232 0.0673076923076923
0 0.6911057692307693 0.037259615384615384 0.036057692307692304 0.07451923076923077
2 0.7800480769230769 0.07572115384615384 0.02403846153846154 0.09975961538461539
4 0.49038461538461536 0.09254807692307693 0.025240384615384616 0.10697115384615384
4 0.6274038461538461 0.25961538461538464 0.039663461538461536 0.10336538461538461
4 0.5673076923076923 0.28966346153846156 0.03125 0.09735576923076923
1 0.6983173076923077 0.29086538461538464 0.03245192307692308 0.10336538461538461
1 0.8100961538461539 0.359375 0.03125 0.11177884615384616
2 0.19230769230769232 0.5709134615384616 0.028846153846153848 0.08413461538461539
2 0.22355769230769232 0.6478365384615384 0.027644230769230768 0.11177884615384616
2 0.23317307692307693 0.7572115384615384 0.025240384615384616 0.13581730769230768
2 0.65625 0.5661057692307693 0.03365384615384615 0.07451923076923077
4 0.765625 0.5540865384615384 0.052884615384615384 0.046875
1 0.4567307692307692 0.5769230769230769 0.028846153846153848 0.09615384615384616
2 0.6346153846153846 0.5805288461538461 0.038461538461538464 0.10336538461538461
4 0.7608173076923077 0.59375 0.04567307692307692 0.042067307692307696
3 0.8016826923076923 0.703125 0.03485576923076923 0.07692307692307693
2 0.5637019230769231 0.7175480769230769 0.02403846153846154 0.13942307692307693
0 0.7572115384615384 0.7319711538461539 0.040865384615384616 0.10336538461538461
1 0.5853365384615384 0.8365384615384616 0.03485576923076923 0.15865384615384615
1 0.7067307692307693 0.8834134615384616 0.020432692307692308 0.15384615384615385
4 0.8293269230769231 0.8918269230769231 0.052884615384615384 0.09375
2 0.7512019230769231 0.9098557692307693 0.03245192307692308 0.11538461538461539