2 0.4050480769230769 0.02403846153846154 0.040865384615384616 0.04807692307692308
0 0.4807692307692308 0.0733173076923077 0.046875 0.06610576923076923
2 0.40625 0.2403846153846154 0.037259615384615384 0.12740384615384615
0 0.7788461538461539 0.013221153846153846 0.028846153846153848 0.026442307692307692
3 0.8016826923076923 0.028846153846153848 0.021634615384615384 0.057692307692307696
2 0.5961538461538461 0.028846153846153848 0.02403846153846154 0.057692307692307696
4 0.9567307692307693 0.040865384615384616 0.02403846153846154 0.08173076923076923
2 0.7019230769230769 0.11177884615384616 0.025240384615384616 0.07932692307692307
4 0.6959134615384616 0.27524038461538464 0.027644230769230768 0.0829326923076923
4 0.41466346153846156 0.3701923076923077 0.036057692307692304 0.08173076923076923
4 0.3641826923076923 0.4050480769230769 0.03245192307692308 0.10576923076923077
1 0.5228365384615384 0.43149038461538464 0.02283653846153846 0.11177884615384616
2 0.4423076923076923 0.43509615384615385 0.03365384615384615 0.09975961538461539
4 0.10216346153846154 0.5552884615384616 0.025240384615384616 0.11057692307692307
3 0.3076923076923077 0.5625 0.020432692307692308 0.07572115384615384
0 0.34615384615384615 0.5997596153846154 0.03125 0.08052884615384616
2 0.5384615384615384 0.6213942307692307 0.030048076923076924 0.1346153846153846
4 0.22716346153846154 0.7067307692307693 0.030048076923076924 0.10576923076923077
2 0.48677884615384615 0.7524038461538461 0.030048076923076924 0.12980769230769232
4 0.24879807692307693 0.7740384615384616 0.040865384615384616 0.11899038461538461
2 0.31009615384615385 0.8112980769230769 0.030048076923076924 0.12139423076923077
1 0.9519230769230769 0.4579326923076923 0.019230769230769232 0.07932692307692307
2 0.8605769230769231 0.5144230769230769 0.026442307692307692 0.046875
4 0.7728365384615384 0.5252403846153846 0.025240384615384616 0.05889423076923077
2 0.9651442307692307 0.5733173076923077 0.019230769230769232 0.07091346153846154
4 0.7043269230769231 0.5829326923076923 0.02403846153846154 0.054086538461538464
0 0.8509615384615384 0.6502403846153846 0.03485576923076923 0.054086538461538464
3 0.7067307692307693 0.6598557692307693 0.019230769230769232 0.1141826923076923
2 0.9783653846153846 0.6598557692307693 0.020432692307692308 0.09615384615384616
4 0.7235576923076923 0.7223557692307693 0.021634615384615384 0.08413461538461539
2 0.9050480769230769 0.75 0.028846153846153848 0.07091346153846154
4 0.8954326923076923 0.9615384615384616 0.04567307692307692 0.07211538461538461