0 0.32211538461538464 0.19230769230769232 0.026442307692307692 0.06971153846153846
4 0.1778846153846154 0.20552884615384615 0.019230769230769232 0.09134615384615384
4 0.23557692307692307 0.25721153846153844 0.02403846153846154 0.09495192307692307
4 0.13822115384615385 0.4807692307692308 0.020432692307692308 0.1141826923076923
1 0.16947115384615385 0.6862980769230769 0.036057692307692304 0.06009615384615385
4 0.07692307692307693 0.6947115384615384 0.04326923076923077 0.04326923076923077
4 0.328125 0.1141826923076923 0.030048076923076924 0.046875
3 0.1875 0.14302884615384615 0.020432692307692308 0.07211538461538461
4 0.4675480769230769 0.16105769230769232 0.030048076923076924 0.07932692307692307
1 0.5805288461538461 0.16466346153846154 0.021634615384615384 0.09495192307692307
4 0.38221153846153844 0.36177884615384615 0.028846153846153848 0.05048076923076923
2 0.47716346153846156 0.39783653846153844 0.030048076923076924 0.08052884615384616
4 0.3870192307692308 0.4098557692307692 0.038461538461538464 0.036057692307692304
1 0.609375 0.4230769230769231 0.016826923076923076 0.11177884615384616
4 0.4182692307692308 0.44471153846153844 0.02403846153846154 0.06971153846153846
1 0.9615384615384616 0.4483173076923077 0.015625 0.09975961538461539
2 0.5697115384615384 0.47596153846153844 0.02283653846153846 0.09134615384615384
3 0.3762019230769231 0.5060096153846154 0.016826923076923076 0.08413461538461539
0 0.40384615384615385 0.5372596153846154 0.027644230769230768 0.06971153846153846
2 0.5889423076923077 0.578125 0.027644230769230768 0.10336538461538461
2 0.43028846153846156 0.6394230769230769 0.02403846153846154 0.11177884615384616
1 0.5060096153846154 0.6694711538461539 0.021634615384615384 0.09375
4 0.23918269230769232 0.7668269230769231 0.03365384615384615 0.09375
4 0.3545673076923077 0.7920673076923077 0.021634615384615384 0.0889423076923077
3 0.3545673076923077 0.8389423076923077 0.02403846153846154 0.12860576923076922
0 0.18870192307692307 0.8497596153846154 0.03245192307692308 0.055288461538461536
2 0.013221153846153846 0.9194711538461539 0.026442307692307692 0.11658653846153846
1 0.38221153846153844 0.9495192307692307 0.028846153846153848 0.09615384615384616
4 0.6899038461538461 0.9759615384615384 0.028846153846153848 0.04326923076923077