4 0.3389423076923077 0.27884615384615385 0.025240384615384616 0.08052884615384616
1 0.4891826923076923 0.328125 0.020432692307692308 0.0889423076923077
3 0.13341346153846154 0.4411057692307692 0.015625 0.11057692307692307
1 0.671875 0.48197115384615385 0.03125 0.0985576923076923
4 0.0889423076923077 0.484375 0.021634615384615384 0.09134615384615384
0 0.25961538461538464 0.4963942307692308 0.027644230769230768 0.046875
2 0.3918269230769231 0.5120192307692307 0.02403846153846154 0.09735576923076923
2 0.34375 0.5985576923076923 0.021634615384615384 0.10817307692307693
1 0.49038461538461536 0.6334134615384616 0.019230769230769232 0.06490384615384616
4 0.11778846153846154 0.6502403846153846 0.03365384615384615 0.03125
4 0.41466346153846156 0.16826923076923078 0.03125 0.08653846153846154
4 0.4735576923076923 0.17908653846153846 0.02403846153846154 0.09134615384615384
1 0.9375 0.30649038461538464 0.02403846153846154 0.06971153846153846
1 0.8221153846153846 0.38100961538461536 0.025240384615384616 0.08052884615384616
1 0.9867788461538461 0.5036057692307693 0.021634615384615384 0.09375
4 0.11658653846153846 0.6899038461538461 0.036057692307692304 0.04326923076923077
1 0.6033653846153846 0.6923076923076923 0.019230769230769232 0.04807692307692308
2 0.3016826923076923 0.7512019230769231 0.028846153846153848 0.12379807692307693
0 0.051682692307692304 0.8293269230769231 0.03125 0.06370192307692307
2 0.20793269230769232 0.8894230769230769 0.03245192307692308 0.12139423076923077
4 0.7199519230769231 0.7055288461538461 0.03125 0.07451923076923077
3 0.8064903846153846 0.8713942307692307 0.025240384615384616 0.09975961538461539
0 0.6995192307692307 0.8725961538461539 0.019230769230769232 0.04807692307692308