4 0.22115384615384615 0.1875 0.025240384615384616 0.08052884615384616
1 0.3713942307692308 0.23677884615384615 0.020432692307692308 0.0889423076923077
3 0.015625 0.34975961538461536 0.015625 0.11057692307692307
1 0.5564903846153846 0.390625 0.03245192307692308 0.09735576923076923
0 0.14182692307692307 0.4050480769230769 0.027644230769230768 0.046875
2 0.27403846153846156 0.4206730769230769 0.02403846153846154 0.09735576923076923
2 0.22596153846153846 0.5072115384615384 0.021634615384615384 0.10817307692307693
1 0.37259615384615385 0.5552884615384616 0.016826923076923076 0.0889423076923077
4 0.008413461538461538 0.5853365384615384 0.016826923076923076 0.08413461538461539
1 0.040865384615384616 0.6887019230769231 0.028846153846153848 0.055288461538461536
4 0.296875 0.07692307692307693 0.03125 0.08653846153846154
4 0.3557692307692308 0.08774038461538461 0.02403846153846154 0.09134615384615384
1 0.7355769230769231 0.13701923076923078 0.014423076923076924 0.06490384615384616
2 0.984375 0.1502403846153846 0.014423076923076924 0.08052884615384616
2 0.9711538461538461 0.1971153846153846 0.01201923076923077 0.0733173076923077
1 0.9038461538461539 0.359375 0.015625 0.07692307692307693
1 0.9158653846153846 0.5360576923076923 0.020432692307692308 0.08413461538461539
2 0.3112980769230769 0.8233173076923077 0.030048076923076924 0.07451923076923077
1 0.0829326923076923 0.8401442307692307 0.025240384615384616 0.08774038461538461
3 0.5216346153846154 0.8485576923076923 0.03365384615384615 0.07932692307692307
0 0.4182692307692308 0.8774038461538461 0.02283653846153846 0.05048076923076923
2 0.3173076923076923 0.9026442307692307 0.025240384615384616 0.06610576923076923
4 0.49158653846153844 0.9699519230769231 0.036057692307692304 0.055288461538461536
4 0.46153846153846156 0.9771634615384616 0.03365384615384615 0.040865384615384616
2 0.3173076923076923 0.9759615384615384 0.028846153846153848 0.04326923076923077
1 0.7596153846153846 0.7259615384615384 0.02403846153846154 0.014423076923076924
4 0.921875 0.7463942307692307 0.026442307692307692 0.055288461538461536
4 0.8329326923076923 0.7896634615384616 0.02283653846153846 0.046875
2 0.6814903846153846 0.8365384615384616 0.02403846153846154 0.0673076923076923
0 0.8257211538461539 0.8605769230769231 0.02283653846153846 0.028846153846153848
3 0.9675480769230769 0.8954326923076923 0.02403846153846154 0.09735576923076923
2 0.6622596153846154 0.9134615384615384 0.026442307692307692 0.078125
4 0.8725961538461539 0.9543269230769231 0.025240384615384616 0.0829326923076923