3 0.06490384615384616 0.2860576923076923 0.016826923076923076 0.09735576923076923
1 0.5649038461538461 0.3076923076923077 0.020432692307692308 0.10576923076923077
0 0.1971153846153846 0.328125 0.025240384615384616 0.06370192307692307
2 0.27283653846153844 0.33653846153846156 0.025240384615384616 0.08653846153846154
2 0.23197115384615385 0.3557692307692308 0.036057692307692304 0.0625
4 0.328125 0.051682692307692304 0.025240384615384616 0.0829326923076923
1 0.3894230769230769 0.07091346153846154 0.02403846153846154 0.06610576923076923
4 0.23918269230769232 0.15504807692307693 0.03125 0.078125
1 0.4567307692307692 0.18269230769230768 0.020432692307692308 0.11658653846153846
2 0.9783653846153846 0.019230769230769232 0.02403846153846154 0.038461538461538464
2 0.9915865384615384 0.09975961538461539 0.01201923076923077 0.06490384615384616
2 0.9771634615384616 0.21754807692307693 0.025240384615384616 0.05889423076923077
1 0.7115384615384616 0.21995192307692307 0.02403846153846154 0.08413461538461539
1 0.42908653846153844 0.41346153846153844 0.03125 0.04807692307692308
4 0.21394230769230768 0.47836538461538464 0.03245192307692308 0.042067307692307696
2 0.41466346153846156 0.5168269230769231 0.036057692307692304 0.109375
4 0.08173076923076923 0.5276442307692307 0.026442307692307692 0.09014423076923077
3 0.036057692307692304 0.5564903846153846 0.021634615384615384 0.11177884615384616
2 0.38221153846153844 0.6129807692307693 0.037259615384615384 0.11177884615384616
0 0.2091346153846154 0.6189903846153846 0.02403846153846154 0.0625
2 0.30528846153846156 0.7079326923076923 0.028846153846153848 0.109375
1 0.04567307692307692 0.9591346153846154 0.038461538461538464 0.07692307692307693
2 0.9134615384615384 0.45913461538461536 0.052884615384615384 0.06009615384615385
3 0.7932692307692307 0.6033653846153846 0.030048076923076924 0.06850961538461539
2 0.9879807692307693 0.6057692307692307 0.019230769230769232 0.09615384615384616
4 0.7043269230769231 0.6081730769230769 0.009615384615384616 0.08653846153846154
0 0.8401442307692307 0.6165865384615384 0.03125 0.06370192307692307
2 0.9855769230769231 0.7079326923076923 0.02403846153846154 0.11778846153846154
4 0.7800480769230769 0.7620192307692307 0.038461538461538464 0.07091346153846154
4 0.734375 0.7644230769230769 0.025240384615384616 0.11899038461538461
1 0.8737980769230769 0.8389423076923077 0.02283653846153846 0.11538461538461539