2 0.5072115384615384 0.2439903846153846 0.019230769230769232 0.09134615384615384
1 0.3798076923076923 0.2620192307692308 0.030048076923076924 0.11658653846153846
1 0.41466346153846156 0.35697115384615385 0.026442307692307692 0.07932692307692307
1 0.4699519230769231 0.11658653846153846 0.036057692307692304 0.09735576923076923
2 0.5600961538461539 0.171875 0.030048076923076924 0.042067307692307696
2 0.8449519230769231 0.016826923076923076 0.03125 0.03365384615384615
1 0.6237980769230769 0.027644230769230768 0.01201923076923077 0.055288461538461536
0 0.9519230769230769 0.04807692307692308 0.02283653846153846 0.05048076923076923
2 0.8509615384615384 0.0733173076923077 0.025240384615384616 0.06610576923076923
4 0.9879807692307693 0.1658653846153846 0.019230769230769232 0.07692307692307693
2 0.8509615384615384 0.17067307692307693 0.025240384615384616 0.09014423076923077
1 0.9086538461538461 0.24519230769230768 0.02403846153846154 0.08173076923076923
1 0.8052884615384616 0.3389423076923077 0.030048076923076924 0.09014423076923077
1 0.009615384615384616 0.45913461538461536 0.018028846153846152 0.06850961538461539
4 0.10817307692307693 0.4651442307692308 0.021634615384615384 0.0625
4 0.1622596153846154 0.5120192307692307 0.020432692307692308 0.07091346153846154
2 0.018028846153846152 0.5504807692307693 0.016826923076923076 0.07091346153846154
2 0.03245192307692308 0.6057692307692307 0.018028846153846152 0.07451923076923077
3 0.27884615384615385 0.6165865384615384 0.018028846153846152 0.09134615384615384
0 0.16947115384615385 0.6213942307692307 0.019230769230769232 0.0733173076923077
4 0.3473557692307692 0.6454326923076923 0.02283653846153846 0.08173076923076923
4 0.29086538461538464 0.9158653846153846 0.02403846153846154 0.09495192307692307
1 0.20673076923076922 0.9278846153846154 0.019230769230769232 0.09615384615384616
2 0.8545673076923077 0.5673076923076923 0.026442307692307692 0.0889423076923077
0 0.9507211538461539 0.6165865384615384 0.03245192307692308 0.042067307692307696
2 0.8149038461538461 0.6346153846153846 0.026442307692307692 0.09975961538461539
1 0.6334134615384616 0.6454326923076923 0.030048076923076924 0.10576923076923077
4 0.9603365384615384 0.7283653846153846 0.03485576923076923 0.0889423076923077
2 0.7824519230769231 0.7572115384615384 0.03125 0.09975961538461539
4 0.8834134615384616 0.9290865384615384 0.037259615384615384 0.10576923076923077
1 0.984375 0.4230769230769231 0.026442307692307692 0.04807692307692308
1 0.71875 0.5036057692307693 0.025240384615384616 0.0889423076923077