0 0.030048076923076924 0.03125 0.055288461538461536 0.0625
2 0.21995192307692307 0.07091346153846154 0.02403846153846154 0.1141826923076923
4 0.027644230769230768 0.3389423076923077 0.04807692307692308 0.11057692307692307
1 0.11538461538461539 0.3401442307692308 0.037259615384615384 0.08052884615384616
1 0.7043269230769231 0.01201923076923077 0.019230769230769232 0.02403846153846154
1 0.7211538461538461 0.04326923076923077 0.018028846153846152 0.06850961538461539
4 0.8197115384615384 0.04927884615384615 0.021634615384615384 0.0625
4 0.8737980769230769 0.09615384615384616 0.020432692307692308 0.07091346153846154
2 0.7295673076923077 0.1346153846153846 0.016826923076923076 0.07091346153846154
1 0.5228365384615384 0.15384615384615385 0.020432692307692308 0.0733173076923077
2 0.7439903846153846 0.18990384615384615 0.018028846153846152 0.07451923076923077
3 0.9903846153846154 0.20072115384615385 0.018028846153846152 0.09134615384615384
0 0.8810096153846154 0.20552884615384615 0.019230769230769232 0.0733173076923077
1 0.5985576923076923 0.34615384615384615 0.016826923076923076 0.0829326923076923
1 0.14783653846153846 0.5096153846153846 0.026442307692307692 0.0625
2 0.040865384615384616 0.5528846153846154 0.02283653846153846 0.07451923076923077
2 0.12860576923076922 0.8185096153846154 0.02403846153846154 0.07932692307692307
1 0.32572115384615385 0.8365384615384616 0.02403846153846154 0.09375
2 0.12980769230769232 0.9086538461538461 0.015625 0.11177884615384616
1 0.5841346153846154 0.5360576923076923 0.03125 0.09134615384615384
4 0.8545673076923077 0.5492788461538461 0.027644230769230768 0.08052884615384616
4 0.9146634615384616 0.6502403846153846 0.03365384615384615 0.06610576923076923
2 0.7115384615384616 0.7319711538461539 0.027644230769230768 0.11177884615384616
3 0.9134615384615384 0.7824519230769231 0.02403846153846154 0.07932692307692307
0 0.8762019230769231 0.7992788461538461 0.038461538461538464 0.0673076923076923
2 0.71875 0.8413461538461539 0.028846153846153848 0.10576923076923077
4 0.9675480769230769 0.9278846153846154 0.030048076923076924 0.125
2 0.8329326923076923 0.9639423076923077 0.026442307692307692 0.0673076923076923