2 0.24879807692307693 0.1310096153846154 0.037259615384615384 0.1502403846153846
0 0.11057692307692307 0.1814903846153846 0.030048076923076924 0.10336538461538461
2 0.23557692307692307 0.2512019230769231 0.02403846153846154 0.15264423076923078
4 0.109375 0.39903846153846156 0.051682692307692304 0.16346153846153846
2 0.4423076923076923 0.4266826923076923 0.046875 0.17548076923076922
4 0.15384615384615385 0.45913461538461536 0.05889423076923077 0.17548076923076922
4 0.23677884615384615 0.5444711538461539 0.056490384615384616 0.171875
1 0.31971153846153844 0.546875 0.04326923076923077 0.16105769230769232
1 0.04326923076923077 0.014423076923076924 0.038461538461538464 0.028846153846153848
1 0.4230769230769231 0.05048076923076923 0.038461538461538464 0.10096153846153846
2 0.11778846153846154 0.042067307692307696 0.037259615384615384 0.0829326923076923
2 0.9495192307692307 0.3076923076923077 0.037259615384615384 0.09134615384615384
4 0.5985576923076923 0.36778846153846156 0.026442307692307692 0.1045673076923077
3 0.7139423076923077 0.3737980769230769 0.021634615384615384 0.13822115384615385
0 0.8786057692307693 0.41586538461538464 0.04807692307692308 0.078125
4 0.8028846153846154 0.4879807692307692 0.038461538461538464 0.05889423076923077
4 0.8040865384615384 0.5661057692307693 0.040865384615384616 0.11538461538461539
4 0.7680288461538461 0.59375 0.030048076923076924 0.10697115384615384
1 0.890625 0.6189903846153846 0.027644230769230768 0.12740384615384615
2 0.052884615384615384 0.8497596153846154 0.021634615384615384 0.078125
2 0.028846153846153848 0.9675480769230769 0.02403846153846154 0.06009615384615385
2 0.8966346153846154 0.8185096153846154 0.01201923076923077 0.0625
4 0.9891826923076923 0.8221153846153846 0.020432692307692308 0.09615384615384616
1 0.9230769230769231 0.921875 0.019230769230769232 0.09975961538461539