0 0.2932692307692308 0.008413461538461538 0.03365384615384615 0.016826923076923076
2 0.14543269230769232 0.018028846153846152 0.040865384615384616 0.036057692307692304
4 0.4266826923076923 0.052884615384615384 0.04567307692307692 0.10576923076923077
2 0.24519230769230768 0.057692307692307696 0.02403846153846154 0.11538461538461539
1 0.026442307692307692 0.109375 0.02403846153846154 0.1310096153846154
4 0.5036057692307693 0.15264423076923078 0.051682692307692304 0.15504807692307693
1 0.2439903846153846 0.19230769230769232 0.02403846153846154 0.14182692307692307
4 0.578125 0.3581730769230769 0.016826923076923076 0.15865384615384615
1 0.5096153846153846 0.36778846153846156 0.04807692307692308 0.13942307692307693
0 0.8185096153846154 0.21033653846153846 0.021634615384615384 0.021634615384615384
4 0.9951923076923077 0.21995192307692307 0.004807692307692308 0.11298076923076923
3 0.9891826923076923 0.23918269230769232 0.016826923076923076 0.14182692307692307
2 0.5925480769230769 0.27163461538461536 0.007211538461538462 0.14423076923076922
4 0.6959134615384616 0.2824519230769231 0.036057692307692304 0.13341346153846154
4 0.7908653846153846 0.34134615384615385 0.038461538461538464 0.13341346153846154
4 0.6911057692307693 0.3942307692307692 0.040865384615384616 0.08653846153846154
1 0.8341346153846154 0.09254807692307693 0.02403846153846154 0.07451923076923077
4 0.9158653846153846 0.13221153846153846 0.036057692307692304 0.09975961538461539
2 0.7055288461538461 0.1622596153846154 0.019230769230769232 0.10336538461538461
4 0.25240384615384615 0.7331730769230769 0.020432692307692308 0.05048076923076923
2 0.3161057692307692 0.7331730769230769 0.021634615384615384 0.06490384615384616
1 0.5757211538461539 0.7512019230769231 0.019230769230769232 0.07211538461538461
2 0.38822115384615385 0.8016826923076923 0.025240384615384616 0.0625
4 0.0889423076923077 0.8100961538461539 0.020432692307692308 0.07451923076923077
3 0.16947115384615385 0.8137019230769231 0.02283653846153846 0.0829326923076923
0 0.2692307692307692 0.8341346153846154 0.03365384615384615 0.04567307692307692
2 0.3786057692307692 0.8834134615384616 0.025240384615384616 0.07692307692307693
2 0.3125 0.9675480769230769 0.019230769230769232 0.06009615384615385
1 0.5048076923076923 0.9891826923076923 0.02403846153846154 0.016826923076923076
4 0.32211538461538464 0.5372596153846154 0.021634615384615384 0.05889423076923077
1 0.3786057692307692 0.5480769230769231 0.019230769230769232 0.06490384615384616
4 0.671875 0.5733173076923077 0.03245192307692308 0.05889423076923077
1 0.859375 0.5805288461538461 0.025240384615384616 0.09615384615384616
4 0.6850961538461539 0.6201923076923077 0.02403846153846154 0.07572115384615384
1 0.75 0.6274038461538461 0.021634615384615384 0.09615384615384616
1 0.8197115384615384 0.6730769230769231 0.02283653846153846 0.10336538461538461
4 0.6490384615384616 0.6754807692307693 0.03125 0.08653846153846154
2 0.7716346153846154 0.8040865384615384 0.030048076923076924 0.10096153846153846
0 0.625 0.8954326923076923 0.036057692307692304 0.06009615384615385
2 0.6610576923076923 0.9435096153846154 0.036057692307692304 0.07932692307692307