1 0.32091346153846156 0.051682692307692304 0.019230769230769232 0.06129807692307692
4 0.375 0.057692307692307696 0.030048076923076924 0.0733173076923077
2 0.21514423076923078 0.08052884615384616 0.01201923076923077 0.07091346153846154
2 0.19831730769230768 0.11778846153846154 0.019230769230769232 0.06370192307692307
0 0.25961538461538464 0.15144230769230768 0.027644230769230768 0.042067307692307696
2 0.140625 0.15745192307692307 0.025240384615384616 0.0625
4 0.38341346153846156 0.16105769230769232 0.026442307692307692 0.07451923076923077
3 0.3545673076923077 0.18028846153846154 0.021634615384615384 0.09134615384615384
2 0.0733173076923077 0.18028846153846154 0.018028846153846152 0.078125
4 0.234375 0.203125 0.028846153846153848 0.06971153846153846
4 0.3401442307692308 0.20552884615384615 0.02283653846153846 0.08413461538461539
1 0.008413461538461538 0.27884615384615385 0.016826923076923076 0.08173076923076923
4 0.09014423076923077 0.3245192307692308 0.027644230769230768 0.08653846153846154
4 0.6201923076923077 0.021634615384615384 0.028846153846153848 0.04326923076923077
1 0.6766826923076923 0.027644230769230768 0.026442307692307692 0.055288461538461536
4 0.5504807692307693 0.15144230769230768 0.02403846153846154 0.06971153846153846
1 0.6358173076923077 0.16466346153846154 0.02403846153846154 0.078125
2 0.6105769230769231 0.24519230769230768 0.02403846153846154 0.07211538461538461
4 0.5228365384615384 0.24759615384615385 0.02283653846153846 0.05048076923076923
1 0.8798076923076923 0.2692307692307692 0.027644230769230768 0.06850961538461539
0 0.5408653846153846 0.3701923076923077 0.03485576923076923 0.05889423076923077
2 0.5612980769230769 0.46153846153846156 0.03125 0.10336538461538461
1 0.9663461538461539 0.4987980769230769 0.018028846153846152 0.08173076923076923
4 0.4807692307692308 0.5384615384615384 0.02283653846153846 0.09615384615384616
1 0.5336538461538461 0.5552884615384616 0.028846153846153848 0.0625
0 0.3293269230769231 0.5997596153846154 0.04807692307692308 0.021634615384615384
4 0.15985576923076922 0.5985576923076923 0.04567307692307692 0.019230769230769232
4 0.22716346153846154 0.6514423076923077 0.04326923076923077 0.056490384615384616
4 0.16346153846153846 0.6646634615384616 0.03365384615384615 0.1045673076923077
2 0.25721153846153844 0.7283653846153846 0.03485576923076923 0.16947115384615385
1 0.4050480769230769 0.84375 0.036057692307692304 0.13701923076923078
4 0.6478365384615384 0.7067307692307693 0.028846153846153848 0.10697115384615384
1 0.6959134615384616 0.7163461538461539 0.03365384615384615 0.10096153846153846
4 0.5865384615384616 0.796875 0.03125 0.054086538461538464
4 0.46033653846153844 0.8185096153846154 0.021634615384615384 0.055288461538461536
2 0.8125 0.8389423076923077 0.030048076923076924 0.10336538461538461
3 0.453125 0.8990384615384616 0.007211538461538462 0.12980769230769232
2 0.7956730769230769 0.9326923076923077 0.03485576923076923 0.1201923076923077
0 0.6081730769230769 0.9387019230769231 0.030048076923076924 0.07451923076923077