3 0.2980769230769231 0.015625 0.028846153846153848 0.03125
4 0.3329326923076923 0.037259615384615384 0.026442307692307692 0.07451923076923077
1 0.6490384615384616 0.11538461538461539 0.014423076923076924 0.09134615384615384
4 0.59375 0.1346153846153846 0.03365384615384615 0.1141826923076923
1 0.8689903846153846 0.1935096153846154 0.021634615384615384 0.06490384615384616
4 0.6117788461538461 0.3161057692307692 0.038461538461538464 0.09134615384615384
2 0.4110576923076923 0.3173076923076923 0.030048076923076924 0.11057692307692307
1 0.15865384615384615 0.390625 0.02403846153846154 0.11899038461538461
2 0.41225961538461536 0.5024038461538461 0.025240384615384616 0.11899038461538461
0 0.5745192307692307 0.6069711538461539 0.025240384615384616 0.0829326923076923
2 0.45552884615384615 0.6526442307692307 0.02403846153846154 0.13581730769230768
1 0.2283653846153846 0.7319711538461539 0.027644230769230768 0.12740384615384615
1 0.5300480769230769 0.8689903846153846 0.016826923076923076 0.06971153846153846
4 0.6009615384615384 0.875 0.020432692307692308 0.052884615384615384
4 0.6033653846153846 0.2620192307692308 0.04807692307692308 0.0673076923076923
1 0.31490384615384615 0.2668269230769231 0.02403846153846154 0.07692307692307693
4 0.7211538461538461 0.33052884615384615 0.021634615384615384 0.0733173076923077
1 0.7644230769230769 0.3389423076923077 0.02403846153846154 0.07091346153846154
4 0.7007211538461539 0.41586538461538464 0.02403846153846154 0.0829326923076923
2 0.8533653846153846 0.42788461538461536 0.02403846153846154 0.07451923076923077
2 0.9038461538461539 0.5240384615384616 0.027644230769230768 0.0829326923076923
0 0.7608173076923077 0.5300480769230769 0.026442307692307692 0.052884615384615384
4 0.7800480769230769 0.7079326923076923 0.027644230769230768 0.10576923076923077
2 0.9651442307692307 0.7115384615384616 0.03245192307692308 0.09254807692307693
4 0.765625 0.8834134615384616 0.030048076923076924 0.10817307692307693