4 0.2860576923076923 0.10336538461538461 0.02403846153846154 0.07451923076923077
1 0.12620192307692307 0.13581730769230768 0.016826923076923076 0.08653846153846154
4 0.3076923076923077 0.19951923076923078 0.03485576923076923 0.0733173076923077
1 0.14903846153846154 0.23317307692307693 0.025240384615384616 0.09495192307692307
2 0.21754807692307693 0.2932692307692308 0.02283653846153846 0.09014423076923077
3 0.49038461538461536 0.3088942307692308 0.014423076923076924 0.10336538461538461
0 0.3713942307692308 0.3317307692307692 0.03125 0.06129807692307692
2 0.23677884615384615 0.38341346153846156 0.03245192307692308 0.0985576923076923
1 0.2608173076923077 0.44471153846153844 0.03125 0.0625
4 0.48677884615384615 0.4567307692307692 0.021634615384615384 0.038461538461538464
1 0.6141826923076923 0.12620192307692307 0.021634615384615384 0.10336538461538461
2 0.8293269230769231 0.14783653846153846 0.02403846153846154 0.10817307692307693
4 0.9879807692307693 0.16826923076923078 0.019230769230769232 0.07692307692307693
4 0.9615384615384616 0.18389423076923078 0.03485576923076923 0.036057692307692304
1 0.6454326923076923 0.2091346153846154 0.02403846153846154 0.1141826923076923
2 0.8617788461538461 0.25240384615384615 0.02403846153846154 0.09495192307692307
3 0.9855769230769231 0.26802884615384615 0.02403846153846154 0.0889423076923077
0 0.9519230769230769 0.3016826923076923 0.04326923076923077 0.06971153846153846
2 0.8353365384615384 0.3485576923076923 0.025240384615384616 0.1141826923076923
1 0.6454326923076923 0.41225961538461536 0.03245192307692308 0.1141826923076923
4 0.2608173076923077 0.5600961538461539 0.030048076923076924 0.042067307692307696
2 0.4110576923076923 0.6129807692307693 0.021634615384615384 0.08052884615384616
4 0.09375 0.6430288461538461 0.014423076923076924 0.08052884615384616
3 0.1778846153846154 0.6514423076923077 0.02403846153846154 0.09134615384615384
0 0.2704326923076923 0.6850961538461539 0.030048076923076924 0.046875
2 0.40625 0.7091346153846154 0.025240384615384616 0.0889423076923077
4 0.19471153846153846 0.8990384615384616 0.026442307692307692 0.09134615384615384
1 0.34134615384615385 0.9242788461538461 0.025240384615384616 0.10336538461538461
2 0.984375 0.5108173076923077 0.026442307692307692 0.06490384615384616
4 0.8064903846153846 0.5913461538461539 0.027644230769230768 0.08413461538461539
4 0.8125 0.7283653846153846 0.02283653846153846 0.0829326923076923
1 0.9134615384615384 0.7548076923076923 0.027644230769230768 0.09014423076923077
4 0.7980769230769231 0.8401442307692307 0.025240384615384616 0.07932692307692307