1 0.4050480769230769 0.009615384615384616 0.03125 0.019230769230769232
4 0.004807692307692308 0.013221153846153846 0.009615384615384616 0.026442307692307692
2 0.2860576923076923 0.036057692307692304 0.028846153846153848 0.07211538461538461
0 0.14302884615384615 0.03485576923076923 0.026442307692307692 0.052884615384615384
3 0.016826923076923076 0.04447115384615385 0.02403846153846154 0.0889423076923077
1 0.5600961538461539 0.16466346153846154 0.025240384615384616 0.10697115384615384
4 0.1622596153846154 0.2127403846153846 0.027644230769230768 0.10576923076923077
2 0.3473557692307692 0.21634615384615385 0.03245192307692308 0.09254807692307693
1 0.3942307692307692 0.35336538461538464 0.037259615384615384 0.09495192307692307
4 0.14783653846153846 0.38822115384615385 0.030048076923076924 0.10817307692307693
1 0.7319711538461539 0.03125 0.013221153846153846 0.04807692307692308
4 0.8822115384615384 0.039663461538461536 0.020432692307692308 0.054086538461538464
2 0.7848557692307693 0.08052884615384616 0.01201923076923077 0.04567307692307692
3 0.9735576923076923 0.14783653846153846 0.02283653846153846 0.054086538461538464
2 0.796875 0.15745192307692307 0.01201923076923077 0.0625
0 0.8834134615384616 0.17427884615384615 0.02283653846153846 0.0625
4 0.9735576923076923 0.22115384615384615 0.02283653846153846 0.056490384615384616
1 0.7884615384615384 0.38100961538461536 0.021634615384615384 0.0625
4 0.9158653846153846 0.44591346153846156 0.038461538461538464 0.08533653846153846
4 0.6370192307692307 0.5673076923076923 0.019230769230769232 0.019230769230769232
3 0.6538461538461539 0.5985576923076923 0.02403846153846154 0.08173076923076923
2 0.4483173076923077 0.5985576923076923 0.02283653846153846 0.06850961538461539
0 0.5408653846153846 0.6213942307692307 0.03245192307692308 0.0625
4 0.5973557692307693 0.7704326923076923 0.025240384615384616 0.07932692307692307
2 0.5180288461538461 0.78125 0.019230769230769232 0.0625
1 0.18870192307692307 0.8581730769230769 0.016826923076923076 0.09134615384615384
4 0.6478365384615384 0.8617788461538461 0.02403846153846154 0.08173076923076923
1 0.5132211538461539 0.8713942307692307 0.02283653846153846 0.0625
4 0.9591346153846154 0.6117788461538461 0.028846153846153848 0.06850961538461539
3 0.8317307692307693 0.7788461538461539 0.018028846153846152 0.0985576923076923
0 0.9603365384615384 0.7920673076923077 0.03125 0.0733173076923077
4 0.9002403846153846 0.9242788461538461 0.02403846153846154 0.09254807692307693
4 0.9326923076923077 0.9699519230769231 0.038461538461538464 0.055288461538461536