4 0.22235576923076922 0.15745192307692307 0.02403846153846154 0.06129807692307692
4 0.27524038461538464 0.19831730769230768 0.025240384615384616 0.06490384615384616
3 0.31009615384615385 0.39783653846153844 0.014423076923076924 0.10817307692307693
4 0.6766826923076923 0.04447115384615385 0.026442307692307692 0.042067307692307696
1 0.8786057692307693 0.07091346153846154 0.015625 0.1045673076923077
4 0.6670673076923077 0.109375 0.021634615384615384 0.09615384615384616
1 0.9831730769230769 0.18870192307692307 0.02403846153846154 0.1141826923076923
2 0.8942307692307693 0.19471153846153846 0.02283653846153846 0.1045673076923077
3 0.48197115384615385 0.21033653846153846 0.030048076923076924 0.11658653846153846
0 0.7115384615384616 0.26322115384615385 0.03485576923076923 0.07091346153846154
2 0.8269230769230769 0.30288461538461536 0.026442307692307692 0.11658653846153846
4 0.6334134615384616 0.33653846153846156 0.020432692307692308 0.08533653846153846
1 0.8245192307692307 0.43028846153846156 0.03245192307692308 0.12740384615384615
4 0.6490384615384616 0.453125 0.028846153846153848 0.11658653846153846
1 0.8822115384615384 0.5012019230769231 0.02403846153846154 0.0889423076923077
2 0.1466346153846154 0.5829326923076923 0.02403846153846154 0.06971153846153846
2 0.18028846153846154 0.6189903846153846 0.07211538461538461 0.14182692307692307
4 0.31009615384615385 0.6201923076923077 0.014423076923076924 0.12980769230769232
1 0.19831730769230768 0.6358173076923077 0.02403846153846154 0.13581730769230768
1 0.2800480769230769 0.7475961538461539 0.04927884615384615 0.13341346153846154
2 0.9278846153846154 0.5709134615384616 0.04326923076923077 0.04567307692307692
1 0.37740384615384615 0.6887019230769231 0.021634615384615384 0.11899038461538461
2 0.7524038461538461 0.6971153846153846 0.02403846153846154 0.109375
2 0.8389423076923077 0.6995192307692307 0.026442307692307692 0.10336538461538461
2 0.9038461538461539 0.7235576923076923 0.056490384615384616 0.08774038461538461
0 0.9651442307692307 0.7355769230769231 0.04326923076923077 0.08413461538461539
1 0.8882211538461539 0.8942307692307693 0.03365384615384615 0.10697115384615384