3 0.18028846153846154 0.040865384615384616 0.019230769230769232 0.08173076923076923
0 0.30288461538461536 0.06009615384615385 0.025240384615384616 0.05048076923076923
2 0.4326923076923077 0.0985576923076923 0.021634615384615384 0.09495192307692307
1 0.37259615384615385 0.19951923076923078 0.026442307692307692 0.0829326923076923
4 0.19951923076923078 0.2980769230769231 0.03245192307692308 0.08653846153846154
4 0.18509615384615385 0.49158653846153844 0.04326923076923077 0.08052884615384616
1 0.2920673076923077 0.4963942307692308 0.021634615384615384 0.09495192307692307
1 0.7884615384615384 0.171875 0.040865384615384616 0.11658653846153846
2 0.6778846153846154 0.234375 0.025240384615384616 0.1045673076923077
2 0.7475961538461539 0.29086538461538464 0.026442307692307692 0.1045673076923077
1 0.78125 0.2956730769230769 0.02283653846153846 0.08533653846153846
0 0.5588942307692307 0.359375 0.039663461538461536 0.0625
1 0.9266826923076923 0.37740384615384615 0.016826923076923076 0.10216346153846154
1 0.8401442307692307 0.4387019230769231 0.039663461538461536 0.09615384615384616
2 0.7848557692307693 0.4639423076923077 0.027644230769230768 0.10817307692307693
4 0.5997596153846154 0.5264423076923077 0.02403846153846154 0.1045673076923077
4 0.6766826923076923 0.5504807692307693 0.036057692307692304 0.07211538461538461
4 0.6430288461538461 0.5721153846153846 0.05048076923076923 0.028846153846153848
2 0.3942307692307692 0.6057692307692307 0.038461538461538464 0.03365384615384615
0 0.22235576923076922 0.5961538461538461 0.026442307692307692 0.014423076923076924
2 0.3173076923076923 0.6598557692307693 0.028846153846153848 0.109375
1 0.057692307692307696 0.9350961538461539 0.038461538461538464 0.125
2 0.6370192307692307 0.6862980769230769 0.021634615384615384 0.08653846153846154
3 0.8557692307692307 0.7175480769230769 0.037259615384615384 0.078125
0 0.8161057692307693 0.734375 0.036057692307692304 0.0673076923076923
2 0.6370192307692307 0.8365384615384616 0.025240384615384616 0.10096153846153846
4 0.8461538461538461 0.8509615384615384 0.038461538461538464 0.046875
2 0.7680288461538461 0.8533653846153846 0.03485576923076923 0.0985576923076923
4 0.8545673076923077 0.9170673076923077 0.039663461538461536 0.08653846153846154
1 0.7644230769230769 0.9495192307692307 0.028846153846153848 0.09615384615384616