2 0.3329326923076923 0.2776442307692308 0.020432692307692308 0.0889423076923077
4 0.013221153846153846 0.3317307692307692 0.019230769230769232 0.08052884615384616
3 0.07091346153846154 0.3401442307692308 0.007211538461538462 0.09735576923076923
2 0.3605769230769231 0.3641826923076923 0.015625 0.09495192307692307
0 0.18629807692307693 0.36658653846153844 0.030048076923076924 0.06610576923076923
4 0.1346153846153846 0.4651442307692308 0.020432692307692308 0.1141826923076923
2 0.2860576923076923 0.5492788461538461 0.030048076923076924 0.08052884615384616
4 0.10336538461538461 0.5865384615384616 0.028846153846153848 0.057692307692307696
1 0.2764423076923077 0.078125 0.021634615384615384 0.0829326923076923
4 0.20673076923076922 0.08533653846153846 0.03485576923076923 0.07451923076923077
2 0.8629807692307693 0.026442307692307692 0.02403846153846154 0.052884615384615384
3 0.5336538461538461 0.07572115384615384 0.02403846153846154 0.09134615384615384
0 0.6730769230769231 0.10817307692307693 0.03125 0.07932692307692307
4 0.5048076923076923 0.13701923076923078 0.020432692307692308 0.07451923076923077
2 0.8245192307692307 0.14423076923076922 0.02283653846153846 0.10096153846153846
2 0.7055288461538461 0.22235576923076922 0.028846153846153848 0.0889423076923077
1 0.7992788461538461 0.30649038461538464 0.026442307692307692 0.09735576923076923
4 0.5961538461538461 0.31009615384615385 0.03125 0.06370192307692307
4 0.484375 0.5625 0.030048076923076924 0.09014423076923077
1 0.7884615384615384 0.5637019230769231 0.028846153846153848 0.10336538461538461
3 0.21995192307692307 0.6634615384615384 0.03125 0.09134615384615384
4 0.03125 0.6742788461538461 0.038461538461538464 0.11298076923076923
0 0.26322115384615385 0.7091346153846154 0.039663461538461536 0.08533653846153846
1 0.39903846153846156 0.8004807692307693 0.020432692307692308 0.14543269230769232
4 0.1814903846153846 0.8858173076923077 0.04927884615384615 0.11778846153846154
4 0.5300480769230769 0.8629807692307693 0.019230769230769232 0.06129807692307692
1 0.9951923076923077 0.8918269230769231 0.004807692307692308 0.10096153846153846
3 0.43149038461538464 0.9423076923076923 0.014423076923076924 0.10336538461538461
2 0.5985576923076923 0.9603365384615384 0.019230769230769232 0.07451923076923077
4 0.6586538461538461 0.6670673076923077 0.03245192307692308 0.06971153846153846
1 0.7223557692307693 0.6814903846153846 0.025240384615384616 0.08653846153846154
4 0.5492788461538461 0.7848557692307693 0.025240384615384616 0.0829326923076923
1 0.6778846153846154 0.8221153846153846 0.014423076923076924 0.08653846153846154