2 0.26322115384615385 0.20793269230769232 0.020432692307692308 0.0889423076923077
1 0.46153846153846156 0.21394230769230768 0.014423076923076924 0.0889423076923077
3 0.003605769230769231 0.2704326923076923 0.007211538461538462 0.0985576923076923
2 0.29086538461538464 0.29447115384615385 0.015625 0.09495192307692307
0 0.11658653846153846 0.296875 0.030048076923076924 0.06610576923076923
4 0.06490384615384616 0.3954326923076923 0.020432692307692308 0.1141826923076923
1 0.4675480769230769 0.44471153846153844 0.020432692307692308 0.09495192307692307
2 0.21634615384615385 0.4795673076923077 0.030048076923076924 0.08052884615384616
4 0.03365384615384615 0.5360576923076923 0.027644230769230768 0.09495192307692307
1 0.20673076923076922 0.025240384615384616 0.02403846153846154 0.05048076923076923
4 0.13701923076923078 0.027644230769230768 0.038461538461538464 0.055288461538461536
4 0.8641826923076923 0.021634615384615384 0.015625 0.03485576923076923
4 0.96875 0.021634615384615384 0.02283653846153846 0.03485576923076923
3 0.8485576923076923 0.07091346153846154 0.019230769230769232 0.0733173076923077
0 0.9399038461538461 0.11658653846153846 0.02283653846153846 0.042067307692307696
2 0.9795673076923077 0.13942307692307693 0.014423076923076924 0.08533653846153846
4 0.8088942307692307 0.2824519230769231 0.027644230769230768 0.07932692307692307
1 0.9026442307692307 0.3004807692307692 0.02403846153846154 0.09014423076923077
4 0.7331730769230769 0.47596153846153844 0.03365384615384615 0.09375
1 0.8028846153846154 0.5048076923076923 0.03485576923076923 0.08533653846153846
4 0.30408653846153844 0.6742788461538461 0.021634615384615384 0.03125
4 0.3473557692307692 0.6862980769230769 0.03125 0.055288461538461536
2 0.5228365384615384 0.6947115384615384 0.036057692307692304 0.07211538461538461
4 0.39783653846153844 0.6959134615384616 0.02283653846153846 0.06610576923076923
1 0.4110576923076923 0.7776442307692307 0.018028846153846152 0.09735576923076923
4 0.25 0.9555288461538461 0.02283653846153846 0.08653846153846154
1 0.3401442307692308 0.9663461538461539 0.03125 0.0625
1 0.9098557692307693 0.7067307692307693 0.02403846153846154 0.07451923076923077
2 0.9278846153846154 0.8197115384615384 0.025240384615384616 0.09975961538461539
1 0.6454326923076923 0.8449519230769231 0.026442307692307692 0.09975961538461539
2 0.9555288461538461 0.9194711538461539 0.027644230769230768 0.09254807692307693